"","V1","V2","V3","V4","V5","V6","V7","V8","V9","V10","V11","V12","V13","V14","V15","V16","V17","V18","V19","V20","V21","V22","V23","V24","V25","V26","V27","V28","V29","V30","V31","V32","V33","V34","V35","V36","V37","V38","V39","V40","V41","V42","V43","V44","V45","V46","V47","V48","V49","V50","f","n","k"
"1",4.16649318318317,6.63538958242393,2.44638051822356,1.80842842997135,1.82164630731709,4.45641232886783,5.12515554100994,4.47716187038607,1.69669894164411,9.29647642616963,2.28943258779871,5.56227610239933,5.19236524147553,1.9189794465126,2.0978311438324,6.18566689201369,2.74630141530651,1.46490155137193,3.49380095737806,5.33845335817889,3.65811483449784,1.95216159732583,1.69015971986823,5.35520571240203,1.99920343312394,4.03622082465636,1.04973688513806,3.76412392398853,6.12386305102154,2.54907092171927,0.927464301513864,1.42169210290948,3.64522357331967,2.47725817662777,1.89114818590679,1.53810895435795,1.55970804874164,2.58944202122591,2.22867739792782,0.932876434536106,2.53269105317605,5.4171376442298,3.22741071248515,12.1406095804957,2.61747167043801,3.05765495490617,8.79395763389422,1.66660077095589,5.82863008076096,3.26153631405264,3,10,3
"2",0.48899830677541,0.857332313665715,5.77253847647307,1.53561304839373,2.61519487413981,1.84975664826014,3.28826789092541,2.35160296517352,0.989723552229056,4.72381153715031,3.18534724607307,6.98977701604233,2.7451936988278,3.5947699612148,1.30993446042275,6.56527591770441,0.793373915257945,2.34178307149249,6.1378478647504,3.57661897673176,2.37011477595517,1.95121166866062,0.904425245635811,2.88660411417243,3.29630503694461,1.5181809487942,1.01586803574159,3.54023173694625,3.20745115687341,12.8681323875273,0.852250018739852,1.9311893147179,3.25269392060787,1.73459689995678,0.984423968305947,3.38702548588244,0.550446777024798,4.72012765765334,0.613862450477978,0.547689392460607,0.959484002273756,3.76087449847781,5.57622739612097,1.40428469625559,1.95700411469798,3.07555071232442,2.47958825984844,1.21379005828722,2.66153038656829,3.29082157153316,3,10,3
"3",3.70707013021219,1.68895477411183,8.48380978832348,1.53794565202745,3.92968839915667,0.760707052315524,2.95968696932721,4.54512019394006,0.771416347575949,2.92728733431797,0.65130671951072,5.03349029688021,1.0157577299992,4.53628724461699,0.659314447934755,6.91492657512595,2.44526940633907,0.504848844112333,3.7443092311744,7.06413016966027,1.88992472978561,2.51323792500086,0.771896474318637,3.16969058501704,1.88150337143364,1.68283781709825,0.866022327436432,2.41774215725886,0.882873051105111,3.06030843436193,0.778340391925209,13.122910392602,2.94958364901851,5.05239989528427,1.55142546197734,0.823238769477646,5.07794886807413,0.760282233892276,0.873037161801131,1.4204061086053,3.38610447443454,3.01056464658105,3.09252757948604,2.27674653506873,3.30674434371642,6.39888996960467,4.41502356376632,1.08383947296836,3.5253713569153,4.41794849282879,3,10,3
"4",2.99176395610267,4.57042388071206,3.23365044166569,1.88039314881354,2.24984635276348,2.31324431317406,1.80841505611417,3.15238374557415,0.648475556047563,5.95803246531293,0.969953021625088,2.724092115475,2.95033603234605,2.4527341034562,2.30363761924419,10.13223571642,1.74713669156039,2.06903378750304,2.57199296481339,3.76684530399329,1.22556427872665,2.56136913066269,2.60850372515133,2.34769262482969,3.26812173873556,2.15607329928518,1.60718706690402,2.38196248615537,1.0896841422766,3.92448252444455,4.16345729992559,1.54011722112421,4.39172592065816,6.28685247238509,1.21120998337393,0.57146038286371,3.95922252851939,3.85241465722006,1.09592924740315,2.27161084364607,2.83884336082633,1.61481402734709,2.07635146820693,9.62676763689669,2.68998834363519,2.67997791039513,2.31164110738563,1.00656262022144,3.03946788098423,2.28535042476953,3,10,3
"5",4.46182601751256,1.33623359071972,1.31033766168804,1.18410354637257,3.8942054659225,7.15668124776715,6.38026079371685,2.24075898134038,1.48924549356587,6.24529943443238,5.11735146412826,6.34293452586672,3.10071817924301,0.588314997647127,7.3932680176045,7.48548422890125,2.2196900607814,1.46272797229871,3.42677553040098,2.3067895733058,1.27916713217115,1.32309063038925,1.00067807068332,3.78090500543732,3.14452644479783,2.48101816866885,2.39567803734398,2.59742292945674,6.5435618763729,7.33257364885559,0.696401058758532,5.33162068907087,3.00288736928491,4.19667905173288,1.42939399595891,1.75968969604447,0.959522765130233,4.44970230675067,1.93220618630871,2.06433336397542,1.35537461348784,2.46238356269805,3.54802490173023,4.50744514284848,17.7666543877112,2.11536399485762,5.05463704124848,1.0447300289958,2.38922435993934,2.64458033729131,3,10,3
"6",3.29573238050056,3.28757813643684,12.9277654289967,1.31407091574073,1.75463685941618,2.13874575481821,6.28098769252709,4.39572890787863,1.64504653465526,9.16001406041887,2.21626507456639,3.83720121482434,3.24203950771675,5.01786723132334,4.00098938897003,3.42932981103432,3.13465788872149,1.45542825728017,3.6989718370926,6.61440427025495,2.01124937593045,4.09992798108644,2.08507944895534,5.19478293580028,2.46656155846259,2.41703367892418,0.423901644485472,2.15544265500356,0.830954873037167,4.44937662288993,3.96039723570159,3.85082621001894,4.84276710630689,8.26446677169266,1.11642802693467,0.5571492139448,5.11612512519331,3.90053168310497,2.08391044725714,3.05097462339342,3.17076841624538,4.79279358024643,4.01245242211829,7.05397516888566,1.45664875064278,4.46843412904749,4.09082988009561,1.72962636522117,1.44511625826115,1.88293919005581,3,10,3
"7",2.16519913791469,4.30723485830943,11.7507570174599,1.30974299218061,2.5989261108318,7.69665612966275,3.98958322441774,1.24013453116663,0.629553481846696,7.78332989237178,2.85952935127372,2.44585691245606,5.07755715754437,6.29185292896699,1.52639519761307,6.4154458844006,1.30478636480586,1.76311633506946,33.3658824780208,9.04175041095978,2.78092148274412,4.46728929261176,0.80754977834712,2.15927631257365,3.6672071160164,3.33460694008612,1.29901060270844,2.3726118633362,0.571284618436964,5.3447709258763,0.921647881776645,2.78682721533496,7.98592063162208,7.01068958464968,1.55320026625416,1.60935589060279,4.806924134404,3.28042528913875,1.34316589288366,1.01862261952068,2.43384803356855,4.56378591276856,4.35844478208226,3.062594800293,8.33463599377737,2.95981189279172,6.67790414555087,1.01615691149717,3.10242085821903,3.79490672491509,3,10,3
"8",1.98243550110439,1.94100317620017,2.185683321624,1.07281966938298,2.03486628618611,1.09123438255237,4.422706702647,3.16649267088269,1.58880066607882,6.07783559082674,1.66381557896395,3.21493049737051,3.85987149252652,1.62767311022526,3.1050263698355,6.53235287274695,1.73077307091182,0.691115990634136,2.3487646411745,3.90283708633158,3.28747197281462,1.45985134926284,1.25809992292017,6.25307468187281,2.85234417398382,2.48187568950848,0.338125176456036,2.46578108925214,1.41930245254584,2.48903836161858,0.614475113670529,2.23578180735966,1.99802189700687,3.67074500300031,2.96528726717789,3.4006197608591,2.62913878904011,0.778685173363147,1.43578233412541,2.06264936798481,1.7251792794515,8.13519734945393,7.61190152867117,7.35683429262207,5.17286660940868,2.03924978904331,4.76939830729694,0.790377984094359,2.06976839139125,4.09208341531587,3,10,3
"9",0.859693811143016,2.31445306173454,5.36310176232693,2.02419558500731,5.21007141101724,11.9663113141967,1.69575676202775,4.03273168707052,1.81902905956909,15.43626495845,13.9323538904153,8.15671638209411,3.42776661221761,2.59095450818597,2.9090904175087,4.24212723344568,1.36788391077407,2.38653173551565,7.97531422733203,7.37913557851957,1.00710161512494,1.71200356224906,1.89779846944484,1.97037936362727,1.06028300051211,0.44818397054132,0.575171110378993,3.08463667425304,1.34614199506293,5.05585091881151,0.470798837012446,11.9253073144467,3.07894343284453,1.3102292776871,1.68139526451491,4.20801828628997,1.1190034905502,4.39211100943836,2.68998563605171,1.81760428825842,2.67043015521053,1.77734367728102,3.74441756891629,4.94414087814122,4.00531415762964,1.76169424472588,5.77531654369201,0.139836444809493,2.07605229143776,5.04130418529761,3,10,3
"10",0.590539668724278,0.831771557131843,5.97310447977116,0.923101427477875,3.35939037028034,3.7276312223071,0.781236771162106,1.77732899983514,1.74304716814164,6.00364897976602,2.64661084388741,5.85947622831795,1.66556539021832,1.77529925989067,3.64651797764528,4.06576882937323,2.07158094705123,0.878608404875088,5.53852326255842,5.36418091515561,2.48891936237484,3.93600924084877,1.44757474069505,2.88236622698562,2.14497205237471,2.67147604915118,1.39864766517224,1.24278468223695,1.09541474256816,1.57698722450632,0.916953332565043,1.84818505237825,4.49070664695548,3.01722437867363,0.585295415975954,1.86693719625044,3.81211788501549,2.6622955676355,2.67507697171842,1.50917224275995,1.82932441440112,2.13177599863068,1.86100282520746,2.1903612664295,1.64620359108566,0.892806372122772,3.50525255647352,1.1434804452839,3.87774267846548,8.22517953815372,3,10,3
"11",1.14401021243823,8.23220945857506,1.67847979622509,3.19111032040259,4.96108874210451,1.75463818195726,9.30473604158299,1.77553481692861,3.26514533096948,7.84432214988916,2.8697293924843,5.07814545061299,1.95613198809615,1.08210923970443,2.9320990762288,5.65801315404509,1.71058206359482,2.08453669716691,4.13280961836396,5.82867529034712,1.8613055643366,1.35158472814806,0.387241467701384,5.92849083999805,2.78627195719597,5.21971736373185,2.62012430005091,3.69935261054579,3.01895924479771,3.67812326405024,1.01050258546465,6.12339200725182,5.73835734432429,6.34660592401866,0.500601748304761,3.35143646862279,3.92496522583383,2.84641604853727,3.91985533772858,0.699227508106304,1.65520252617439,4.23268721825174,4.37675642596861,12.7341724367892,3.03859668550631,3.71205398690554,4.67083822485445,1.85706894978908,2.27859380025737,1.49128526520444,3,10,3
"12",1.07051068328507,2.83876029617533,2.83878375827224,2.08207284719598,7.30561779336866,2.72187593013172,4.23321978284575,3.1035073920543,1.47590468345135,9.48873141409183,10.190204835959,10.0828674140629,4.55476565384101,1.2814632853659,2.47066742119526,6.39508419638992,0.951590198519083,0.47246980888485,2.52006815779209,16.6857604564846,1.99247714803658,1.2477903606911,0.935651504326396,15.2509043337045,3.43504019772468,8.8446940771986,0.278592316092973,5.14597691936429,3.42701449532724,2.48421601445312,1.33722967846982,8.72499933557731,5.89406630988748,5.41383381450325,0.357645605934476,4.05286955818195,1.82752904838534,5.16379352435181,1.03674752796877,1.02066752293598,3.09866109882711,2.95659383803313,2.71324310658446,6.84090406602023,1.03661879038856,1.85963750462644,2.4266822038416,0.755285712054508,2.28127873684643,4.69214353286029,3,10,3
"13",1.70358285275177,4.00913218452973,1.76769095703355,1.98954826342145,2.7708955183128,1.83622961925201,3.07898850420139,1.21745090981231,1.4737457777546,11.6777233396835,5.49898673615486,5.93626123690053,2.16882486827354,3.21866836925114,30.3081447275192,8.36050479424739,4.25891639561496,2.39131511188506,3.14707281446537,3.82867830961254,0.962245969194123,2.90410324481466,0.788711995929837,4.18392927282947,1.28092682761711,2.38686306959151,2.23470142916961,2.98675734465886,1.70058133385146,2.45597301477042,1.09597917139961,1.02199422748374,3.37803983163484,4.49312068281382,1.12606782486262,0.972872449981458,2.86598893473011,5.88290205786523,2.17481354406398,9.94384372670206,2.11525576210169,2.20390862248921,2.15885493035334,5.39374964852648,3.04878813885355,11.2779941312868,3.18383437048033,0.585826529467106,2.02900939574026,2.59031461540685,3,10,3
"14",0.6428099034318,2.58340702007513,1.99319109886595,2.19010852717747,2.66743770847482,2.51656449095307,7.19802343883152,3.19930515430831,1.44420161994376,5.72452440033286,0.762368449092358,4.46088664193544,3.50608952106221,5.40689236851389,2.63527717633753,5.14988610413594,1.13023465361454,2.07731135863861,7.24769628425684,3.46082106820827,0.791743589394771,3.9617387608701,1.28627025474081,3.48298307620459,1.66918533702088,6.09813892458049,3.87026587656801,4.13848746939039,3.68488650919169,3.93319086862599,0.92933007681242,2.82287893537939,2.6831482645437,3.21491929140201,0.735404561273663,4.02628368520294,2.79265667410733,4.03602854452372,2.56710124103757,1.558634831216,3.30242561980456,7.89709686707597,5.02266540409621,5.6900273055414,6.77516766875896,2.8518483736769,12.0852214440834,1.50422922226283,1.97911157983979,3.31382171308236,3,10,3
"15",1.53137487119452,1.23387175324141,4.56172594988025,1.4425538527034,3.802116117181,5.86194061600577,1.6653040752009,2.21551459564618,0.798470703210458,14.2752780305109,2.02170847765555,9.87362911207744,2.792945344468,2.07157588309936,2.86579555892092,3.44100894107668,1.56873370180271,0.450027028851682,12.7466693096173,5.26244452528657,2.67228551836569,2.38763919916646,1.31702317500947,1.82089294516682,1.2688690762428,1.67367052759923,1.20692247022747,4.14101376564815,0.755494421602264,8.39127595862155,0.595428599319763,3.7011186513554,4.67483492518178,2.96552460870832,1.3374699786237,3.0773083225493,3.68332575216326,3.74027247673185,2.43589806767095,0.185054435895439,1.01597419737071,2.42659862900577,2.01965637462932,12.2573601464908,2.40248217096,2.39079868913419,5.04727351649783,1.52419111178026,2.84520379028338,5.0291456029906,3,10,3
"16",1.37388509002437,3.22321878905276,6.413474020095,2.15111010756882,5.59277186515258,3.99272125384871,1.26303258513268,2.32841147563957,0.955090624281494,3.83092670418766,6.57340729475362,8.60101040096576,3.66369860048817,1.10333813565496,5.41913486902113,5.16056738580104,4.68166143157542,1.11737459269581,3.22962231933996,3.12382499451463,3.31316171984577,1.7752071898058,1.13777386798052,2.2794922741409,2.88604909386109,2.17373219001342,0.906893363057917,1.88535981496702,1.10251044705196,1.37632119849385,0.813927520417047,7.62039219344282,3.39128444598646,8.74095586776386,1.88043657096021,2.31883564410696,1.18949806860387,0.79251586408466,0.960166702212862,1.60191262784488,5.65715118264686,2.14087745034448,1.4305528935298,6.90114391663033,2.41830243340598,0.920979283310874,3.71685100617924,1.91412673578354,1.51295315453826,2.73186920424446,3,10,3
"17",1.57990635986738,1.48492701613059,8.56876085388409,3.67514578363864,1.46456636702611,2.58974657235367,2.00860539588667,3.1933138716413,1.46223012812528,7.44374980644166,0.646921095694771,3.61599904860303,3.41206817292681,10.3950721905795,5.97549657638855,4.72506689773453,2.91933748802784,0.922177295993347,5.02497134906922,3.4416783406734,1.16433769280939,1.64848870054569,0.13791880079909,8.00069006675122,2.85941913412397,1.88962249844942,1.39060470377945,2.61317629471976,0.824038435597842,2.97608735747958,2.80773267249264,6.21600267756294,8.21902392213919,3.06105311980911,1.48843387201907,2.18797467948978,10.6462739456284,1.04166920029743,3.17798591931205,1.52493459235833,2.00583135912074,5.95153029869361,4.10131700227095,2.83979537077847,3.3773913332703,1.79031068167011,4.93640868326986,0.904968974214145,2.25143916219166,3.67113209920305,3,10,3
"18",2.59673380899196,2.5219258871722,2.81953341241489,2.08299674404688,6.16946559107126,2.71114442425214,2.98477078905354,4.61576829334235,1.31362729852184,2.99765177495421,1.63305301831325,4.01721163537921,3.1223916073678,1.47160776659543,2.86282758684733,3.74455999595639,0.997330655849923,1.17578978809151,4.17102311043937,4.45632139757942,2.98116891790743,2.7360324615677,0.555708813996875,4.00514001439131,3.96983159399056,2.43086866305991,1.9788025670054,2.43389369466982,4.39063184308828,3.47645706256946,2.90545561314528,5.47356173166365,2.98409607483406,5.05344217036609,1.13261420185365,2.2389501164816,4.84101069883247,5.11876569388498,1.98811282379487,5.11682718835249,1.60660543984357,2.95681895117344,5.68871577533437,4.28479743290175,2.38675315131856,2.03950245499953,4.04510569068896,1.20771737763841,3.0283370969364,3.54615667381717,3,10,3
"19",0.841727742183093,2.58706229031776,0.882675195083386,2.78277837142044,2.43261889009161,4.71238481629545,5.53178036971962,4.64794459659962,2.35781966877188,12.8844987683534,1.72297694972903,3.05712153376415,6.50158989377111,1.50073018059272,3.44169682142133,2.79460769715812,1.66383383301537,1.32526475982215,3.37915217292349,4.79539868404575,2.28180529611849,4.18990521652675,1.13515777870463,2.40129213602446,5.27531670940575,2.84263214249396,0.68657825608676,2.82414685939513,1.74043743973213,1.62113968306328,1.01179705982135,12.615097478736,2.98697543704096,4.94127723272764,1.23574417934527,1.51222177649573,4.25634751170983,1.34682123514802,0.542222643907562,0.97847183679123,0.941568095961328,4.4117161147456,2.6660904033441,3.16784154149039,2.81753166094886,4.86466147411414,1.86770715768005,0.305269285854643,2.49344835629733,5.92639831414559,3,10,3
"20",1.18071004711643,5.16895512681122,1.83244351174636,1.16558285044529,8.49222350871718,4.26125827819803,0.723838045897075,1.98345973405253,2.06555807997363,2.02075570123511,4.09042619837733,4.07803028137918,1.678025831214,0.931126875783468,0.738492230339328,1.88497016868091,1.37139180622619,2.8654696833775,0.415834086252327,3.62557120833299,2.0777736097481,4.58872926467338,0.937103760896247,5.61035745782912,1.91553833248894,2.59662889297585,0.780334185934845,2.52266683309405,2.58221709417945,3.8523144841914,0.398849716976951,1.65634823143288,4.21509104490491,1.55013989354581,1.35698194169754,1.02641624161253,1.21587058629006,1.88350770791488,2.26218374107365,4.10092180891204,1.09268844185123,4.18946205491258,3.89220031052158,2.97231757040392,2.2714479961581,1.66524605023969,3.63191301119013,1.32504414583199,1.5690419551246,2.28391244349816,3,10,3
"21",5.25033370948042,3.84538596190155,2.7227802969447,3.35448106309283,8.13167839179025,5.02999280988566,2.57910608627336,3.94950199022929,1.17564586079753,12.7796569546721,2.46083182799454,4.19846242850349,5.02072701290502,1.22131335076813,1.10051462842835,4.18654581127597,2.54225494041266,1.83371830285155,3.31089333125545,6.44527986612746,2.86333031419255,2.49588287587301,1.59442814691142,5.55475219043094,2.04253254367803,2.69157145794672,1.28132804861176,2.23171398661253,1.67777940172916,1.42932179784162,1.97448864576175,3.28295963883435,3.34325511072132,1.47568704632056,0.624187839094511,1.45318366997966,3.99028277011926,0.991404890195804,1.46296484860074,2.51048774266452,0.998857872064086,3.37630167835922,3.25339111782479,5.11696163876996,5.03608630295072,1.24634800949195,2.6675503687568,0.610816126433981,1.05593513022207,2.87188276104307,3,10,3
"22",1.90975702301584,0.661575571062979,4.80516081194666,1.73228885660944,2.87863824527979,2.11368206937282,1.82503009445881,2.52250695535735,1.30737087419667,10.4330559519254,7.91636648660982,4.23915677338194,1.91947184269889,1.52120437582707,1.55263212017701,4.37739164593509,2.70531859998154,1.03920111000639,6.63246907652083,2.41349259447135,0.422713528737963,1.29420976920755,1.27832992618865,3.12140655736403,3.57334998212536,2.50227768472149,2.21719546524312,3.31116802156341,2.31950106879648,3.46720300974654,1.69431653890581,3.61610899836336,2.99663613049191,3.72914582131034,0.274187403045223,1.64409014067373,2.28536639004121,2.26715144021493,2.38942317184421,2.21875203215173,1.62761285250783,3.77763109921762,3.68817457435883,7.87868396462754,6.34954190022042,2.09395375975506,5.12094912413623,2.44179158167627,2.00349164874148,0.95283474667912,3,10,3
"23",2.01677330566702,1.65342522036707,3.90259686887695,2.20092045769124,5.23628032866366,3.11694463941543,1.86593731656697,2.83801158193101,2.08274450205943,13.6195962297007,0.479106815444038,9.23388662846013,1.07296045379318,3.0873722775926,1.60597732513397,3.39415929564093,2.27026491752835,2.36843928685758,4.57145075400237,4.16479232326293,1.94136129851857,2.86937610607302,2.12427542325058,5.11101150612329,3.31954209515305,2.98533599751641,1.72550620374831,0.945047562320143,0.706328273425401,4.94913582985793,0.315070561802364,2.30302654443641,4.03494013957854,3.45795761582239,1.29239919120389,3.60433182849922,3.05065279147798,1.55396808337303,1.49759803730037,6.18223680196221,1.44379358098446,1.53029744508574,5.2427459239352,9.97179311420821,2.8964414338278,1.64895298907175,4.55506174221272,2.21226340852933,2.29171712034643,6.2322916792937,3,10,3
"24",0.706537397130484,2.77811092993488,4.00445495795614,3.95469794664273,2.99086339094887,4.28115348228678,1.13820595961608,0.900247603130557,1.57758798777468,3.98589513899959,1.94422704555694,4.98221142193829,2.82535716460247,2.43517782693382,2.13148902883562,3.65500833164193,1.05721535094309,1.10401458320609,4.51595539588988,16.6229281578616,2.13890342467415,2.25932962783646,1.07969033408471,2.93008312934633,0.896537366319496,3.00451637977901,1.00775055649508,1.62632733741169,0.659157920195498,5.32300832322403,0.761797782716358,1.39290052069935,2.81476713053323,6.58460821149688,2.49733431769634,3.74755574310752,2.06719673945735,3.16337318154089,0.675129723919586,2.46234798191027,3.58736984036723,2.60080136779263,1.49573239856779,1.99895942745217,7.7455620260422,1.43286469250005,3.02657143730462,0.505153977239401,2.3663813368949,2.77158530016707,3,10,3
"25",3.5679415925776,0.604206539228661,1.40372322356691,3.46603031266185,6.54131572713559,2.84978923126789,8.09149668418608,1.89843372968766,1.37563884836801,3.49206060874261,3.45285824528785,3.51820670565254,1.43903887929279,3.17232517182023,2.01061559841313,16.3337650234175,2.58810779609928,0.237060114095578,3.13863509204943,1.77297026357343,1.71316272364459,2.28788173800166,1.72260083310511,2.88008491119788,5.993889499449,2.33977405001458,0.69116999884761,1.5216751916389,1.00340159620596,2.29149814667644,0.427780690378984,3.44655698086809,5.30093373475572,12.1017442265291,1.87853957059345,1.45578293493081,1.98382004754381,0.15953768059265,0.535340409958157,5.06799220253672,1.16265869470024,2.90669891471163,3.28760682654876,5.31483033442072,2.51070995980935,1.35867913838215,4.52159990161244,1.85492485821802,1.26155721933753,3.26476510034235,3,10,3
"26",0.729270889322484,5.23505854641349,2.39256382020978,1.38057113422304,6.13775358762885,2.46030404161308,1.32163008783896,0.379316354648805,0.451216312945817,5.29233372847395,7.51427890634652,2.18333067305179,1.40046287054321,2.86819981307803,2.89115298185623,4.87516184188652,0.659072898902109,1.12074067571298,5.0106236369044,6.45760610930777,1.39728888114738,0.568237986230632,1.62439031414439,2.476753951344,1.76787123655339,2.78622358669478,0.597578871096859,1.57027455810809,2.50253458387694,10.5736246854029,0.876038577159813,2.69509653975797,4.17778526166035,2.65155065873782,1.53597592994043,1.77215888012379,0.980423202127653,1.59344468331813,0.66235311011098,1.88996969472408,3.81412199433485,2.67425352106131,6.3915691718154,4.40690228019285,2.29409255195784,3.37340539026031,4.29153506019255,1.60768118073188,2.33337634159326,11.7172442401006,3,10,3
"27",6.90922446564206,3.22665699385143,8.93477725996451,1.30922937295513,3.55326434499114,2.52342821736257,3.82144062844288,2.35149680957902,0.754877407225029,6.17302806673226,12.3979593995377,6.12814676204984,3.73485658417737,1.13047525539625,1.07051609192254,3.78753674547201,1.14248649709523,1.89471415365431,4.19541066676639,4.16543914473334,1.20208314191805,2.08860968107798,1.18633497520837,4.28095302020776,3.34463063369034,3.03210532770678,3.47080438699798,2.47437594682626,1.57017307418636,1.96627471019437,2.43520816154745,13.9200637791885,3.10724171674797,3.82428796277051,1.17222895185958,1.23744152922196,0.872462164524731,4.33292909215835,0.433359565362054,0.813352739034816,2.08432265124446,5.49328713439439,3.46869873902152,2.83395093741437,2.08758431581328,1.84163384176782,4.97075508029884,0.875997910458291,3.69217465124506,6.22875084193389,3,10,3
"28",4.33227585577714,2.83174617514749,0.980533978228048,1.37552238113255,5.10283771005784,3.13262750951232,8.90780929186988,1.71481211164336,1.27133061738468,2.69404101189683,1.92190692521493,6.91454313806408,2.50907690012736,3.9458722069882,3.34297186686454,2.3996464258561,1.79951905552895,1.87110930508545,3.85501353375564,2.91578477955971,2.12083377259654,1.72168310250999,2.01069060670114,2.76721599447171,2.22607549106116,3.64948230204019,1.45473675958601,1.99464675755933,3.40049106322533,1.93530384062475,3.90917726842307,2.87028559519954,2.79779271156437,2.85419518639868,0.391845862595266,2.76772044616085,0.795459610809886,0.355281395192303,1.27492323546301,0.522855560389023,1.57087298735866,2.81430615289021,3.17432861757251,2.45269665728885,1.69616496227051,2.62243756720046,5.34623494954085,0.303991684070732,2.58188125644496,6.85805736421327,3,10,3
"29",5.72283872160228,3.9502903353985,1.21878825186331,1.20721820665395,3.11252995428552,3.31971900715785,6.00268227218382,0.37381286370098,1.29041884578743,12.4536913332333,1.8266826500029,2.41338468018021,1.40966117360994,4.42312048023008,2.94045228028295,5.78667409336688,1.13619023205639,0.705946255092072,6.33774262136226,2.69137340441587,1.32644684212427,0.819206192860617,0.413313324279771,3.88690618939211,2.22281637407323,2.18867429438974,2.31402403797938,2.41561474559306,1.49358848684143,2.453932532355,0.351741907294249,5.40353878157261,6.94032202117851,4.07668735583332,2.83550728456096,4.28777600436246,0.336362106098136,2.78601302311535,0.258535823899004,6.92989337013717,0.935386839175554,3.77089459616703,4.55212306523761,3.07147208617065,2.52395462032552,2.03325821555983,2.00116064860159,0.660415549054403,1.91511443338042,3.80937885584577,3,10,3
"30",5.14172156484454,0.882020797783016,2.68580195540314,1.77799415040166,2.65073834700751,2.75165350978529,3.17939306951022,2.95303353874102,0.811405503424576,12.4485471507141,5.39698590795741,2.68697390550662,1.47938545334813,6.93451923106352,1.34684203412491,6.52273565574349,0.569632975616282,1.56221077406413,4.45999693705632,16.9218523628275,0.960946406766608,2.26105687375592,1.84335275865811,5.77440162746543,3.28618632394385,3.9173923209783,0.8615557751788,1.80645134473719,1.39703145910567,2.55010100993039,0.93101207692026,3.35416501681687,3.25776819302623,4.48406498515396,2.76479952678477,0.994936333070367,4.3253105478193,2.17977189634411,2.0165560330344,1.17626754552566,1.21557955011828,1.64452791199666,2.78253133237298,3.87235675168619,3.2917215662387,1.8193994608211,3.64358162988945,1.16363387246162,1.7853206003987,1.53457564627335,3,10,3
"31",4.26745023746554,2.51641381848019,3.91520187153041,1.00158783711695,2.87966259153327,2.50537976194222,2.97514115846407,2.64850751489832,1.20227443999987,5.56684206952604,0.70909835948135,4.14256691227517,2.83514075517923,2.52529123500948,4.40174975508182,6.60832356314565,1.27254642437325,4.14703025589703,5.93543340433161,2.49176119405064,2.27782134403099,1.41604997461025,1.19796488071438,1.97703004266582,5.24793932693515,2.58852009503917,4.45154273394893,1.57445815321075,1.10279075593938,1.66477536238848,0.496237131016523,4.03580921648053,2.40586758809886,3.68992220468031,1.49703790141538,2.29308619561951,1.06480999174963,4.587629986298,1.60721962862664,4.91669076663412,2.1880577346088,6.60598612792992,3.33526828401314,2.32474248724398,3.07647070056651,2.7830555238841,4.53202722836889,0.46175224084636,1.21904252686199,1.86829203715149,3,10,3
"32",5.83332069366191,1.76071992727087,2.76897799883975,3.45233061568115,8.19658425222146,0.540695386361687,0.29831255171667,3.58375539987808,2.03268088273108,10.6027569308054,6.92243402738293,3.99464631386279,1.57460973525791,1.81765235726435,4.33613942546687,3.37233614396536,1.95147739648671,2.7933001015816,8.3521458653509,9.66929618420522,1.25343290510015,5.18490999931688,0.738385983004314,2.89249775353213,6.24945328234814,2.66980214817941,0.912591495231929,2.34181593529563,1.87079693396221,7.22816963528834,1.2596963554103,1.2381988576669,3.24957890554171,2.1379449093542,2.8912263162808,1.14265634459026,2.16487556613571,3.96437962415806,2.19880512617742,0.17864148782069,1.57615576875683,1.40641956316371,0.427375224601317,5.9214676046267,3.23194318850755,2.95581522600458,3.68726752069532,0.842803719447292,1.64976407408593,4.14923668245316,3,10,3
"33",0.766554554838274,2.16887429050477,2.27980050856486,2.19578356375984,4.94054312206522,1.87381967053912,6.00012086211759,1.21612385696083,1.17536749439859,6.3553909729369,2.42635921356273,2.82185980573752,3.84198240169215,1.77622377594947,3.99878555232426,6.67452666389729,1.17258314482016,1.17524372138373,3.60706521521885,4.98755431035449,2.54918268615769,3.39734073637635,1.85641926540635,3.88315130658112,2.59787092497106,2.32445183436709,1.21195938921522,1.26126249066561,4.81126283687446,7.46254592771856,0.608318826075185,3.49761670533904,4.53645378390875,1.98849874602583,0.889662659043137,2.14333201302465,3.1011287441076,4.81843807957615,0.903194950040642,6.0581318650269,2.60194436473771,3.09164283888135,4.92236367745237,2.09803659341025,2.64598600902803,2.62533531592763,2.13292216078584,2.43507927928728,0.857136549596427,1.46911842508225,3,10,3
"34",1.88271285014265,2.27589498945547,2.73388391286528,1.06293419983024,3.46204667568406,3.8977080836244,1.55602252527131,3.04332129713594,1.07608059669338,8.48823738955029,1.50748514313347,14.0160575883883,3.49727816955956,2.58653132130222,5.76049982948458,10.3479480387191,1.35216987618849,2.00490712228301,4.21146496287083,3.05718663563925,2.37936795932252,3.41239175967903,1.80689379498765,2.26936171552322,2.2643690939742,1.96900161789095,1.49550198945394,2.24858808104426,0.922985565237488,2.55297311163965,1.06838623994235,10.3264391719958,1.54324590599914,8.57746133109081,1.594979420174,0.274470084894951,0.204589370731169,3.01950480158946,0.970047045629789,1.43748206886985,3.88613672791005,6.02341337762126,3.89674286485383,31.6451042744514,1.58668257858498,1.89442339283878,1.78510539309003,1.64466507103501,3.20015636465117,3.04547282316697,3,10,3
"35",2.84731396718787,7.06515413980358,22.8220692691052,2.48898254483463,1.64251168149677,2.58981007402025,8.52213518234268,1.12079802233344,2.10798849389275,13.0103185824149,5.39358557920602,8.68083736255057,5.18274430045032,3.57524352497869,4.1912021097561,4.63808300347964,0.285416810033024,2.823834098635,5.6759781176492,5.65149456091343,3.03790388892872,1.88217199937522,0.14843594665115,4.6047298648086,3.31342048091677,3.65956804455921,1.07087666425482,1.66526329917545,1.97731187226384,3.19454949723953,0.687441635126391,3.04114262315332,2.77825715832368,1.53424979892927,2.33082784265023,3.18846697540098,3.70621067030452,2.55297182906952,4.04906109059628,2.70437183262215,1.97120283638211,1.17531782529977,5.4251926496883,2.48459312602175,1.48925667302016,6.85882025465801,2.70963253903954,3.77556679956832,1.94600185076543,3.35049961032258,3,10,3
"36",0.704385170646949,2.26077788986087,1.09117033713165,2.60071643123616,2.27543483298707,2.7840508352016,1.58389558461217,4.63957493460784,0.958351837386919,15.5437805232598,1.14675009174141,5.64698280762194,1.65561104619263,1.90475887326639,2.26080545671389,1.65924050505596,0.726074364291096,1.77324598381324,2.24994316965709,9.61668084199706,1.82377739139162,3.87799825798293,1.40229510663041,5.75067589217696,1.67237020332916,3.80183063436272,0.437775977445155,3.99293704794795,1.18219777491701,2.62877825916738,2.90862192292975,3.49956534354788,4.9974380927947,8.89641746057617,0.909417978583588,8.71568057259003,1.16488748008272,3.21992254078249,0.368096749194257,4.28847172899163,1.29935994408088,2.48515469838951,4.91801386361441,2.37699072168027,3.02750753010549,8.79653109813678,4.312064102693,0.727978436952981,3.28170794933662,3.31879626035136,3,10,3
"37",2.78261374944636,3.04040831710216,1.47595197900017,2.0745638391672,1.93913489008913,1.02607799218545,5.27741958199741,1.73064818016354,1.51999165588845,4.13815202469077,1.50953115115996,3.40059126782799,4.48094959298337,0.481077452360089,0.778393803365909,3.07779817592289,2.75375970755081,0.226618726566962,4.32634943667985,4.45064443524343,1.33925893689267,3.39582254588364,1.3420354148147,4.22709941268687,2.10834487677121,2.23022210299424,0.396870249344613,1.66650160451925,1.10662333940973,3.50450975526717,0.243602289890641,6.41845300328408,3.4294238713397,3.27577032795082,1.32371696716755,0.516536767583225,2.13989105152127,3.4867602967494,1.30322448716652,1.62604791757236,0.989034146183856,1.89744340726277,4.5172977095556,8.08309192022509,2.25853449517725,3.60414768345605,3.74340527704089,0.603084231011126,1.9558252982405,3.24569190232094,3,10,3
"38",0.632505140748741,2.02433478324444,1.91982696991464,1.8150705710724,7.06639626754862,3.07518872183659,5.11321754381127,2.80863660965707,1.26948677962882,7.59661913588156,3.40040394237813,5.85138854201268,3.34901290043775,1.66380042631585,2.48818201797425,5.90654145504896,1.3856316955684,0.470112873981231,5.0089329706874,9.3046566892642,1.08860508579072,8.57958396178338,0.874212801084163,1.61330407306155,3.78340022928083,2.82180611238786,0.67117172655596,2.18745992208703,0.613615097155494,10.0307705913245,0.268851180284908,5.11842446950838,2.47481471916471,8.11603477419218,1.10046466112815,3.70876549287274,3.75904128661338,5.71837644554185,1.32271202418195,1.74002617270006,2.19185966826956,4.21304245690171,2.10560776436565,6.05116251524403,2.63213691986929,1.44276892621126,3.45872842519837,0.838784368492088,2.49156434454636,2.17876906651178,3,10,3
"39",0.898355253648822,5.84541232624385,0.991874226921382,3.57954663396454,2.05851946377146,1.46967389855819,3.92033223541864,0.682052670617341,0.701640716179012,15.8887531348707,2.92252189351301,5.86552111255452,1.55796440765473,2.52323584685,10.4281422708918,4.32076210711135,1.65430600400668,2.55533151558027,1.99778245058619,7.61633328215566,3.39257595873295,4.2896954981303,1.67221801669914,2.25044428459662,1.32327658518818,4.35068437101359,1.41395702572431,0.995983158747532,1.05697194761015,3.49956215223436,1.24569105066246,9.06255988911106,2.68074324730536,8.6043420297451,1.42968810673217,1.52614664221229,1.12046597013661,0.380834372330863,0.320310106015998,2.41552821396767,3.25965458242294,3.33127898778259,4.39938481261899,2.96075505344465,2.56833256407484,2.3245873051912,3.97771171020474,0.546475426681349,4.28665864396336,6.4160502605595,3,10,3
"40",0.688052026796569,2.442577045788,4.42522724296531,0.929751930911679,2.3847147419136,3.68586493157661,3.12247388241224,1.73513721831285,1.87327618054335,9.71752921295308,2.97933428868768,6.06586048782222,1.66434774700817,1.92328448174578,3.81104327747899,2.70901813679042,0.993900126996669,1.35925044766051,1.90734443325597,8.60949555416862,2.79869701426431,2.12996415874061,1.35895482100226,1.89172367613015,1.81127885891264,3.72124910415038,1.22976264600184,2.49756197108768,4.29170241030749,4.19373143319891,2.15987764919676,2.91302292258615,2.91165739744747,6.5492059913539,2.2228788444432,3.08184467109001,0.218830865414785,1.87595389060309,0.462073099660163,1.71584517126281,2.09261441535039,2.2180773110264,4.4496123718737,4.13339683803134,2.507896297763,1.38975110986814,4.45838106870873,1.50298237177279,2.79726814208895,5.33150856146637,3,10,3
"41",1.05030920969409,3.50892830652687,2.83321475723663,2.4654470564498,2.67693907009378,2.18622751686052,3.75755259042608,2.53123938548595,2.15171256896022,9.16115969520684,0.21917359220022,3.77410010580369,3.4760744948375,2.2392601484439,4.15319650996072,4.42587337424447,2.18505986834069,0.3975464095277,2.24223201840793,5.02605577871849,2.15865498695762,1.88557261077386,1.36377891131489,3.92804517881865,2.90245437590854,2.86724054228308,1.04261214425631,5.02116439878108,4.12636728576954,4.97336090588902,0.713577751237721,5.70400323912103,3.33305910145614,5.07260779105692,0.518128384973688,0.287671346103338,3.16135980753742,0.618130052861224,3.99713037053712,3.7674865333548,3.20274529747395,3.39985096957789,5.78783528347595,2.0793733592514,2.88524096955572,7.89726993953123,4.00182710953574,0.665462619570408,1.69684175382338,4.54068069539208,3,10,3
"42",1.20854760163616,0.668362655462277,0.665643451277259,2.00964900222424,7.64506759232565,4.30773527060862,3.95855664825861,3.09233891966036,1.02324556573966,1.96615877255779,1.30633173521376,3.14681764228726,2.77853297025547,3.93191188668521,3.83399134374747,5.8912495339639,1.37906032743416,0.625479865382733,2.75732289051323,2.89214369271788,2.51085344443069,2.59837191209835,0.553535706286523,2.23147398619267,2.13269546897908,2.56990338411614,4.89530250472008,1.63017623573837,3.08126000513234,5.16571492886447,2.70321492794893,4.62567313954049,2.67592970350789,2.59220709211493,1.70316113832394,2.12416905751272,0.306741513461936,0.577186062542289,4.0281427814915,1.00371157339032,1.93218711527144,4.86732416048261,3.15689589106538,2.14171897417039,3.13641807329439,3.18812021594183,4.6159303556388,0.429370002762263,2.75528404212863,1.6167131778422,3,10,3
"43",1.72346598557237,2.316927447133,1.72171432345046,1.92541784815733,3.41022959123844,3.02101694657003,1.69396719587898,2.40597780104034,1.49733585878587,3.65752962663461,1.104331777385,2.79988437343036,4.16629256595794,1.04880965670881,2.07642499150336,2.22838028996522,0.740107147485774,0.790288718549363,2.14430002619961,16.4457021472277,3.12300112789388,2.11119867715079,0.871268433877549,1.73176443807989,1.29053254182596,1.26584295589998,0.451187717514696,1.10075309087989,0.695744511046307,2.94393539050311,2.72565783409353,3.41055291388589,3.6395546068947,10.7556793518745,2.42518465841318,2.75078637578828,5.24344878562675,0.900682652158548,0.833604639616183,4.28188559587191,1.96390559675958,3.29473433525963,5.01303692609649,2.55964797642295,0.920420745833803,1.1816312753697,1.79723032518599,0.80919035011165,2.33969972831158,1.22747444734498,3,10,3
"44",1.73392101202291,2.11497954284443,1.50831387922325,1.95675124460772,1.2533857430526,2.57119860619038,1.44886826872076,1.44539578355772,1.80634206382511,4.77374829528194,1.04137832367403,7.79205468499776,1.30598481665412,0.704749917856552,1.798086414754,3.16941116133258,1.85946959852099,3.73139217326611,2.32787619432337,12.7615889160227,1.10121745648955,2.4729019441399,0.350358302432081,2.00035254272421,3.20992224088169,2.46688769053456,2.54140919431709,4.44219442094162,0.601389021848724,27.3274834346915,1.47941991290534,5.40812229900408,5.31986997536649,4.49818826928411,2.44917723152683,1.469018932394,1.06473899365903,4.38289117999832,1.20193516198401,2.62795772838621,1.46526673194596,11.249232712787,5.41778107301179,3.89583433080045,2.84595061305739,1.70508096758824,12.7697573813894,1.42824819590829,3.5025397426358,5.76495022447755,3,10,3
"45",1.35129176154434,0.928061146223519,1.482295445752,0.775486431313083,4.08080912436618,1.65760688047389,3.41375862935591,1.0766537818165,1.65329205600447,7.84502107141249,3.01997581899459,6.32814979859177,1.38465616116411,4.68258018634082,3.34970488314995,4.55569287866345,2.12988731664313,1.93468581790064,26.7762447192841,5.64330240083893,1.43667215829916,2.69011849231716,2.15986300271459,10.000903452889,3.12860624929909,3.23563982848402,0.847959850405116,1.96566080995988,0.738811404698047,1.26643127863934,0.780873923331477,4.31864655753051,3.77042285677441,6.57722101315588,1.48294099466577,3.34143687230415,2.96169544765202,3.18453087636169,1.83319313631374,5.46372106679889,1.10715694927074,1.67262966157803,6.46585119230695,1.16888665361674,8.80886452934734,32.2614243829051,2.03171445459951,1.26464614490801,1.76487788771476,2.87986434488306,3,10,3
"46",1.24030337802373,10.1373007148377,3.39605064104528,3.1838087653296,1.80609979447672,2.15832553337028,2.11123014611855,0.197189288227406,0.976343531677367,6.79357949006594,0.605581442673371,6.44581085226432,1.76860381370198,5.5482358534166,4.17713074659948,5.01992351451117,1.77750099566122,0.755436416426266,2.45773152775647,2.27961675713667,1.16427574937005,1.82887947706097,1.33952563382986,2.52800395402298,1.11151530940744,2.52488997351657,0.939444540292444,1.84447458046382,1.36069469410588,3.93761422604238,2.94326679598723,1.6009794965274,4.22491700943523,5.33150006534827,2.0011713085255,3.67777401140812,2.6786096043154,1.11224166620823,2.34424082464424,2.87650988751624,2.99979806383231,11.7261093195529,3.52854004816737,11.1869287205753,3.23730180707351,4.08404648823101,2.62199492751651,0.320205808092022,1.42126065079423,18.2225628995631,3,10,3
"47",1.35121525014028,2.21424673823123,2.38703787002625,1.1470131357373,1.80307933466521,1.13567064525798,8.04801694058535,0.884738707510671,2.64546043253024,10.2802776747361,3.12785244151153,10.7259218515092,2.16399448614359,0.569803287031447,2.41920523466123,6.33251154452837,1.95547741927995,2.48807895550179,1.63161216142004,8.70149769728986,2.49342469872601,2.66942805417282,0.901779341883128,11.398378946393,2.20963024362898,2.59043122780522,0.706373341895987,1.30877906825167,8.46704075371334,2.02978869896384,0.714817110404154,2.43454305325576,1.48320373837516,3.85113417341379,1.77776965392456,1.9327747056035,0.851799948894921,1.92994025144602,0.615593275659285,0.780932900149079,3.53639227330653,2.64644426336813,1.90521525699495,5.18301019114063,5.63134773419438,3.55569121215662,4.01142620076697,1.72719249717517,2.86455553760962,1.64691971689439,3,10,3
"48",1.24901051464496,1.48677168380863,4.10838753453861,2.29583657225439,2.00991510852975,2.61764733608755,5.30194153722874,3.37572258309174,1.54736182191132,14.57673268154,13.0656252327064,5.49167328460032,1.48086234692595,2.25573913347086,7.03517920273482,6.26771742041976,1.79347778350937,2.96942124178965,3.10163275385021,2.67474505370051,2.63658795898489,5.67683852332247,1.67464835740308,4.0556481837629,2.91004815635746,3.16784557014964,1.63528437463607,2.02058739013954,0.603854457413931,1.10171198479723,5.1267790786421,4.30469060081371,4.16302994865217,3.96824423338181,1.01114115973744,0.846129037029202,2.40709476254024,0.528827646579153,2.51395258126423,1.86826977814289,0.835415940046441,2.3767374969612,1.91467258850819,3.29405828842504,2.28702299020145,2.59957699033743,3.52395130087518,0.594986445852253,3.01614133134693,4.88777248414697,3,10,3
"49",1.79439173734848,1.95229605571759,3.22500059370598,2.32125145792148,3.41330966054787,2.07506589075923,4.04645072662052,1.49636983087204,1.54056995262346,3.75750513838145,1.66687146685204,4.92993086211311,2.01202478869515,0.603908295819612,2.1854336820505,2.72173988100346,1.12415637450139,1.98123628123724,5.03696876321727,12.2595402803359,3.30358962935936,2.16373153491493,0.881946067420842,2.67017593236436,0.300964772092129,3.63197849342729,1.47745985452754,1.87158421439329,2.02343671919111,3.47049033054244,0.216738695375954,3.63343923144713,1.42683086154295,6.1192382945601,1.12762613686471,2.04936025453633,6.45735680930202,0.171670637641189,1.08483430262363,2.2216249989567,2.27216003995164,3.99580557643069,6.21485844589582,17.9765273801692,1.83843706827637,1.82110657335538,7.79130312492902,0.647466931312294,2.08376178696455,4.1922431476919,3,10,3
"50",3.31528979930602,2.33199614888452,4.52750580973405,1.27841641805691,7.52777312304011,2.77291235207445,1.08632864066714,0.929601424490727,0.937471366374703,5.67690217807821,3.30108106970082,3.52042202719303,1.37876886355236,1.11381965111902,2.76314544199928,9.14563479917082,2.06510853592268,2.12042770354519,2.44001331980914,2.5695139812569,0.976923737110575,2.26322673605086,2.07228143997989,3.08698678797585,4.26831185229706,4.47250605609139,1.39129445747699,1.71383425654954,0.739487276311973,8.04720905226072,1.14066451864165,4.87801724456992,3.55778485865768,1.15066450869184,1.71176197692496,1.41427454346136,3.42646795058259,1.15905765777033,0.867214626464022,1.02672474917481,1.12637547082927,4.7549579126799,7.33946671811688,2.34533158421288,4.35883179531793,1.40038923941115,3.8330978739267,0.51552014077254,1.71092329392274,2.48253431900295,3,10,3
"51",1.3918932213373,1.88442322937246,8.36485780551139,1.98117005697488,2.63963391560579,4.20460448152111,6.76103975147338,1.25922303917184,1.37474284408563,11.8912552072156,2.02411677427419,1.91294110754747,2.4558552085988,2.75845171789875,2.5483882369073,10.5429181152377,0.663247485739258,2.12984689489819,5.28155400710834,4.31577566146468,1.33891270072723,4.45692194913209,3.18587541569729,2.45004691185533,5.01209370086262,5.41661028157278,0.689014327259994,0.914476640795168,1.6495799965587,2.77006555763821,2.5717833621096,13.079444419766,5.5455180195439,9.50284486116542,2.23983165026887,2.64362465602198,1.17883820134919,2.63622961797811,0.899927805805416,2.9960561846976,1.48594986459831,2.48068628460559,2.66599023294281,2.82200038651965,3.38873807845258,1.0813740475588,3.01349558768285,1.74693120027448,3.33590208863642,5.00173989862516,3,10,3
"52",1.46507535482249,4.92941893508401,2.44391870017869,2.17415285583863,2.93765968940191,1.96519204268358,5.89646046740278,4.98100710094363,1.59221283627442,2.61820531886802,1.42452436719816,4.84083296543156,2.18607774994965,1.63638497913733,1.29314102596891,3.14440196225596,0.947959990204989,0.943553415368571,4.68658079068842,6.5777757666585,2.35350398726808,2.58049068515987,0.80624508298487,7.27652534311583,2.59815080513599,2.78794609505341,1.75581400166948,1.51021722588377,0.38711232461069,1.72657295961135,0.601154722195178,12.2481202199164,31.7852565494541,7.56032723014905,2.20767617376501,0.62515710020843,1.21929386549228,3.28885378864939,1.09103987423548,1.46091518102868,0.893961553377723,3.24314365591,4.62444692279449,2.49893667815062,6.07548698005592,1.00270901634485,3.40450028432253,1.20374915367697,1.47740582134284,3.05839435120328,3,10,3
"53",2.68314806953839,1.81402759876782,1.70178699126982,1.59911562514903,4.08835721476375,1.9128658819382,5.25851858255186,2.40495467149466,2.44859692767609,6.84329094883254,2.83687156686518,3.98937334380587,1.53089534147436,1.75591466836147,2.5514122353673,7.56170437235527,2.96472474782148,2.61015949310237,2.86048611434922,8.64868026990073,1.66772728146953,3.41109994666295,1.95465345110228,3.54890222980903,1.53508470360784,2.76614676825469,1.2461264761661,2.07084559523615,8.46746833331321,1.54916882879749,0.444275470339969,6.95215071575437,3.65252219563597,3.96034447788995,0.376988175254631,3.60712106946326,0.631811547303071,2.6410633507414,3.90625665047701,1.38421895046149,1.8372241913104,5.217097229602,6.79364665560751,2.59861275481817,4.77986740232542,3.73911278949844,2.56271877841738,0.199882186247952,1.35768172202096,2.58159902798413,3,10,3
"54",0.84543568213484,1.30280052207804,3.80097732936611,1.61186025115547,2.45428010544686,18.6350433862721,4.47955607432253,0.900947860289815,1.35533717440868,7.03081671455871,4.88113256616158,6.99760872097973,2.56681527373941,2.77153680436359,6.57802524332883,1.78666832524104,1.15164793212194,1.74235246590749,5.47940412397872,7.05797363800884,2.88290082688237,2.59784706836971,2.85445456780437,3.15196095751468,1.29032123332503,2.67781228521933,0.788188308535918,1.17275862299652,0.594895251716395,2.37342154315143,5.17242371391421,3.76212541109075,5.02627688574194,4.39077887104747,2.95030244102515,3.03741839582997,1.01116216735677,3.77502699875388,0.835912433554071,2.78133079982166,4.2761461316335,2.81279610223136,5.81707772692933,4.05251989364202,7.78601074029705,1.47867863012026,4.04290163429696,1.75207528866612,2.30660001233874,4.0689161512813,3,10,3
"55",1.9961140947586,2.16629534392425,2.01227891309427,1.3533450081772,5.22405007684202,3.36938460510657,1.2603510097211,1.80496126548245,1.61116294821209,20.3133085452206,0.612105648600438,3.11220968809793,3.02917198790068,1.60893581021137,2.53373807514839,7.15169518305732,1.85136618980661,1.39401920685388,4.98518687569415,4.16189666799554,0.409705519778223,4.89467915372278,1.79500260915985,2.83955309698906,4.33918834574049,2.00328350690519,2.00302873532747,2.24856316469064,1.21870788896302,2.62805367357005,2.3562351371955,2.89653755111033,3.83614290447619,4.88647722088991,1.86504408121249,1.09043285278789,3.80318420916287,3.24401435721713,0.831471553136284,5.55168527726662,4.7589252285583,2.45055628426253,3.39581514390102,4.3490353138609,15.2116096303223,3.86717662099861,6.02396592806398,0.731471675744779,1.5948538392602,4.93444786999104,3,10,3
"56",1.14261736036826,4.14450950117935,1.34335060870871,2.17067652205276,3.9830892378145,4.14605704126097,2.14162672781809,1.96654622246963,0.758870777648482,14.4915607844761,6.79895975422323,4.0369512739344,3.88011214181977,2.02659325365183,6.83551049781052,1.7998434546329,1.19730672103137,1.63618429237954,5.14139127564306,11.0276145610551,0.835938110003866,5.39432845811992,1.09008013455004,2.45529243831039,1.313156078599,3.09028146271424,2.05154161535842,1.56676923460059,1.40992263528717,4.52437167037585,3.69355758203604,7.84444688644439,2.02276469617499,5.38255892736773,0.447166227333556,0.979778359252931,2.77357914086598,2.94505301178473,2.59052036914166,2.36281832707215,2.36105336617041,2.01018849856512,7.39247214784133,2.77438926485866,8.68668781650359,1.67220919226304,13.522024087603,1.76859280632142,2.4168820429414,6.61230248377972,3,10,3
"57",1.60856680845624,2.84677395259573,1.55815873661561,2.7104923664465,3.01457249330463,2.06247708763279,4.14689044213686,1.30718309192609,0.908135226980042,3.05242955068329,3.59676118122562,13.8584781150779,3.0884240270323,2.41985901054784,1.47398403571114,2.15686818620624,1.14834795946557,1.66799611953361,4.95149690173343,5.68160400415095,3.43880673457242,5.03057454053875,0.886113367051532,2.85214695756922,2.55848834736686,3.07190609345311,1.53257395645315,2.57113736903997,1.05445034373864,2.34732833057263,1.14746569328222,3.3382217679675,3.33027053292266,2.09294550993079,1.73599447511206,3.81379335395722,2.83213981470699,0.809689226117732,1.40074160788574,2.68418130675662,3.3410053799675,13.2078391554899,4.3406264284776,8.05930863417235,6.55864237367922,2.99752980699443,24.0062955456557,2.26278784108177,2.18979012481907,1.72887401083119,3,10,3
"58",1.95922717373901,4.75495241947396,1.19355893231139,2.32505288294606,4.25321895928277,0.501171127851691,2.01179462143085,0.864679783538793,0.619160071870881,29.8506859834576,5.04279854388612,6.16681178392148,2.82176319664515,2.20827374781909,6.91063418516847,2.35635937317145,3.28095990257311,0.312443549937625,2.48010403189484,3.08600733169365,1.1000297528855,3.25197790519487,0.882310085224558,5.2382832919153,5.52916180355179,2.35271620982074,2.2474338950867,1.55492590856658,2.27805825423622,2.72507637656859,0.660364024268057,2.70108682069423,3.39657879902865,5.03955945855855,0.347094420513029,3.55559120990629,1.68298028618553,3.87751723867375,1.99560095161451,1.64931025513263,3.28203513161376,4.8388033798925,3.74708466078977,5.1868531366269,6.65452009522575,2.06146789858203,5.38682990587827,0.909895786854509,1.72150768381352,4.47933233193372,3,10,3
"59",0.471282620919535,4.17428844554881,2.6986826712084,3.39898119671758,8.30249929760578,1.90350602843473,0.931822066534764,2.57064989250973,1.10029951920244,9.27242449426067,3.42510173530283,1.9926742376134,1.57297910748001,0.738702874952289,4.68934251808833,9.16783811703654,1.91255097211132,0.619261028212491,7.41847244950513,4.23420089601224,3.11318395224747,2.53959527273344,0.767393409497708,3.60006372562,7.33574035391556,2.65830802647689,1.40785735657472,2.51729126919164,8.63159538600889,7.89026669860871,1.29976783810486,4.05707862728169,5.73916556867007,3.38954458315758,0.483429481039589,0.429568220945647,2.65048588516093,2.67350688500345,1.39612365322018,1.94734899050449,9.01976005715986,6.26276834021201,4.10263614987627,2.18125829798454,2.08440846367429,2.4124219492197,3.86225583937604,0.983829117021383,2.31308393826672,1.430783430723,3,10,3
"60",4.77709062664402,2.63908135203796,2.03317812652349,3.19600836496986,3.04630427515426,2.07645650744503,0.490177066270925,0.257303914951943,1.00161713834056,3.60660915600574,2.48023041583486,4.35542323911598,2.72388016557034,0.749162848025749,3.04330661100057,3.25808512357826,2.25103008349372,2.46858237973162,11.1055222004087,5.27983373675171,1.07530947259673,2.67958335878105,1.77219275401597,3.41955649833398,3.16550997038161,0.687749744639195,2.26257321728638,1.35257784547224,2.31919224953933,4.46803917680728,0.663054926514683,2.09072869373772,2.55120084780726,2.92963252996075,2.66032998857067,1.1233284487568,2.24263999751324,7.88058176434822,1.12444822299285,1.64396213341974,2.30438422246649,7.19888770313289,4.5074695579968,6.05620676978885,2.67653817754142,5.46604346638012,6.09934798611134,1.29040905435405,1.21679014445954,2.38862927778695,3,10,3
"61",1.36236363770901,2.39544392566108,2.05928509689019,0.621318204614182,5.49225575228802,2.94225977047942,4.72890200177021,1.57260537233616,1.33874616940099,3.69092213086376,1.10604815243104,5.18556955752521,2.90981974557643,0.584665474428771,1.61902151472873,3.84527287862302,1.53975429607738,1.56303560076291,8.00637886259307,2.21198787074858,2.1364035354547,1.82900923731276,0.706308769177513,7.33961005118648,4.28193240767086,3.00933663885131,1.36573164328332,2.92026096278204,1.41649248382469,3.35420192992442,1.54642761339401,3.33083754067142,4.22026405121218,6.47068762932177,1.77491633897885,0.767248465232468,4.82661764197902,4.49936100836525,1.92594484411811,1.25902990837797,0.693990063523725,7.75548258762799,5.63933428291704,3.37869488098233,4.4923893861249,1.02169507908148,4.02353801613589,0.948080098390224,1.3283780439427,3.27410663602931,3,10,3
"62",1.53902193554917,4.14672104484313,2.77325038794536,1.35888130033337,4.3052354139519,2.65835743352356,3.00827688427509,5.26479859794658,2.30743587135161,3.09580272117338,0.605226242510699,3.79768922526762,2.1027405214268,0.958337027019264,1.86135927064214,6.82919490166296,2.08612027389142,0.330544329142148,0.433061596486314,3.80354824870398,2.09704981023569,1.85622503724887,0.630385390682911,8.11279905471705,0.772508713334241,2.06650840146994,1.5994877400248,2.03051844205643,0.846007596812467,10.8661821434574,1.05429147191148,1.84648139167263,5.68870183264748,5.19828313551028,0.953831389689562,2.98913583791695,0.521737741868452,1.34028608377502,0.686632470584187,5.30032289211191,2.04871959076214,2.09533753207391,4.75058800077989,3.68737907931615,6.26074818092506,1.91727540168807,3.90640036258947,1.32057244714137,2.02667712232972,1.48503858959819,3,10,3
"63",0.833004373470517,1.05427743884383,5.56281811900249,2.28363227905405,2.90021264210569,2.35721325871718,4.36049223634195,2.35545724439308,1.30715970766927,8.37258308690459,4.82458939975035,8.09300192207837,1.14012411662053,3.79662246861842,1.5773433585623,1.80870065861068,2.15200620658652,3.47326210742059,4.28412930499118,3.90027973540997,1.49102480681502,4.09547227592484,1.39276341636561,2.57735907240259,3.10391577691502,3.19927918632679,1.27638761700067,3.71947403178162,0.777185081810097,3.35246387181663,0.392658923667484,2.17342465012347,3.38705292173174,2.0164419836414,2.08975692544786,6.95706230556178,2.18212328134397,1.80689365449397,0.455283193073148,0.933614906014259,1.55147631760231,2.79424750550371,4.80424922638154,8.73939387333623,4.52143790914128,1.48014136087834,4.219748829241,0.321392607347083,1.43957838321875,6.63243801389466,3,10,3
"64",4.46564687280207,4.79174966433537,1.65531908759489,1.06946914040583,3.59664062087594,6.81294170481703,4.45575389222326,3.821060386009,0.759915920299485,11.4936889635472,3.19612412696191,3.01132421665173,3.65946983539881,0.765450677811777,1.54544830526077,6.71297035406829,3.88370814704452,2.27635815890065,2.53362034779333,2.08878593876942,1.9277348340691,1.82137937314406,0.95442962192197,2.72139027041209,2.7042601101889,1.75751797858067,2.36123998906766,1.46159003692546,1.42150842017277,5.08577730337889,2.9789815388627,2.59111313492077,3.43540185134336,5.96303376682972,1.98487819863183,2.00013981561314,0.960492262165948,7.78511161646424,0.493496001538532,1.62969495116185,1.91866773116599,3.42039074127854,2.90528656879411,3.68897247850738,6.26348506119834,4.36227433319043,1.79828329982604,1.30960323225429,2.79208650971625,2.98724816036229,3,10,3
"65",2.19770571230428,0.709874894892483,1.81484594439924,2.43732414605777,8.9265969878886,3.51311807274968,3.39738910273346,1.69440074187292,1.72913118197948,8.53438321709714,2.50177425159278,8.00672465334666,5.32180924398512,2.31226990707963,5.17385398250181,7.74553263572426,2.05580150986006,5.04727175955962,2.78751091322423,3.86261027697429,2.27941637894527,4.7890285934805,0.450121509916977,1.08382676963606,1.27129879176218,2.0004979024202,1.61955522138256,1.45064522795614,3.01108681402947,3.72137604620469,0.853086814492882,2.72042956134082,2.21060543851908,10.4983297650697,2.44744200207988,2.35955022860123,5.05026443864169,2.63208444738395,2.56064407752923,2.65141299163269,1.47154048817617,2.0726647953829,2.49322079654675,2.00467016763813,3.40906773932934,1.15978915735188,2.65601782457898,1.00242496484816,1.31846254688323,4.18460126662026,3,10,3
"66",3.17706099778787,1.68700399893686,2.58860895425653,2.45001632204723,1.96756697518904,0.783912964547065,0.977724033767337,5.21806970143965,1.45030016183586,4.74737082491278,8.01412687694133,5.91603188220677,2.97416068475016,1.13907443621404,0.901412870709552,2.29904259219215,3.4149516990458,2.33570505903929,11.4772037505822,7.66177475485137,1.37199005628249,2.7288625586308,0.789299050758427,0.839862495211028,2.59461495687707,2.50984557745359,0.946496267069596,2.51762609063435,2.21175420078043,2.12395539440203,0.825399249317804,12.1509599978947,2.58019604579241,3.68461259810467,2.09441209646679,0.629777607572888,1.05789133199608,3.97000396483747,0.64813355699183,5.19926786686981,1.51112941527673,4.68671284641524,6.26987756386914,11.1017769144222,4.64082840904228,0.766283343612381,6.55789146970354,1.98251523600594,1.45769714353316,4.22365166612611,3,10,3
"67",1.03668515740099,2.54667843017248,2.21772370583559,0.761267839350427,6.86300422625174,1.84715091423521,2.67265685502701,1.2008095557158,1.3185770853382,5.561217449122,2.89468961171946,4.58675046703731,3.90139745355299,1.43702074832404,17.3021269285149,5.60756403896995,0.878061850821286,2.65519289642151,5.62693766126182,5.58241307876387,1.21110999734326,5.76000109463873,1.1697529789463,3.70455302168266,3.28726326937355,1.04331545341151,1.13437709583408,2.0766461813533,1.05569059520435,4.24314846265721,2.73465543660426,1.65686396029873,3.67738713568516,5.44031035867253,2.44690063361392,3.39881639115028,0.538790860403613,2.75600588075099,1.50012013917604,2.49655567371015,3.20504171520577,4.12121107570211,5.23818716875282,2.18765258527695,2.80300711592685,1.58506952090827,5.60496742331004,0.816225706795205,2.1797193065188,5.40244963752512,3,10,3
"68",1.16320779338902,2.00282374596755,4.71414275699963,2.26648879683312,4.73152545431081,2.10061887654966,4.95844807975014,2.18099425915665,0.989157385992725,3.28884506756982,3.79010569525923,4.8560065767568,3.15900138289895,2.7578657284428,1.18395533169245,3.34055804365574,3.63200323047387,1.62033002989734,8.87776800344816,3.37319370603598,2.08759867963153,5.16435282225427,1.61031460484871,9.0411636211948,3.49162047409362,1.67845732031218,1.24860712850633,2.2459776759229,2.09131426698837,3.51883481319225,0.566980578510196,2.74666898470138,3.88601429593318,8.83377238692971,0.789984684280099,0.377016679177717,5.2352536947332,5.33107368379126,0.593785870829676,0.469025329391061,0.642022795159407,3.12473248514835,4.50897665711115,5.56459036156396,6.14741314640434,2.01274840486055,3.62667257725789,1.32154491758454,1.71743220893201,0.965847459975829,3,10,3
"69",8.04952326214253,3.46701836335776,2.63923544565316,2.1468508522382,3.41957119064903,2.01955512161394,3.21421426175454,2.1625277876796,1.56597615975679,4.49094219245421,9.87694306757533,4.57199339759506,1.9883887806337,2.80438657296383,1.89961756298977,16.0450002077092,1.29274927865366,3.401107041863,11.7770096692892,1.73391735926085,2.32367360419188,3.63189592342273,1.65498345194591,5.48984212730763,1.2888298593552,2.31126053673209,1.1895944039995,4.68105806144969,1.15814830327363,6.05467144008083,1.59800416397561,7.75039608049421,14.8529277914859,2.22178263631829,1.93321039311573,1.33545247128208,0.446151164965919,1.87827775881527,0.83215925016316,5.71160131405686,5.82364359311374,5.22689841733453,1.14846810309837,8.0492504319363,7.90810465165199,9.35160217146026,7.30557193824582,0.675507257113821,2.09051455536841,4.59061041222719,3,10,3
"70",0.657120398513544,2.45096727165461,0.905277692408176,1.73540107995469,3.84891157854443,2.80943645498365,1.32686102353236,2.55664459055028,1.72157839120415,3.77656413210273,2.36982532467407,2.95665631651275,3.03499513181757,2.71288555684401,2.35808984333697,2.38011123716213,1.1967063241229,2.72203119594757,1.09728110050251,10.744955824022,1.23458395728186,1.49762351302002,0.563362432127161,3.57755386953956,4.62908057601646,4.49452320091127,1.36730375514719,2.20371805220793,0.826861726246412,2.64950009622965,2.33685415840892,3.2904459461801,9.13498564953636,7.78862949626611,0.885263659139705,1.44003801483333,2.3345173946484,1.7291879903486,0.623848082852305,0.68370006718196,2.0664988487375,6.8665466773569,3.54415237501024,7.71017945401546,8.55710113406827,1.2799193657042,4.25569435489098,0.941238898260969,2.66489352769882,14.3824953073832,3,10,3
"71",3.67307448185418,7.43755771767548,5.19075680732638,3.38149320005535,1.76635939631601,0.47178076216889,2.16459846568362,1.28407667704639,0.970947270014598,12.6336068590724,7.3052138228329,1.69462941121891,2.24485097624183,1.75939131201261,3.05867656821027,5.77732327772558,3.38777757580989,0.545234097261429,1.97203128220043,9.16900533375617,2.52842730393855,3.76366678493299,0.348825712755826,9.21676436606882,2.80065763748519,2.62847149625745,1.58904730690763,1.87172535892169,4.97370464454095,2.51416810063736,2.16129370372531,3.10576201729717,2.36175520024401,7.75943768208846,2.27356502019875,2.21541074135704,2.87135517282791,3.12930491878389,1.93385162823051,0.718663953751021,1.03315465475459,1.56758554857769,0.292296973094343,2.87122151406892,1.07070700821501,1.7182484429688,6.52260328550244,0.821148995418205,2.9613855457496,2.68119895127662,3,10,3
"72",3.36303306716645,2.76315845621822,2.19626298896558,2.79233236480071,2.05855749557919,2.96063743415847,1.4724222914761,1.66721530343688,1.61598938232747,3.9757871293567,0.435948821436736,3.51051015577363,2.18659029720429,3.05545328033182,0.810459097189371,4.2726957876358,0.780653851933915,3.28114697483201,6.55845312945604,9.54857772691827,1.45610853451514,1.18085659797258,1.29079152127831,1.76807921259496,2.19166204678866,2.73153248130317,2.22524558448489,3.42941096128151,0.562693175404368,3.27570550346528,0.841844235279974,4.13864519208473,2.895835043307,2.86941853468515,0.403731436625072,2.45741443703343,0.800470507966756,3.1437601014969,0.909644330246235,2.34739306310598,1.86330671064065,6.84795821422323,3.84470104111464,4.66484838000446,1.96384346876624,2.70149139161408,3.60031708062423,1.4900174321641,4.44630197502192,8.8853847376566,3,10,3
"73",0.672820972041888,5.59045564898516,5.27704616780255,1.66698499549533,2.85739940864859,13.5777711554204,9.23263423546953,1.87254473850501,1.93754345192566,6.88387502977672,8.33775893918171,2.75261343469366,3.47945510552602,2.83982035712951,1.27723673681526,3.33995673527137,2.37646636842669,1.98609185920832,2.79041825440517,6.12874788257499,2.25167062098416,3.61630723653171,0.440178684796593,4.63245846217858,5.18251067771672,3.18743159800597,0.33452149444058,1.88441267079933,2.66936814060139,7.55848834836814,0.801199223446734,3.40198456708333,30.0443347978036,6.43782187180403,1.92133500776547,1.10129410605499,4.9623445611109,2.88457877775592,2.86736446218138,1.4490313868596,1.87200845315376,1.70151684034948,5.86231458191948,3.17004902921864,4.1748367748566,2.65030367324399,6.12171575801982,1.39775545090554,1.77094976130335,4.48861308322752,3,10,3
"74",3.63185359071982,7.15257732497881,1.20245337738788,2.7598770568065,0.756222072417475,3.38694582885251,4.10086981367372,3.3858683156669,1.09574318753987,8.20703264261693,1.81511844260345,5.2236092874216,3.56942731733492,2.61906483521396,1.98957221525729,4.17139900790944,3.07710416931505,1.32822815453547,4.02251321684342,6.24541256333412,1.59501186798641,3.52505234520876,0.575465711219189,4.06420887940839,7.80964731625264,1.65413602072037,1.41450066846547,2.37811204417395,0.286704872304167,2.98389676606297,5.02136512677521,1.43576502243506,3.15972200815698,6.35497725508469,1.08266851283166,4.19192116611314,5.47169996063711,0.572749368965066,0.0938218413474542,2.83715899873102,1.39468695905189,2.50277648415223,4.51371174642701,3.92898453510815,1.92368259736054,1.71725139362478,7.87354902663056,1.51039891184024,1.97546531441625,4.61296703348815,3,10,3
"75",0.848695987098023,2.27767067876108,2.67373861555737,1.55402573234849,1.45209859284077,3.88765517156717,6.68870322689244,2.85827783713284,1.6388593911505,7.15836186593821,0.794430143575416,9.61382614855018,0.50532354579582,4.7111028864421,7.53264966523,1.68068575464153,0.926163993545102,0.409201382887113,5.24064191574119,13.2155406098458,2.04560916592619,3.17332654557384,1.33556585792264,14.0376667127597,2.09451581678768,4.91099021902911,1.32972432156941,3.24838326609558,1.91211213057383,4.63861038927304,1.04551565978845,5.66574229456695,4.08986800292447,5.23428107335263,1.52927917568611,1.46647238595532,5.50069713911303,1.44978880592764,0.583256525356975,5.17002771875459,1.5663010982917,7.27605609746058,0.289131730681228,29.488114946344,1.96252781389627,13.2948777418051,3.66641133020929,1.40833041059381,3.06014669690975,2.07095126170577,3,10,3
"76",3.57580509974577,4.82104387507344,2.34772374483761,3.03356896534563,1.90021432588914,9.90050678841946,0.531104766813658,3.87682650579944,2.0863410495023,7.80581765720833,1.19491997740198,6.77447204794255,2.80980330591833,2.30870731720272,3.89919521167464,4.8897291568266,1.46894008787665,0.267387827892189,5.11640664993648,3.50970838295572,2.89242638567236,5.74172635397821,0.898713576598209,2.14036791785579,1.12031283695374,1.96524773507854,0.432834888199536,1.93593150171263,0.455288359649594,7.00077409191712,0.209045889751372,3.44438708635315,4.64595774558641,6.17663920032289,1.56818462457265,6.91706776592845,3.5729091356463,4.39976772966618,2.6377546774272,2.85124036062242,2.19955616984721,2.8711803941177,5.10522951050003,2.18095792202005,2.23154382654869,3.23164241389845,6.90546254001438,1.51909204520479,1.50229386350607,2.58143913098367,3,10,3
"77",0.724694779313537,2.17976524961038,3.1211685181693,1.77300207168434,2.06548892496534,6.39648630588502,2.13962165207129,4.10335804927746,1.65622512547508,15.7767725870698,1.81136303248535,1.19047179164041,2.79766677791211,2.62064270076865,4.41391725045307,6.93943101900478,1.23895439556353,1.03603405257736,3.74409353242842,4.70373130677497,4.24597419051039,2.92850098056939,0.526295401045915,1.45735948268524,2.33844049454347,2.06321800143955,1.88195501437092,1.98731577382324,3.20359308044704,6.25998227841496,4.97568070233856,4.4729669217087,3.1860308857793,5.92226377337396,0.901631105197226,0.203691253628483,3.28692658525281,2.39351535840672,1.79950112519265,0.699634750355933,0.617805555001664,1.23451044901721,3.57560845203035,2.3503240928524,2.08125176074686,2.16555854986746,3.39478281394532,2.49400963227503,1.59580624917657,9.99378370274365,3,10,3
"78",8.23706438637391,3.57623009126643,1.3745260860678,1.25532797461379,1.9993029581768,3.14273511665169,2.62748125486254,3.09092911143095,1.09938135385951,2.33103736161299,2.81692512870125,1.6417797204194,2.58350442835481,3.05842548474698,1.70182099779324,6.45217583326199,1.44141182056102,4.22693959792854,0.981741857231697,2.00749730137204,0.908048455561837,3.89329458052217,1.33643916768857,2.20840156475112,1.2127431404543,1.48049099113318,1.84347457865163,0.993033244939773,0.681712795436257,4.83007843285106,0.243707404098971,2.97513823992148,8.33166254226839,5.8332319089922,1.19395597390352,0.909551199732436,2.34684010513353,3.11838529299201,2.34510527012525,2.89844379274971,0.972925767036967,9.60974064410631,2.6129493255924,4.77114419677093,1.76709969054626,2.95128690256889,1.62158150531742,1.52397391242843,1.11476935163114,2.84591691224642,3,10,3
"79",3.46458978353943,3.61113553384686,1.3737443586061,1.74442954030353,5.19459901600335,3.44619081993038,2.13148969051292,2.85740338263524,1.11522365697865,14.7510636047585,5.4541291346863,3.79913956871851,3.19739676724347,0.751086808380562,0.615138320460707,2.90227629760328,2.08082241296777,3.1267768031003,5.08017849029643,4.04148330967596,3.2853465809021,3.14659581671192,1.98300538898169,7.14801825917477,6.19099431400743,1.41713939535548,1.20400742898784,0.915402427429553,1.07899177300055,3.13926269881217,0.525288091320016,2.85674744121825,2.04629241219217,4.1612841764842,3.00002953635788,3.7279008985507,2.3414054686034,3.11642290645245,0.79602002876117,1.79500743574704,2.15418888234655,3.08557633110077,3.90640456005838,3.44197327683042,2.65260194909294,6.5266299421141,3.95876750027931,0.398304741676581,2.5727689872637,2.29896735261903,3,10,3
"80",1.98351134637812,3.0282724479555,12.2231944086601,3.43649595008034,4.00276470061549,8.08553137754622,0.491329451332087,4.05787061756808,1.368376807062,13.4946766916143,1.35122129181779,2.96006310284336,3.01224333995295,0.839840678066773,2.96112195092059,3.97152693434386,1.14156559945903,1.16652120535342,3.09399652376727,2.65535698288258,2.86498821431655,4.38026918494106,1.0730058967776,3.83711746438288,4.55931691540761,2.91547441285576,4.325680232305,3.77165594552006,1.3773108550711,25.5474232640796,0.481993729821479,4.34254564635811,5.38286452402175,7.19623640641359,0.434250107619277,1.69521949418671,1.29211465238397,3.10605954348344,0.966446987614939,0.672900174344161,2.27675441792903,7.09335759816329,1.10409900134807,2.74636682664223,3.17102904000578,1.64723735347362,5.67739327050618,0.282923052932265,1.1106362255406,3.48180550343089,3,10,3
"81",3.0073495732421,7.04868778424818,5.41982400010175,1.63498697066407,6.14303177483703,1.71712576836171,9.20815073449524,5.31409373511201,1.15252463292207,11.2463860894522,3.25462833816735,3.6173497716456,2.16111893784885,2.14625947259576,2.59596329284331,10.5896792852259,1.20204189302482,0.344877322672127,4.64901852565554,3.1953190172834,2.84436558568407,2.37904510323496,1.08909303141661,2.58286944804675,4.02886558416382,3.61984897583338,1.25264521441136,1.34310854025839,1.25254872842717,3.00416866204041,0.832268086981822,7.60477830879594,3.02725058842646,5.22159076751031,1.96561493930104,2.03681588226146,0.798946070896356,1.2491872179666,0.468160663628484,1.84822436475973,0.813772808596731,3.58266327194907,3.61634841192361,5.15650395879752,4.88314666204811,1.58179338951071,7.05635808820897,1.38142660546156,2.59775436667949,4.59906945872998,3,10,3
"82",3.92441429985591,1.9544388329096,6.48842665258478,1.92141949570749,2.68957334587252,5.95707944516611,1.67472031579102,1.63251908282907,0.88766889250894,2.10127729752471,4.45126755344269,6.07007537098728,1.17753010720511,8.20488919437735,3.39352773112598,3.75714852284864,1.8159706775966,1.17763834976981,25.0167940551237,4.02187631133549,2.36550660386091,2.426517119381,0.597949054399126,2.61391594497145,2.11873878660697,2.4202499626108,0.622862300649189,1.13665076182794,0.79795437577591,2.37797627603218,1.70569803704737,2.63097248065377,4.17791543350252,3.07685495888274,2.01173728665655,4.16270261402156,2.82487586031067,4.3799405710148,3.92271846380563,2.14325519767704,3.09170594186921,1.90022308477661,1.34683491774491,4.5474183713516,11.5299779875607,1.93316886518143,7.74378320671778,1.36755135315829,1.63012273250726,1.55113106415144,3,10,3
"83",0.42182531492636,4.07193351964157,5.73485153794103,1.12715600443304,3.59890142870849,2.02575363285689,6.2844335562711,3.12353573381746,3.50278904882957,13.5257627234576,0.958043864280171,5.51758821011399,1.54515446931844,1.23890738184334,3.32400616161081,3.35753086608385,1.50997560991502,1.45056574431051,6.18142903296726,2.74598731763361,1.32739269246766,4.41253164382504,2.42320083247225,5.4600945977524,0.995681713224094,3.68081946160847,2.09973924049467,1.45342641282907,0.869474010812944,5.78064814173623,0.281036438938119,3.30047283019919,3.02034449292611,2.87077029114396,1.95554063252678,0.310986262919057,3.33329218547773,5.12342187861116,1.18581018199192,7.02521429756934,1.27528784514532,2.01559990619991,2.88229523403623,3.99401480085379,2.20231731200965,2.22166839840073,7.39460417220922,1.87488557923723,1.74582888357832,6.03439834070136,3,10,3
"84",3.24834561237346,2.40437132253344,5.6643472238398,2.72571849637698,3.71146021032672,4.83771800977625,4.04631309607395,2.31714808473849,1.64489220973717,11.2931710056797,1.67406154332232,7.3969413921255,2.76370202380887,1.35133301127732,0.884940680635113,5.83714274153963,2.4521965191785,2.2293911962549,2.19282107773274,3.4134574337493,0.804441306891751,4.08104704314091,0.980332945362568,3.57404401743764,1.19182133215708,2.46984518856893,0.997458140378814,2.56934684483715,1.5095051711862,4.48249252093325,1.35462617451217,3.49096091150922,2.71964454408579,4.83270848467657,1.39406682387664,2.65659779859397,1.17848857818478,4.24560546155724,1.42245783248109,3.09464397986088,1.89111672330905,3.57812774162016,3.97766732458793,2.5704344168178,8.94552135245228,1.70968004479132,4.13317868069825,0.252955600603397,1.64246643772337,2.07972543842413,3,10,3
"85",2.01461868952907,1.72089584880066,1.37315184075383,0.805941590085034,6.7943299124187,4.57406197527144,0.188968996917084,3.6090745485306,1.73893484504135,3.7694803168657,2.38019213020814,4.89279523768107,4.35496472057137,1.67991632287819,1.62246691126981,4.08869676595485,2.07920848471679,0.494746938745088,4.83881411340221,6.21183318021101,2.4159810517222,2.1728653939191,0.961671008784637,2.58237924112638,1.55078435164584,1.26934708183556,2.47323480625741,4.87177113638812,0.531507601993844,5.79030612064146,0.695801800699126,2.87373309083659,2.83414916906097,9.20518550907092,1.25400047037686,0.74001747188823,2.3679509898736,3.30632095738889,0.269315652710204,0.921920043891265,0.908699212547208,2.45218959884205,4.60327763937226,5.38375619262132,6.8627018575243,4.97145576201062,18.0373119958048,1.54875654548272,1.47680604817794,4.1981745908641,3,10,3
"86",2.67911616466581,1.58399256563755,6.90812670230751,3.64258036203483,2.47721367345294,3.61530675508048,2.32274470223558,1.18487159522391,0.848303817839837,5.3436736441416,1.86338750083614,5.62559858214901,2.91446952206245,1.64586457265865,6.19740252208767,3.82899256349313,0.67519694462205,0.516741958326878,2.79917332231776,5.37308141444278,2.50035086910185,1.56283386984964,0.824215190885673,2.09446723272502,1.56368994234374,3.17478490874034,0.960665894629413,2.38520540391738,0.645778476694901,2.51250711461696,0.451889433887297,5.11946848887923,3.89571215461559,4.57570614905262,2.30398552692743,0.695911015686712,2.80491290281815,0.921503892973554,0.626761088150428,8.04610469690929,1.11811439675304,5.39792686584124,5.06531588964945,2.37752423705296,3.40025188056755,2.45638173709236,3.83466581371864,1.31005872912253,1.63740928599567,4.47892046334918,3,10,3
"87",0.752438531257312,4.86340627131438,2.82040684137795,1.92947693265561,7.11605906020823,2.95566239871127,1.573678575185,2.22991066099503,0.715735841024452,6.07573249621191,4.47128179296693,9.00758621805758,2.57094157704284,2.36964421653962,1.27381894111915,4.42238454599043,2.00334946616742,3.62544650395656,6.00466806487296,10.1635281901845,3.43223182478319,1.79625171785289,2.87836273450099,1.37387836745288,2.81083162644896,1.38723835339392,4.22030634918668,1.82066428315823,2.75996943712009,4.37891652936977,1.42187139908998,2.69017754828128,5.60706481873167,5.2157805339007,2.75127698344298,4.65813090430656,7.33654215750101,4.3316315558048,0.496349142199016,1.54410500141839,0.925440972768317,2.9021582790376,2.55117483535452,6.19740495398553,2.55582982567274,1.43538043583482,8.7928011607034,2.40088598566589,2.26664848441342,2.72632759916105,3,10,3
"88",1.52643801922119,2.31064320193808,6.90143510001988,1.9469912752973,2.82814416156987,4.35377285517201,5.95939179693239,2.33037185951939,0.887203592439673,17.1805764333398,1.69177970431767,6.93856412717011,0.968444754939244,1.01427281541064,2.72701905271706,2.29003107474332,2.34125642973165,1.72498213529349,6.47013868404925,4.66761301781321,1.18880143059759,4.09026259420395,1.2785093473989,1.35340089031825,1.83666865562432,1.88049319049856,0.341215852674361,2.38058791381654,3.02447274212116,11.1475083929739,0.976837052355198,3.03225855462403,2.08929442764803,49.4427125274638,0.885063592869871,3.36613431251333,1.67658702174039,2.63262852990619,0.369929665365205,0.990181862575028,2.2254940918646,2.39463068759413,4.57057770572757,3.71826754726621,6.01913577614276,1.19174847136501,2.28370618100151,1.11754475515889,2.77138093521579,3.93784951460214,3,10,3
"89",1.08889106403134,1.1324602580899,12.2179448813445,1.56210737682964,1.87569882227436,1.3695178552758,2.16489459308655,2.93197750718314,1.05309438676828,8.61795996657973,3.39937474108026,3.9341610982231,0.824642851482195,3.25702337003931,2.35985143942367,13.8690716447918,0.842005808325943,0.58565753492243,4.30668110661275,0.308640404284551,0.53068047212282,1.74000205952572,1.20554711852994,2.13439099998407,3.18751133331284,1.27031631710146,0.652364078146211,1.95243947900317,5.27177884835633,2.08107272405807,2.31531082085047,2.63472167372974,2.45076018758879,5.12581365084545,0.885009009924561,1.44268792792203,4.07016416976317,2.02718055801125,2.68626773937421,0.842391122688787,2.45163110045616,5.22297083004515,6.63774228667357,10.6404285389038,2.78523988683354,2.66499676175697,3.14400108544114,0.934872647670295,2.88947476572151,13.4787648115394,3,10,3
"90",1.65903099370524,1.9658430290493,1.99436831864259,2.66916916263473,9.65359826211064,1.44598719894428,5.5658578449364,2.13114893854942,1.75783403147403,8.47952195656951,14.1074047552458,4.01633309153079,1.09622019317396,1.67803286324384,3.24585613336076,3.91969422949532,1.5364593785166,1.49016902946834,8.26082239033368,2.42343730249205,2.17210578070418,3.81599234421096,1.23400529108165,2.21268952956868,0.431135648517223,1.32167031705428,0.817732488745506,0.946364788067745,1.68627862839376,2.46047702917893,1.18374083180702,2.7451132901957,4.00906148885859,4.0547745818821,2.81518183063522,3.98927857078979,2.68472444472639,1.68206796990839,2.49438468691342,0.652175188259925,1.24271523581427,1.11255748189507,3.88179237206466,2.3269528360707,1.86117325702111,1.92699908603598,11.0860570361072,0.584291672834018,2.2831842161878,3.11316393135818,3,10,3
"91",2.47085138490443,3.62192212294476,3.04541877002835,1.74211083029532,4.68336701813494,2.75052642568558,2.8385947520647,2.61911266392811,2.81770007305389,11.3561358989154,6.59721968363119,10.5957830782504,1.47767531614881,3.41383215894823,1.4163249840052,5.16095313434476,1.67267153789113,0.305838903285584,0.826392898778159,1.60050530543215,1.76472529822865,1.50702453965243,1.1443736879837,3.71503294483157,4.01802719519412,3.6087066690315,1.37832444925926,3.84406701370135,3.43783884138055,1.93953462471997,2.4549625904432,6.79049474987419,1.83181356910606,2.0242727457067,2.17066938919972,2.97153654492127,0.901980426261747,1.99465901342736,1.49326171876349,2.63408498478868,3.35591200513911,2.55954747214445,5.33542086959538,7.0727711970478,2.56995704163088,1.75853766922599,4.89789577721373,1.43732374569399,2.26388668665818,2.79543146337047,3,10,3
"92",1.54384711461614,3.33014291453249,1.86185513398698,1.37032193250499,2.5447182812426,1.88414552272929,2.54613094833324,2.46014526492467,2.62354639020023,6.31174060037702,1.98806255056075,4.73630208224481,1.81054364480651,8.42940592091145,5.30570801654754,6.10863633214997,2.26698046555336,2.61000124223855,3.82494181121551,2.4129440629184,1.54062202458144,2.99250857155681,0.616232801739559,2.06405208119044,1.99112906723888,2.82280432630339,0.357143624850374,1.61764614544696,1.14225792588994,5.00321394661601,5.80010855352057,3.76152986911537,2.51019008872762,9.65162366185631,1.2218823690943,0.902590876557608,1.48038465279367,1.82640989891331,1.75079613556269,1.16447581935405,1.24134616158929,2.8820070959075,3.38096222478516,5.04193317235188,9.33735306019633,1.54694706265874,2.43863770031456,1.38760884588698,1.1916857835316,1.10227683335526,3,10,3
"93",1.99230441269564,4.04586158980515,8.50705113701811,1.46584353702198,3.02178021330605,1.34689213405955,5.78853771108095,4.86427071470716,2.18348082199094,10.5112959559413,5.18360124189054,3.95999409382741,3.49184591988514,1.50453486922738,3.36055988838804,20.7655591329407,1.17262257224918,0.947604681492919,3.99142878376578,4.65683061503528,3.23943741973643,1.95169215323,0.431576914205784,0.838861767453257,3.7411845334286,4.78235114667495,0.436411372394222,2.77461355584787,1.13269148341232,2.61278825123769,1.64473699205332,2.83711250590794,2.35303317672402,1.63494195097855,0.684637824529929,0.736563245858402,0.329187273691472,2.4048547017545,1.87535285034579,0.457136193708863,1.7452644574641,2.29272938177779,3.45794519950856,11.1524275894579,3.75641312922977,6.50328467187764,6.93716246294073,0.780497555936359,1.3811370921987,12.6731992167804,3,10,3
"94",1.51070773506478,3.23952831587223,1.89732952666706,2.03014207717987,0.626843034919175,2.61140332828029,3.17631570690852,3.33542746265622,0.906648963395324,1.76658946868082,4.64408547577029,2.70913891534204,4.0767731239421,3.62793929427932,3.1775826056584,3.77048585912142,2.13700004350847,2.01907375570476,6.91933612314821,1.7777340960279,1.62873192366801,2.46037639073371,0.616040680114492,2.13974821602568,10.4433085604826,1.47212703327962,2.10610130461372,1.68468975408029,3.06782916385289,20.7846755728032,0.989864808013358,3.50735578886469,9.88743594144957,6.28112701105315,2.12896271405319,5.71447290182987,3.97146902656618,2.04483589521185,0.329056581363411,6.19291200938831,1.47377483729403,3.18261198317171,1.72969616436202,4.46110245605155,4.29004020516985,1.43542734582362,3.11847642842716,1.80459742531661,2.13681021731951,4.41845963854263,3,10,3
"95",1.70254215344549,8.19279328596295,2.42410875847976,1.77476774029808,4.36498620944723,2.994117386445,2.15060204838704,1.6653197505077,2.88276068524954,2.60918714289811,13.6212217472622,6.50128618629579,2.25570872030298,5.41446734571741,2.98167946901556,5.32873985950822,2.58107026133413,2.62853852395505,4.43243719511842,3.02227161218994,2.74260238040142,4.84517891669288,0.928913607611458,1.93087306078689,3.10213253098458,3.31937326454243,1.64385985540319,2.24727827199884,2.46981034651516,1.85213997743472,1.89290080100548,3.91219528966378,5.0925668140672,10.4003016369588,1.38234688932038,3.77775552391721,1.151680859842,2.87818449941147,0.887438027748218,0.714987165502613,0.754756010835515,5.03690254743768,1.32324173380322,2.84772905266466,2.09915250548344,1.13461925608239,2.51904302450666,1.41810458222389,2.33297052169203,12.1390498160721,3,10,3
"96",2.29085117425378,6.96165853170977,1.32949101493979,1.58915900567278,2.29495777876324,2.26108321436795,7.48520429587875,7.74196422774569,1.40528388198143,1.92161559413912,1.43018664453327,6.41326871517078,5.96244507736864,1.11459691495621,4.2641568413898,3.92681764308686,1.06910718349544,0.61104552632671,6.48465308169205,3.76464533665564,2.37433295936339,2.89922488945905,0.471728171468391,8.06320645531794,2.13904892868941,3.16405746505343,1.37232351818159,2.41809052178751,0.431004205027737,2.81072687825267,5.36036605412061,1.13298253442275,0.537512766833491,2.41627789236408,0.77857786012318,1.75956070709507,5.40178416492677,2.43550809939897,0.401456065666162,1.48524588747369,18.755424591051,2.82668949541681,4.23849901438535,3.48408286052457,4.23095340110165,21.6267741126908,3.47025257106767,0.267804829172094,1.99157811073643,2.60370281230236,3,10,3
"97",2.73584056187804,2.44491591424083,6.38056903742311,2.72582620975734,6.14226367038561,2.10340576861713,8.42060979838218,4.4382683665758,0.794502793735279,2.81516007131476,2.73539748577076,3.70670763353001,3.74317574866909,2.42224788536922,1.32283451291097,4.71961459216484,0.800266800882015,2.126075986936,2.20936935980647,2.33079000487059,2.07849405463046,2.80822232895712,1.61368781145006,3.47997390125711,2.59667578410985,0.709112595294142,0.304131224690908,1.93987129060101,1.12897492272106,5.96405934104131,5.91132073558127,2.41993516849729,2.59649556019302,3.93773879714368,2.81075150523337,4.93390821375922,2.80218479883774,1.67048641813883,2.75416173102849,6.6757726381136,1.44678454075927,7.28458352456097,3.87974832805413,4.06714754028992,3.2431059019285,4.20478008905974,10.6447190018991,0.339598091675107,1.95239823131134,4.64361932338607,3,10,3
"98",2.11879607217666,1.51293226770348,3.57086446038514,0.691499327698558,7.78091957082638,2.22261176391599,4.69353320432063,2.91642659521895,2.13610513509246,11.4235797781698,2.32675829748118,2.25059879022257,0.61170797273727,0.768311469463635,4.05285093300257,1.93736085351408,1.51967716345649,2.3479219793046,2.69240667439433,2.66031806172061,0.976128567977198,2.77178165426743,1.20837229498342,2.55572169800536,3.77002628739248,2.5643814219297,1.34461001099266,1.67316466154049,0.93318920592685,2.8474338475764,2.37847251393354,3.30986081170444,2.28886640470746,3.65562957934007,0.941303031335994,0.653227889225448,3.91218770377071,1.69405282954278,2.4894661310248,2.75765072871852,1.72534823738448,2.21191464394516,1.1972641262087,5.10849870606119,3.58101865358422,5.07659382621485,11.2181028002217,1.47038187297776,2.33263589566918,1.94150355331526,3,10,3
"99",3.74773333813225,1.49806502260055,1.49362664172544,1.67080220143764,5.03601939523989,3.31657105127037,2.31078357354301,3.93999800217977,2.15452731095333,2.63104688663529,2.52950992151876,3.37064416156099,2.10365997400849,3.33586785107243,3.91676482107951,6.34692755884644,2.94800610685395,3.02357041167362,2.63810043270565,25.5963814165834,2.60784433562416,5.48193176988602,0.492030545126998,4.53535391997207,4.17278863465528,2.6134728293749,1.11296324023719,2.58043383804347,3.2371237541681,4.22220912811271,0.253345629243995,11.4538645287346,4.09268056843912,1.92406549199253,0.801997525537756,0.494827407314874,3.80823719537306,1.54616177600801,1.05408571208564,1.01275706221153,1.63113832781969,1.78287359129784,2.26064852003644,3.08130671626611,2.26510269456206,1.51521826546325,3.55390181428261,0.593234030749519,1.64414326508499,7.16334462678655,3,10,3
"100",3.54719154996017,2.26696084616273,5.99777566995089,1.4436006917337,9.52190529949355,1.81813836194283,6.88157350216288,2.35900499010016,1.4772395576034,10.4385149498764,5.59932108378841,4.22731709877444,0.792272243250686,2.78874784397667,1.25666781932783,3.82820890731464,0.932500253076356,1.87636234948759,2.22439802645333,6.64840841401467,1.63935258266396,2.13292689437063,0.556703940310188,4.1472134488322,1.08702165433079,2.60083751318399,0.990696683687875,2.29151665631627,0.420796736585624,1.81626398005129,0.911640576922453,1.75909318996643,5.92731966290074,5.2347195818071,2.54237893122472,1.032800893748,7.7313038353388,3.00545782183965,0.655744797207855,1.28549166365924,0.922778752266647,3.71713372375876,3.11070384194238,4.46165085967468,3.00550444362693,1.52209848237743,3.95259831249978,2.54639061008145,2.1117162482239,2.06919065170855,3,10,3
"101",1.12746279702218,0.575351405889255,1.47565045501824,0.563126605617913,2.62925271008602,2.07851966691558,0.394885570161098,0.969025584892992,2.22177111176029,3.90572947164655,3.19685587194662,3.74766793750043,0.545714837250422,3.14253691332276,6.04213287235787,2.16086226617953,2.32827852035887,1.22276242294812,5.15608032573324,7.81634755464353,1.71659116977991,3.91972780626957,0.908116900794066,4.07198633324622,2.39094415308784,1.76104005358282,1.96720338001687,0.81307227068106,1.25079709284789,3.77537682547562,1.15313676583936,5.47349365070402,4.6770370199106,2.17048312546622,0.765882669851729,2.38484807535536,2.88951500290326,2.1213054527392,1.66876087713194,1.68978667602512,1.16823721169472,10.5895818243182,2.99853664971851,3.95954199988983,3.24385312296265,1.78186427568967,3.33888008072322,1.59267448630439,2.17149768528949,8.90054084118727,3,10,3
"102",0.819251931228351,1.73338827357352,3.87563395888057,2.78915461061089,4.75357927442849,2.17632967393665,4.11464358274448,1.34915876571254,1.75479940793641,9.04757585940358,0.704431906772437,11.4242835490417,0.759367068372216,2.56094900642916,3.59687280918055,2.83392320807294,1.92725072534169,0.903234875012167,8.15517047182081,9.07019966240905,1.82828194572833,1.73540729628594,0.325363822997451,4.02062496801121,5.24487658423543,2.70395171343337,1.89739109404129,2.61269590332435,0.558106309434429,5.02777978593476,3.44723935210682,4.23226152195235,4.38716013316831,5.80136861396986,1.47733529737399,1.66232186168983,3.30386647175452,0.363292433228433,0.630240719980176,4.4366934754303,4.21758921013989,4.11633328972084,5.17060822654772,6.35603947789801,2.23444069913659,1.75191073370135,3.47277639410646,2.20024669230157,0.94674049426812,9.47261390884752,3,10,3
"103",1.93290685032127,2.24202155677826,2.77082564707998,1.12176783272352,2.96480199757296,3.21819008063229,1.07250712709904,1.7341968500357,2.70637868730919,1.61247651898741,1.17086741908934,3.89663284006804,3.29437131890028,1.60962495269724,1.12019781271255,4.91952622172309,1.30786486071622,2.49933339777207,1.77288623811298,5.21489264173705,2.03220656621012,3.66412107023376,0.188932575023028,3.31678024757607,2.92511965626037,0.804373291309173,2.05657691259964,2.09885199017764,0.799083362293421,4.40618712477207,0.230030556643588,3.7198434816129,2.84082662081959,6.30081397450305,2.52917473318658,1.28276906524949,0.372580507598188,2.20099764425942,2.2221837667344,1.94550570935136,1.6367651329268,6.29386695250477,4.48899088626638,4.93580822744615,1.85834929497842,3.38414328926318,4.84538489051413,0.252389968773659,3.25659661404578,2.18692917634858,3,10,3
"104",0.950697086794484,2.41774388660377,2.34077990351618,1.61893974547941,1.63965005113765,2.7321827763069,3.57403423290402,3.44909696039921,1.27995524628833,7.38436384789062,1.78559778746199,6.44870554055432,1.64176861703483,0.761387735025153,1.78875730394064,1.65816862862108,1.86431143274758,0.722565378996654,5.75246804864641,14.3737925444135,2.19761844720106,2.41686758174016,1.35076658570777,2.3666517742557,1.17864856682347,4.04142146396333,1.01118216745644,0.310918782649778,1.38775383671282,2.82998370796757,3.62966151623827,1.21413468194764,5.79989728035622,4.24205065786076,0.568566489900418,0.629547325744626,2.81199483179169,2.12330766970559,1.7465474355847,1.73450166799437,1.29909948097127,6.15701799095042,4.26931376744279,1.71770520996193,2.79105925563408,1.07527875570395,3.2170312809074,0.545399963151758,2.5610124284137,10.6105610947223,3,10,3
"105",3.74010440001256,1.14997294422558,5.0072947446431,2.16595779132815,2.40341506404225,2.01349251870226,2.26527572150556,3.57700168397756,1.56037340520032,7.78977406482128,3.45097943821361,2.32292905367655,4.51642440711875,6.08794531541717,22.5767744846793,3.06113488498031,0.931785037651492,1.33961973269581,1.8465587952162,3.81515945642758,1.66299006064574,2.33193994692844,1.16376189712954,4.24435893923219,5.51513222553791,2.34418910401395,0.967279581663346,2.47273909405312,2.31882812617715,2.48130762498526,0.4493712227291,4.25813174197849,5.51210763077909,3.63567316824661,1.23088950772117,4.20422899773665,1.12067429800235,1.70852777698254,1.80532372167579,3.01138003180642,0.871017892181585,5.08149459936134,0.807474304256084,13.4039437826176,5.76489138912497,7.93602807898809,5.6082805086515,0.468342971690552,2.97726250248067,5.2236533860011,3,10,3
"106",3.14173701023397,1.54405463040355,2.11082864870133,5.63032873282939,3.30900741931606,5.56798898656178,0.803960062048589,5.36661602572836,2.9452697065626,6.83632069847983,1.26290280030273,5.23916906214624,2.83294219475266,3.10596158162446,1.54599145184797,3.99032965198123,0.888514713203748,1.49906768677847,5.81893431541366,4.73781491164767,2.16295956053531,2.21336637737017,1.76597389999106,4.30734846496861,4.71870715483598,3.37597664559161,4.6913272233291,1.36379077909775,2.38896801791349,32.6792724114772,1.91321384531379,2.1930014271896,3.17865864985507,5.82297240807332,1.13205454018789,1.20174149646422,1.84320247536351,2.89469545709115,2.65442296174832,0.638171502121052,4.90660279373499,3.2553294749816,3.93872036211446,4.02923307486778,1.57986000627623,4.54994548004466,6.05159731567053,1.472695482966,1.0067422491713,5.05101517835416,3,10,3
"107",0.800495929844991,3.61031586269903,1.65965543628916,1.33758773907329,5.84325839239928,3.92982697281002,3.4732618590637,4.27404663349265,0.542366954467178,6.50563662368821,1.90316879995967,0.93445021472632,3.33657691790432,0.689718178098367,7.49759783918816,5.10105168051474,3.50634891320402,3.54981289622506,5.50211816670254,4.39090481979682,1.63193120383927,2.82765695759589,0.185913595396809,3.55147320906126,1.77193025374295,2.02151909008396,1.33525647692308,2.94572983231881,1.24777630786691,2.83082192931507,0.66947777177517,3.84660667589891,2.92357360561677,3.2113255482995,3.46894239181118,0.425101174558527,1.60393589954161,3.89108854972164,2.15303745556317,3.01590826780051,1.50619227262202,2.45949554261536,10.0650697269559,0.97719207231029,12.5468460913248,2.02950926597976,4.19037459397501,0.85119427659048,1.20220037302806,1.45775461260308,3,10,3
"108",1.01802459641664,1.01909964390067,1.4703107598684,1.77596783006013,5.5807236549422,3.47565514462414,1.69076570837453,3.41657574507805,0.935879638929892,4.73688099280023,2.58478533014842,15.357311667035,3.24344923809939,2.01044639869373,2.19591059631106,9.42443578531829,2.61662065898835,0.573932395275279,0.907911483289567,19.9450322783139,0.405363626381153,4.16118412579137,1.31973052050613,1.58890009430359,4.12172677672924,2.18441685093922,0.636384707636373,0.455625987414472,1.11028461324218,8.53800493310025,0.947074725812174,6.71244584201148,10.1219062765652,2.65694186921211,2.92548951874134,6.17484451555424,1.94860075711522,2.69839520498683,1.26887364035765,0.361663103226109,1.55117627508608,1.97569104074185,6.31956422114759,1.36847036611378,3.11543070445986,1.24152799273481,4.33370102320001,0.464303990097462,3.24456561625994,4.88298748508483,3,10,3
"109",0.93602751463167,0.610649641138362,2.22640052111636,1.19182387863707,7.30097997978557,4.2310759131149,1.61031914060261,3.27536743412626,2.03446053769497,8.45494170465097,2.49085402287822,3.4285894029684,3.8892073794466,2.81745170242362,4.72380079703849,1.42848297527142,0.457229568628011,1.68411018124554,2.91024299724973,3.89429203579771,1.40736241343057,3.23291534553756,0.911308468543759,2.81016781547921,3.01015196382365,2.78318236689561,1.19614785589217,4.8855219234779,0.666020712896402,3.85259035332726,1.64044156647763,2.30806155046426,2.35581545970654,6.03829412194936,2.10729437147068,1.20966915183538,1.2578501208301,2.88533369105503,0.357406971669631,3.26635380122588,0.90720340461039,3.25183649864416,3.10733139264181,4.47264969876565,1.52157288523462,2.18016008086286,3.28995375046553,2.14076443032807,3.7464407748746,2.44445896561907,3,10,3
"110",1.84134874811908,4.03827882997068,2.1908923462249,2.43684533319515,5.42881098681603,3.03765541348099,2.21409628397515,0.249708039244762,2.05644949977653,2.03898711080362,3.04536408867396,1.39761366780344,1.85549236634104,1.32753542145677,14.6956112349824,3.01380528929365,1.01424290139884,1.50380547044311,1.76302556593054,5.33135710183969,1.21055564610243,2.12369488984201,1.03714795795914,2.26930518432745,2.91778891967696,4.05821299266807,1.76123291364576,1.87400096179623,1.19853300677469,8.74200433028222,0.552746394199693,1.76278314077378,3.12728684857112,9.33705093023728,1.10179589195931,3.39809285858144,0.272949137215274,2.6559921697674,0.338637930727345,2.69534114924728,3.9627205750559,3.00174585079186,3.38013790288743,2.57008769852268,2.38673211704233,4.14342741178069,2.94056278859898,1.31706453802732,1.37766919590868,3.84177374368222,3,10,3
"111",10.3248781927929,0.41977810838377,3.39680135681183,2.10672909387288,2.18824019896429,2.11774667938429,4.72855376684984,3.90204716825354,1.41712627148188,9.06582699664164,1.25120730274104,6.57514954934014,2.1618431496734,3.15997561777025,4.43751780721626,2.05775383138987,0.992579195874613,0.736787325461074,1.91463308130475,3.07065190136692,2.7286200729425,1.60286688283985,0.338208999014727,1.79874255349052,4.12633561962305,2.54306259778426,0.858070938599104,2.26737131239325,7.08928276979528,3.79912170421255,1.83075923697416,2.39964371818807,3.2584870940047,4.47975042365011,2.53798342660538,2.03702290561214,4.15851400870001,2.19159439670607,0.905859632461923,1.6390540736924,0.658190191494011,0.859678598280566,4.44298976515256,8.38896896707586,3.16121694966178,1.83142872720832,3.72311540241306,0.352008179586224,2.00885396875256,3.38053169795456,3,10,3
"112",1.60661860755764,2.38005012053564,3.24175839480735,3.3986495177855,1.92676275403203,5.69344614307296,4.37714227610187,0.927142252437816,0.875232592725049,6.99290925798793,8.52103871992867,4.82097932671351,1.22993186870443,9.35811548294409,10.4670408342322,5.71505622115888,1.46514250273957,1.8438402933448,3.15201914182453,5.31194006275468,1.71342738936847,3.51165305626446,1.16375055266443,1.96655865911056,2.11087123632012,6.84034121397953,0.697884969162619,2.21017670857058,0.69568080866348,2.55122713915245,0.13349738632676,4.70556578861122,2.546399335111,3.14839978203657,1.87110003715462,1.58764331965698,1.09511207094352,2.76029062164156,0.820199071188181,5.8019822993642,1.0361326867745,11.5396442550862,1.97225125314318,4.34930673467408,2.37582337831875,1.13520598557178,2.73325416954999,1.46742521131068,4.63654198120336,3.61276969004153,3,10,3
"113",1.25803898750194,1.00676650787987,2.63024345484523,0.506069791183316,2.43482951803205,1.97372223814796,2.94260601083576,3.33204564743543,0.90003880551367,3.33509642077664,1.6887680544427,9.19995975049661,5.48245388186886,1.61626448677186,3.89201677977526,8.36471021533925,0.554709293873526,0.725258441999096,5.14834936466296,5.04755628160591,1.50427898816018,3.21070129460421,1.67149395743882,1.37033380574185,3.69444767422096,0.395298392692954,0.993664374060572,4.99932030406623,1.14510285645305,2.02726277108587,2.59545512110939,9.8519819119611,2.03146917917855,2.95490556648887,2.01906167384307,2.09393436669922,3.15876288884064,2.49964892957345,1.39322301827549,8.39132858565053,1.86414965548239,5.58621067077874,3.71060145036127,3.37816096077664,2.74854015098821,5.37236220730149,4.84692364723397,1.09387132055012,2.55180636400734,3.47589492404909,3,10,3
"114",1.83803045205511,2.33819665025212,1.8842710132017,3.24046676476203,7.38401701410194,2.64627965730139,0.882421814337818,2.83650924260374,1.08919840169555,9.26427436209945,3.93411508647549,1.22409481612771,3.19463911665454,4.15334124219933,3.94979614486555,5.58791783120727,1.15296909232134,1.48154390357641,4.31387715074308,3.49822616010246,2.20857567390222,6.23806272364236,1.26311731610493,2.15322949540649,4.53855833677943,3.7331560489014,1.24193277186243,1.43662818293783,2.32846502751069,8.77832189919125,0.280153901766692,10.7395118674482,0.552050138121895,1.56673941474708,1.21365108229197,3.24976531648121,1.72299065845431,0.547083231557611,0.478082312271899,1.38139898054557,4.32804503850522,7.00545033021796,3.34167474298487,3.90499403451395,2.28558671470142,1.87168832479226,6.6301844383748,1.49297889706516,1.43833441458154,1.72150845228055,3,10,3
"115",3.13720815695377,1.94199435198083,4.72321333325381,2.8488937880464,1.83290408796021,3.18633348971224,8.31749491239581,4.49989901651685,1.91316748030599,3.55616440330558,2.67931298241501,2.96786720049515,2.49211002760974,1.41489786648993,5.89008713892904,3.40577213282406,1.3656449803706,1.4345003834099,3.31919495696516,4.32404311855017,1.02226984028024,3.0845355391305,0.344574126780605,8.04842583110409,4.6139277554193,2.1004494352955,0.722226241108573,3.81786959999848,2.05008593948234,3.29606711142156,0.529220945960394,2.47337485586699,2.12268076957212,5.2213005806275,1.08959532454259,4.49133220778362,3.53489577575427,2.18000853009778,3.01781799238795,0.84078853741154,1.71964998258352,2.71558612097929,0.98453193983736,7.20406816925596,4.01992937782027,1.68669239958614,1.50431850879469,0.538853709967509,2.78969153095401,1.99460796080871,3,10,3
"116",2.11352064638418,3.31534219674605,2.05892851799622,1.50153465058404,5.6618415695323,3.62685870491728,3.29488626671763,0.896480713215557,2.09735382381732,8.08786416209781,2.47318605341996,8.45420166538935,3.18931658957554,1.75924255264007,3.08153389223827,3.26681448309906,1.3069194055943,1.59594750082425,2.94202915650804,5.17149158537634,1.96723765209237,2.28279473956501,0.392063214177622,1.49296662768735,2.28870894029852,1.57198361490764,4.19883462430274,1.81885594201706,2.39655418757169,7.15774914901297,2.88393630453834,4.23302484987346,3.38610991089289,9.46677153018583,0.536012502440068,1.13062146201329,4.84906120326261,1.2633150427439,0.751236654544003,1.10718732883537,1.84148806523231,6.48872961136482,2.67725063132944,7.30646328311553,4.38200675467561,1.13482775262096,4.98716108279068,1.61857572295078,3.18702251531324,8.35101322398234,3,10,3
"117",0.898757104807039,4.69205479724355,3.57247874524555,1.54396613846497,1.99369275622508,2.43668546875417,2.65655018971811,2.04820995744962,0.90602520938121,10.1332390853203,7.4927273345545,6.40503226290805,1.76738675117171,1.51876305112785,1.30019391921026,3.70443656681539,3.56378585744583,2.45003668632351,4.78356305295872,3.87095719827049,3.01166597197372,2.21039873403888,1.72332232700917,5.56489086991863,1.67820738684921,1.09428617698485,1.73750210136169,4.61403469945165,0.978049290905562,4.19433518409291,1.9726478967234,2.28248851815491,13.4484628594781,4.90964722166799,1.48475220425881,0.273446808771328,1.08479879007438,3.77515279675411,0.450727471335057,2.70069139851461,1.12679576424515,4.88105978636535,7.03004954444172,2.9412354396721,3.08064521998292,1.54453939791122,2.95797406972641,1.97740414180149,4.682820964641,2.80228665159446,3,10,3
"118",3.23288847705881,2.51682646221246,1.39683445087188,1.75171060835391,3.07419748267027,4.50123463141681,1.15052585001504,3.07671891555169,2.98484748854591,6.4062064477801,4.76708219392241,5.53173430843777,1.17813554168413,3.23676743928253,1.29782438077166,5.38694311847337,1.38433572615407,2.46117027853626,5.87519513868942,4.7251579943805,1.68274080810159,4.38459100128566,1.10851423465652,5.38784387124511,4.45304232141429,1.17327978228095,2.78807067584183,1.3404591996023,1.98205353722049,2.15807232638098,0.405575406512444,1.28737887116777,12.5365454997612,6.00961851857228,1.22762468451925,2.21675740876666,1.43090584084003,3.59341297209302,0.180326800879497,1.0539781796387,1.92271853345983,2.04362729592969,2.03335524182754,9.42617584928018,5.56027525244819,1.59215254393313,10.8272541810308,1.88654369922235,2.38729432910387,2.70320070792829,3,10,3
"119",1.63555678519881,0.596466854243043,0.798976157242264,2.47484171496455,2.34596000788884,1.58469043196954,0.511238577250521,0.958012304364139,1.74734784008617,9.96518889429532,0.766257626770421,3.46207042583871,1.79157555202796,2.27107188589926,3.68481137430066,2.57380068777571,2.21110657905384,2.47055859750053,4.8988158019547,3.24262550057225,1.81952483888576,2.95714634199738,1.90955485068732,2.07089491978581,1.9097444513797,2.807745907542,1.04374009257707,1.53690534274874,0.661641473070915,8.57790983817467,1.03320845023898,1.21676025865681,4.49857877200433,2.54262867824999,1.43540059776885,0.581290381347629,2.51778918282635,1.41522310172068,0.790657116945184,1.76679438606317,1.59289781491322,3.92293900951467,2.54674583045702,2.93437188275529,7.2737182092567,1.99244835372787,6.32145064996238,3.33969514178359,1.83076493717241,4.46127862065203,3,10,3
"120",0.918403194053228,9.22171521244619,3.84759044851848,1.57208008447907,3.52776159506263,2.42884003979242,1.09945648955394,3.10742488714173,2.45703636811437,2.53935225507164,2.27477072399176,2.6003973474089,3.52868092307791,1.34685876335445,3.96835038960034,15.7792749170285,0.985036436945798,0.757767459045111,1.64720618547294,3.14923762005323,1.20130731853737,2.39823055639461,0.414642851895838,4.34725101617057,3.39583580460424,1.72723998221581,0.936983610505199,1.77648497564038,1.94670940922131,1.8248715984404,1.76648170730411,6.79796470976351,1.37778146041766,4.23797552866556,2.87422183233329,4.5899340772804,1.21285650690509,3.46550922510806,2.59527664752454,2.96228663175376,1.3400835224606,4.0511419634283,2.88044510833412,3.64690969792292,2.90361878218405,1.37428519862965,4.7563356505329,0.899598165050126,1.99552892994482,1.70792083510071,3,10,3
"121",2.99501565079708,1.01961044373757,2.095117927163,3.35896854054303,2.56957061079628,14.4444254916454,3.95392091802828,0.245542770378375,1.12407434302647,7.03490328108166,2.4593534530272,5.7761778310619,2.41612012350938,1.81083807958274,1.51862936110928,6.23608533076056,0.896091125243416,2.2215397161213,6.76642830883647,6.58494098867069,1.526058909544,3.65260914950878,1.36470897070751,2.82409342341812,2.5807783780214,1.63392863294901,1.5686914575357,2.15449832416482,3.3828706636533,1.93846769373906,0.68144122096158,1.4888289567606,3.21338893849626,2.98290130053215,1.2882973363789,4.05670422055016,1.42725109692819,4.34674627152765,2.31484247551334,3.28419202128029,0.956669005669455,3.13856352557916,3.99496605352751,1.03929963048254,3.41859353007285,2.95341771710905,3.00427152628269,1.26484359829775,3.1761789347168,2.3066993064052,3,10,3
"122",1.42131864032406,3.664273116935,3.7497437408858,2.0900160854667,3.82587920164543,0.921914322997643,3.37850595455014,1.4979735579083,1.00561648092123,6.7858811757836,1.33450813286137,3.41298434624326,4.34987695784741,2.60449890466925,2.7756607581995,3.86362050609721,2.03094884354664,2.59444414420324,2.4998779548913,1.39101368395389,2.85465922589168,3.14283177860602,0.903172415553538,2.2925114351053,3.05555881298939,5.43588550271668,0.87401041829439,1.2143366055621,0.882708907342981,1.50423350940243,1.13454665708226,4.20560786696978,3.32121496640636,4.4828472781482,1.76630493673825,4.31588024935498,4.92983734059098,1.51093646783434,2.03790142807922,1.28030163547914,1.92919806088416,2.60006174261312,6.6877034108659,3.71555695140854,2.79003210474896,3.60627834714168,5.6359927126187,1.36140972739667,1.2612955611284,5.36939028664825,3,10,3
"123",0.845447694025772,1.61608133488709,1.38019049673267,1.49067127925039,7.19045746523749,8.73888666508047,0.472414369318773,0.769948178511888,1.19502437156037,5.96078206438636,9.02465635646517,7.19930493706533,2.5353603961834,4.33064505421994,1.37553790793859,10.1912759343724,1.64980429844504,1.51245664691985,2.33638114812954,8.79597048881826,2.73266265045389,2.40166637981637,1.23470487803274,2.4744161069604,3.72822120071045,1.56347977290914,1.42036184474606,2.6641763757908,0.935758115665796,4.53426354153453,3.28438333821286,1.85632697606123,3.12562599628101,4.19037772906257,1.04282188885892,4.10295549936996,1.23496108683232,2.70420182759387,1.59735968934966,1.65291212080589,5.65137134484957,0.920629055381404,2.46617724405633,7.79954866441385,4.48778154610128,18.2406904699982,6.05904407255333,0.41420937420519,3.08348948677512,6.26455833574133,3,10,3
"124",1.25545010809411,4.11864050979572,3.84532231333963,3.563671227767,3.77558584911717,7.12635988132636,2.88137965906119,2.71737401777804,1.76107624668493,2.16777540815636,0.839569636700187,6.10516213072677,2.99832535516556,5.07682643850134,0.886063746692554,5.30159702530684,2.77917391817283,2.51525132491856,2.66525315670663,8.59917204921269,1.87504293460212,4.16538688365544,1.38729023406281,1.63284431536447,4.02868233628991,3.18488239263215,0.416033931016317,2.3547748054717,0.986701717935984,11.0962782179766,2.01131192537491,5.04250386602901,1.75026574915138,4.81280542467254,2.59670331250822,2.98591791728619,1.07028661963267,1.87617096269163,0.640208933268639,1.75178161624007,0.968963215124937,3.4233428840348,6.76286511088797,5.30081746557082,3.01366581506329,4.36169522809715,12.3742414725866,0.82115899644767,3.49030756160319,3.26214289389968,3,10,3
"125",1.40858339584182,0.993469445895961,1.80434729598173,1.60474112631116,2.95989698888603,1.99690389680023,1.59573582260989,3.19142313872488,2.44476254387573,3.89802213343273,5.41447007743882,8.1706095089957,4.03257098133723,2.26332722475422,1.47071675483219,10.4886204152633,1.60496440021922,1.65409874354028,14.4025137625275,2.69205607812421,0.45712536636885,2.61122568844493,2.83046662857478,4.06495198951132,3.89597893335808,3.46610886529263,2.09713636109595,1.62633176502141,6.55408245379656,2.73010709876386,3.1716470474311,5.22877226499449,3.43420214981298,5.61807128861989,3.11647728689749,3.3294234702686,1.37974148056974,1.92344986324362,1.68509527159932,4.29223221543667,2.28998581528478,1.75908124572708,5.30832437997105,7.51245532547486,2.86205711996871,1.36614408635241,3.09044549325955,2.16712192606673,2.01811398798381,4.7015480853458,3,10,3
"126",3.27119832623851,3.18055699449229,17.5218706145724,0.987403915421073,3.27226287039261,1.47152659315333,2.5570127544129,4.02595259032791,1.61400838790017,6.16954402844185,5.95516487812584,2.85930075477331,0.681988142643744,2.14970369048765,6.41049242827447,3.08885143881914,2.32974071579839,1.46679792918569,2.13597803337118,2.39924804462299,2.53556873370568,1.01878809588058,1.0381741757893,4.90688012549378,6.74466368786046,2.17174614313517,1.23014045163109,1.78383677009006,1.09437638326722,2.54058535839654,4.32673734505998,3.10766902578482,2.23190974723729,3.77366830164421,1.74234185160791,2.51061236804781,5.13022202889674,2.83877633422384,0.258342773902519,0.497832357116631,0.518490099026456,2.60425302011635,6.90803914418294,2.07394271550113,3.28156109571846,4.35991883704221,5.07331603973544,0.572673036947756,1.61505376037348,6.72545161716219,3,10,3
"127",1.44891387413858,4.62513684393846,1.48901415723328,2.19995307838035,2.15747380377268,3.92237940430178,2.68229376333198,3.51650298041647,0.677155719329902,3.64392636329316,2.24399270701817,5.94435787163764,1.50802894988392,2.83971883274728,2.74994386215826,5.43662347528137,1.81888226890018,1.10094680692196,2.87880955304273,3.27731427027809,1.98772351802576,4.07677374207878,3.00180772318856,5.08908843115523,2.41100278607688,1.59575497647101,1.29069974373889,2.82925916757467,0.553894114793749,8.57772750900392,0.571082989667366,1.94319236929331,2.19865233541879,8.58592188929942,0.572205296640067,1.99703463983298,2.06556522114982,0.252337739925402,2.43992343234975,1.56023860562267,2.3898559730032,4.99834696881618,2.64048110904003,5.65939322552736,3.17959205773815,2.61396616645339,2.83618077313598,0.983821491832396,1.63980593341755,2.21589740255042,3,10,3
"128",2.14383365169931,2.16622909950835,0.926804104024684,2.66917872946815,2.35144124009695,2.94751108934462,4.02042190851171,0.239028317963947,2.38591319644545,2.00019579334044,3.11088074995956,7.25088326110123,0.709769451159608,1.77649870064487,3.12627166335771,6.04485619636882,1.40029849940231,1.84491404832089,3.29148899103383,6.19846285827601,1.32149312855195,3.0650867276938,0.779797544428742,2.51514155954877,4.25996665988309,4.16740963189287,0.914130999826321,1.33459813131793,0.506640589304184,1.76254761992918,4.48410901202583,2.84934228459829,2.289858622154,2.80885664421337,0.881265131131618,4.19333202126896,2.98386858734363,3.90304036526632,3.29317118472857,2.63986974008683,3.19796722029482,2.23141451315174,3.97446146279063,2.2422989222744,6.50057451652674,1.29954569811017,2.09768209735452,1.7494257622758,1.71050691345758,2.77251116109793,3,10,3
"129",2.66891283446953,1.69859894725316,1.32012476359947,2.47059636765702,2.69577036438159,3.70122250412313,0.939409945974586,2.83766327284099,3.17630635179652,3.3419306134949,1.45652848527078,7.39237669050956,2.64124839656365,1.49714583143308,0.780212451099295,5.36579374144456,1.10587910272445,1.81482176416439,3.16386298773737,3.40735498903612,2.76984793439488,4.10536844074979,0.330653219145427,6.92842110854121,3.58716741789664,3.20022194168251,1.36519880724042,1.33739584192129,2.20642242899582,2.1398414601304,1.1247444961498,2.86123537301656,2.97012311474403,1.10248375470321,1.61852169782635,3.82464017431975,5.19693554074778,0.685872436391143,0.431259893914707,3.25467824551972,2.38168272791807,2.92038178593367,3.41002914493215,1.5972004702137,2.10451060938271,3.09681567740541,2.07515359406356,0.772525507138288,2.57938810627708,12.170664180265,3,10,3
"130",2.94203509175088,1.95527674099733,2.12530114397306,0.519523124829401,1.53952002448672,0.432200712497827,3.18891712836726,2.15838826279338,2.63184885868145,5.15756434952602,1.83857031419922,7.0274208591569,2.89677773524961,7.21158827965764,5.80706931095489,2.85756985247251,1.81770687396048,0.602246611337033,6.65793828356876,3.43085678300647,3.33340126489774,3.89630582570752,1.4957767246546,3.38881501955028,2.48162896531431,4.33872859719607,0.480992456443812,2.79518040581453,3.47938856832361,8.13111104928542,0.362742654231931,3.86280775331459,3.22519086839846,3.2555243813086,1.14848770995151,3.19270839127788,0.620554048436853,0.995944482499952,0.304754829938484,2.15262699780349,1.13038669293361,2.51505047188056,6.85456626762061,2.35503668751396,3.346160895781,1.08288932975857,9.81628353713883,0.775254023690231,2.21548258331427,3.12530671080722,3,10,3
"131",1.20040890083907,2.34268152242511,1.78804049741268,2.51608106571273,5.68222060371021,6.86848181964107,10.2624322860486,0.628288698427356,1.60163212501458,3.62532225055496,1.00408676671868,5.20397322884997,1.7716189069974,1.20654884246184,3.75983277296681,6.39057164492239,1.37268268150567,0.22400354233145,2.03812975130548,6.12280387300186,3.13903106366499,4.59549645926155,1.07463422806543,3.71709327347713,0.298226716746981,1.67842334366157,2.04605876560051,2.77312246745043,1.78532480346137,2.55414683059632,2.52548259256261,5.0342019430939,1.28254489176229,4.44523738642673,2.61308197863779,1.35637528066062,1.1097625133313,0.979453445225063,0.963333462881678,1.23439520618792,3.39946491316017,2.29945240089999,2.86413747347141,3.80971364304008,4.83878583124398,2.92683639173552,4.10802985749444,1.39523095978128,2.98643817786064,2.89915035372658,3,10,3
"132",1.68944247702796,4.93553184527169,1.92270656617506,3.07476448980125,8.6084118070553,5.44253491603967,12.4808475159472,1.6460203135902,0.417236519698077,14.6371762563826,1.62724921513254,2.07557359885747,1.79138551937679,0.546401803138446,3.0302839440759,7.36472645759106,1.63402430425414,1.6964357408831,2.63339786672634,2.66864269369039,1.3786585988755,2.18702831682466,0.821484476425093,6.89079901431549,5.54124563174487,3.05803905093668,0.0904526942677883,2.10533158006789,0.52507360734679,4.36428894835191,0.791114093586516,5.98979958196707,3.2323809783803,9.52562321699067,2.45545365764823,2.82610139254938,1.88189678075525,3.15223213132953,0.589819379595615,2.73910523709026,1.78164196002508,2.01460625804156,4.4473321673102,5.1181126669133,1.63265870281856,1.58565655089986,2.83285560443084,0.732761267161427,1.1403665263755,8.9199963646201,3,10,3
"133",1.76689296146836,3.56508806724847,21.971810638109,1.89643735586844,2.0882868348201,3.67395784921368,4.21340876760563,3.81388041352746,1.01369227141621,10.6283629798276,2.45986536297621,5.83297674817694,1.32378397866025,2.39915259751805,3.19234448759559,4.28635833418339,1.34986290089319,0.518476364417573,6.0192402452704,6.8915256358206,2.02525807426644,3.37522032974462,1.10115787420907,2.3110202000853,2.30156036143678,1.60193880677751,1.60197182695408,1.45357743681659,0.592538480788749,4.51812884745611,2.62905997582313,11.7799841947768,1.83667408693446,2.9294265859329,1.6700397444229,1.3845085419079,1.08360005207737,0.827639971029166,1.45817369237377,1.65385375893795,6.52653962832559,2.72703098130496,3.52607029089246,2.29353536550782,4.25596666583082,1.40710855601513,7.17667650115343,0.8409801853219,1.52646362916254,2.1231435210286,3,10,3
"134",0.764383674151749,2.96979669791414,0.389387214332494,2.05389224756458,1.97898776675716,2.35232984722978,2.44936212966848,2.34753211523579,1.88677497857027,16.2467912307443,0.339699809155296,5.18156448623529,4.67733148649703,0.865731326747621,5.56800438001836,8.424119924062,1.12335965630082,1.84713458474768,2.36173969452698,8.64585482384809,0.487775106297926,2.53385730636866,2.68366532495108,1.82223591180435,3.89937019545125,1.60269013274477,2.70385294170872,3.56139744986652,0.591589284607385,4.24491634447761,0.583848263511889,4.29986293486056,10.3033877715112,6.21073414875792,0.696385752577153,1.87155549192826,1.3573084795696,2.78702289547088,3.83572333469516,8.90612325544961,1.09937844681897,3.00982998124836,3.54927063113334,12.5564607392562,3.71638447912927,1.03648163221755,2.64520533327528,1.99522373871866,2.19304564593255,2.41745657996977,3,10,3
"135",5.76786441433835,4.44721144887642,6.46117808149826,1.10206872343712,2.7898640653158,3.32087464413035,8.6111908320096,0.594782399433586,1.77682175418719,8.79906645321768,0.747385526454513,5.06104054458775,3.8525859355178,0.547424148368697,5.2604078314452,3.44921528596059,2.21843431694148,1.12198333749814,4.93981385767334,1.75276481065253,1.92456665001607,3.26527241250872,1.49875608855073,3.57616906768953,2.38339493474561,4.93247081248789,0.300646386215068,4.05858277695715,3.92037236115466,3.29150712572991,0.722798817629102,3.77798560388842,5.74291284482202,6.44697964241085,0.98384475111311,3.47339728012085,2.73009409398768,1.51725243229165,1.6145653780766,1.8397130447557,2.25483839348813,2.79073154329263,2.81025277767691,1.83010607934009,6.94346484127345,0.859298555397212,6.18480841558149,1.17905689947387,2.47040733840537,4.94388819449081,3,10,3
"136",1.65905641135496,1.19021129449925,3.79241343095962,1.57715614157772,3.20876153468559,3.88210370628496,1.44729889914223,0.590937270878467,0.669765861549403,12.8466588141938,12.8808098604082,5.19044078951013,5.77627437954346,2.33352623228124,4.3838344917334,8.1582221532994,0.829694684329884,1.36873583895293,5.04126267789942,3.62810825487118,1.256134727051,5.59372405797894,1.60321557580114,2.30560570023002,2.09421505194961,3.40207444191299,1.04590364303844,2.75590547998024,0.564016989130587,13.1095708883943,0.837463984987738,3.11664111947334,3.64628351750701,4.02158246317781,1.32129136657825,3.63236237993135,0.148741948180025,5.96500763296953,5.06113643637703,2.00644454050721,3.06626811614509,6.0203676864369,4.31238797439647,6.52992332267625,4.0325221590981,2.16771376567647,3.85528905525738,0.955503143745736,2.27349490425141,4.89205129392118,3,10,3
"137",1.23893164541766,2.54992006522978,12.2436721583451,1.6127034470094,5.29380546495927,1.86496283049428,3.46575653959679,4.22181578041256,1.66919394966308,13.1065752356234,1.10107182058442,4.74689235951984,2.47518088348742,1.3322665918002,2.2527382362584,17.8963209988469,3.03926295863894,2.12066709601678,4.04333161755527,3.7707331014787,1.69701816880377,1.37937888754727,1.83282315974434,4.01734345432774,3.92094225373099,2.56924702369989,1.0627629580174,4.492119121739,1.0051728536759,1.10552426876604,0.389350192196834,2.89005919462387,5.05614154561044,9.55980718144633,2.09025185983807,5.38362744299145,1.95925438741003,4.06707069495212,1.36485338081561,8.40981068373128,1.53424635850464,2.22443761101364,1.76892786581732,1.37807911012227,21.2172405270466,1.71148668055731,17.6785798863135,0.577251449808611,1.4389709210149,2.59308277925057,3,10,3
"138",6.67204597939193,2.47710635154895,2.41981903553749,1.6278691450219,6.23920339196939,2.2233586386161,9.01145470240293,4.44426045965193,1.12521955096884,10.662086853804,1.9324474765597,3.29941170550979,3.32247031264571,1.90003514757198,3.25708569126708,16.3384216456922,3.97559274039667,0.343063983164926,2.28449242543283,13.3535343719353,0.943972284472413,3.00658017656404,0.515918595203713,4.90274773884072,1.5727660464738,3.14678224584621,1.03088526219646,1.69941066077872,1.71221387849357,3.98100872287835,2.0103584701734,2.4580414017838,2.81257274862489,4.52113134581703,1.86359162979535,1.86476960898938,4.39258934788992,2.82332354889027,0.352711682733488,1.66099333983372,2.54852611026923,2.30709184641249,3.02612852808433,7.84089855794327,2.94115936118282,3.29924771672858,5.54127541697818,0.901153439497162,2.66049079889399,1.075631615207,3,10,3
"139",1.15716204411379,1.80321904479408,4.40954445700945,1.92326252498527,3.75767447299005,6.32533529208682,3.47360556430132,2.46509793131586,1.56314149858452,5.65541943949407,6.10394968728471,2.8460135917997,1.43813205029935,2.63814003895669,4.39517248079559,3.65441315714512,1.25608673187913,4.70834631746923,3.48774229702847,2.66545733570634,3.04027111233294,1.34072346451134,1.61012319272464,2.18942947908385,3.65585915498701,1.65136066169306,1.3898569973878,0.948093358277709,3.57171432159106,3.74058644951311,0.240038331482707,4.39806282766866,6.29055443988439,8.720406607973,2.38507301386011,0.649488984912784,2.96516191697726,1.68806370603106,0.900062864906169,1.93553396398187,0.932014410532365,5.28782935092926,2.90716702443503,1.88347141537144,4.55750109998457,3.35334841563888,2.08455232966275,1.39406581943988,1.9898824307407,8.88761310394711,3,10,3
"140",1.4618607690428,4.738758504142,1.95509720601854,2.07986260336591,4.03971419432093,6.01351511912469,4.93836766116111,2.50740586599158,1.00281339955154,7.27839688709345,1.19010580191878,6.8357212598814,1.37648950670083,2.30335789609363,2.53608512113171,7.87146425875348,1.19088332566628,2.25038409343015,4.71046997063624,5.81127262656113,1.92310415947792,2.38777721890965,1.21414172697734,12.2098338420847,3.5807720618573,2.85895359570731,4.85119177734953,0.995086432409031,3.07263487793485,3.01617434421252,1.13606119327312,4.44949146889363,2.91423926186369,7.15670032874683,1.18732605897712,1.22630099543318,1.26736532725446,3.28737010429308,0.918355782677342,3.09544925782639,0.916910430340569,4.95045562097917,2.64941370261095,5.24742744462854,6.29372983067262,0.741414657184794,3.64089766787839,0.574586886724886,1.55179873040415,2.98918591075129,3,10,3
"141",2.96144836298669,0.422564514305977,2.61578204988131,1.12316331445548,6.85166123244094,2.3679459602401,1.15859176675314,1.0008554757196,1.73514002780843,2.31301604268117,3.98105992637697,4.55334868672662,2.04384063761316,1.70664566602737,8.65577148279853,2.46693980546353,0.693305207725123,0.664018250027924,2.77740202887425,4.86318190490156,2.31595235175785,1.17269131125977,1.78709730908988,1.73346806627657,4.67717326268896,3.42073259462304,2.75408401002475,4.56919867289045,0.765052380093625,8.26907392400681,0.234602565178117,3.10700797608848,2.41017674546077,2.69691694835497,1.66306758406987,5.10028410784763,0.293791130713586,3.76790032808755,0.535721928369934,5.08318178607324,1.83940600355859,3.76914177016238,6.89476844270113,4.13678696508663,2.11543065895532,4.21448449966713,5.21647450016013,0.222452968542931,4.2905371140673,1.8335252693761,3,10,3
"142",1.24538056718846,1.21770585448275,2.25134677575982,2.11632541495056,2.69544392558396,5.63871100524636,3.30477754807043,3.22187026592235,2.27779341720951,6.92757386271968,8.302748905022,19.1276442005923,0.951355620016947,0.369595614917722,0.701509624411429,7.94842302927734,1.72384072658867,1.20996340483419,1.83835067939924,7.36759462481611,1.00686923155434,2.23630052757698,1.28995063358859,3.75600131672737,3.62849346785596,1.69156306028564,0.501216820559291,2.77978367150173,1.73181265527343,2.3571152516567,0.499386966880466,9.80200407101358,3.00297227068733,6.00046965251181,1.40588938051637,2.91503274699989,1.86452184928161,4.43288986282038,0.28407468677493,1.13470143902216,1.02828359195356,2.37467161329567,5.0892442714375,3.50758183814162,2.6651156599461,1.39425076865801,4.96903793573884,0.869893736050314,2.39564301138931,2.14520868697193,3,10,3
"143",3.35904211956555,1.42354928751632,2.56248252483518,2.74691070948922,4.57163407427241,1.71542691517352,4.61909656111772,0.792010343877476,2.31376916528743,5.96725993056003,3.9705409596648,12.2181457872685,0.459623588339378,4.66324428615643,2.09024437552646,3.7057970390671,1.17375640812275,0.598540145603888,1.56235126074165,3.04333897908916,1.49416740626223,2.26107652604137,0.615285116551651,6.3271271210484,1.85342264476302,1.72785882925045,2.61116974054922,1.14042031949722,0.807049240004001,0.796001213302842,1.25670933199806,2.7142727897068,8.63793000734375,1.76591794370914,1.15604013555656,4.57179704153932,1.48887619010385,2.90089102254481,1.23041093476165,0.620428623271281,3.60535925921833,1.67205938550439,4.27536810093046,4.24057429968262,3.37634175307046,8.26483918485905,2.94182690714794,0.580805363053035,2.07510285933715,4.51034411298479,3,10,3
"144",2.19796869174437,2.14537143054611,7.68835666105808,1.3139567052827,2.88596401889357,17.4584194711687,2.75772525359109,2.90537719342675,1.02574607847817,11.411446161782,3.89723940981286,13.0296082746521,1.1693568260062,2.87534175132433,6.68007440408797,3.9666959075372,1.70229389875756,2.0681734813722,2.88914928638941,1.99113478709692,1.21945392212019,2.55685336396072,2.06723994889315,9.81238364563626,3.72075827611906,0.789846295580034,0.622375183394388,1.97622369084736,0.809907443055215,2.0172953342391,1.30106571292146,4.62441321042788,26.6910458715121,6.31167714098361,1.35579562407949,4.80429694409698,2.27760750221932,2.91992597743197,2.78014224394132,1.83857108129946,3.66177722232671,8.63072072871436,2.91639207025191,7.68394878830312,5.10041846704185,4.76727394996468,2.87727962652385,0.632219908665341,2.42591195045647,1.534990136591,3,10,3
"145",1.35402368049714,7.14617124466409,15.319409136,3.69755873426813,5.36101544118933,3.99996246659269,5.66091678769085,1.3316445507929,2.465357207703,3.28981512681558,0.958117679570417,9.38136618236769,1.94294407393922,1.49344993740986,8.73686341191083,5.05113845667326,0.868884127729212,2.51008030897638,3.15139814393996,4.03712339519497,3.57541039312527,3.68378681499802,0.944030380890078,3.30588954312132,3.71778458983003,1.87425079138591,1.88474700043417,5.67797129232606,2.65792461451205,2.04042423447532,1.05381648724696,8.6393246617367,2.07221507627526,5.50341595792145,1.84327492318875,2.07219802605708,1.42041363165408,4.22423236022543,2.00861262164218,3.19724175950746,11.4213347656119,2.8508685561213,3.86020851141766,2.50996111076425,2.64709457807499,11.9039528773215,5.33774087249523,1.30057910943877,4.24178928554673,2.72937608054519,3,10,3
"146",0.729982520273031,1.53528540022541,10.0542454062919,1.88347436621067,6.60100738821686,1.77170381058596,1.72400689919041,2.80337300365018,1.36785548978015,5.98235548020598,5.4743251559936,5.98769703487268,3.48275306785463,2.13572405019839,3.90972555224373,2.79794324823373,1.11886913590825,4.45507088661604,2.98954789526693,8.23094155553724,1.79079197469221,5.20411911205659,1.67039349405799,8.99504799770422,2.08384297819333,0.698847041697704,3.25830781384005,1.06687184994736,2.64800013829188,1.34321449734345,1.79625068893437,8.09605559519749,1.85736354313517,3.17799921212916,2.21086904785983,3.38346504797645,5.16146845467717,1.88590210129009,1.72183818935675,1.95896108210667,1.53942348008505,1.9555134171726,3.04093842137601,2.35792350301104,3.19944356468867,2.55520759003759,2.81440090722107,1.9407353546617,0.910234276972857,4.90238383316983,3,10,3
"147",2.79602910683291,0.492560182685243,3.2885295454511,4.988228204126,4.13392770365426,3.33312021587064,1.54249469872277,1.77030205295424,1.82907054887726,3.43052360315879,7.63965828418792,8.56457260947561,4.27754236543861,1.18766358081155,1.75098255144667,2.35726348457518,2.06343084915872,2.95746673912473,4.63189843411041,11.8516026894421,3.15115979777391,2.33442294825678,1.47059108592422,1.56129650829232,1.05898207695583,2.23837428076691,2.15527579296922,1.95591697849766,0.511609802056753,8.07030859789769,2.25046048541261,1.31109829769056,2.65729338615408,9.55010534599147,1.2234702041604,1.34388030805247,2.81053456650977,2.36172017631105,1.52908303147593,2.97078256119239,4.22501340683714,4.32440052537061,2.91534425317194,2.76899748794534,6.69587576901626,4.87661056833005,4.31652283749687,1.20481101641668,1.73460294603563,1.65734460230758,3,10,3
"148",0.737198741552329,2.37387765240126,5.28885340335465,2.48830257201687,3.55773528264668,2.13700741432579,4.01667708811409,0.875500539980338,2.10727638942645,4.51283350366754,8.23482260019406,4.4943252303285,0.986504168931265,1.6137792512943,8.48098369405399,7.46409382277287,3.61712816720995,3.21315692129154,3.09354113678498,4.14940588702568,1.66693932440309,1.92409269758187,1.68207354943222,8.89793913692201,3.63553655299172,2.45652179195122,0.954844299885935,2.41945053254638,2.9622210519186,3.36098779540716,0.372401948673662,1.93401229889052,6.53779231048319,1.87433912330456,3.98501637428949,1.88811093403848,5.75787269071157,4.36701345424942,3.38852215692076,3.63516321309179,0.981129175773538,2.55136233894397,4.02171305998753,2.40376877243393,1.96357839419106,5.58550034645764,5.93233020577122,1.21682868182492,1.29304791225532,6.83303898860267,3,10,3
"149",1.23141994773557,2.57611347438248,2.81354708961977,2.81884845233264,3.71072740705646,2.76707547892944,3.98353433648814,4.06443504042401,1.66505185221767,18.5485562081182,7.61753536233089,9.39521569416525,3.382031335085,4.83463561263734,1.90257966693901,3.29184106674871,1.19113989165845,1.72247539929624,2.93110464093483,4.08016439096074,1.18830481925267,2.98753258879688,0.314177334215641,0.667761753912748,0.715114314230757,1.50303245636492,0.991507502771848,2.97308587770819,2.38510074112253,1.79930087723685,2.33064362826441,3.65782650127787,24.1801041324369,3.17468736494097,1.17829450713739,0.614354399856789,1.76101833598128,1.45952279505744,0.607457927886935,0.991415996070445,2.5495186026757,3.96610102147884,4.2696529925594,4.55431568770715,2.38778157743033,1.47150643175845,2.98499010452712,0.927628487602781,4.02322791814493,3.48300570546024,3,10,3
"150",0.248635616385711,2.06700690646348,2.55217776651303,3.60236885186152,2.66564336713977,2.87203757496548,2.99006990748414,1.57154448286692,1.73419259729173,12.6981629961165,2.76563213549017,8.13025992318831,1.56994004511458,2.27353336243388,3.81384378843166,5.62192647842056,1.60976985742426,1.46209986019988,4.75295828590058,6.21591853539713,2.13129052592064,2.38145906022438,2.43344322021814,4.4025683381302,2.38483144147843,3.15958305131608,2.5620896966266,3.26202857922244,0.631362688813717,2.17621490538173,1.99675315040226,5.91191531979025,4.00674600656112,8.05056791272928,0.898358184027217,0.852125636608072,1.60153649686545,2.13921943759585,0.846593878604741,3.3679462862318,1.71815942464794,2.80781404143114,4.80618323503411,11.5880428431641,6.10252009683468,5.11652309471417,1.99730672605018,0.613278925161068,2.05994544331604,16.3721042759795,3,10,3
"151",0.802661693946988,2.93485365980225,4.83131894728693,1.40044890903914,2.98172031877403,2.97991241627668,2.19176865893113,3.06385717142092,1.0198050529961,13.2286924021945,0.835778707225672,4.92839128880324,2.87664228383553,1.56123682683215,2.06751079894779,4.67265170900417,2.92244339686012,2.00226336596649,1.27677757130902,2.71403155803692,1.47622748396838,1.81645153725941,1.42105342612364,4.32972942518159,2.57070892001146,2.91950212100555,2.05371137998262,2.81423152941337,1.00245347645539,11.5081616481944,2.66230693434166,1.85263630814235,1.52496801782871,4.62777317135217,1.21434869538152,2.64017574791042,0.833717535084752,1.58499607477003,1.03596278945776,2.06478898516303,2.17220930067792,1.65261255578955,2.54503805572677,1.75923870095412,4.61347446389919,3.24645140043313,2.56717783196831,1.66449143326105,3.02013803037265,3.25270599519649,3,10,3
"152",0.824701937267586,1.2563771731555,1.98103200858229,1.49268726598082,3.40636288886116,4.00900777578873,6.76553457743421,8.36352120466204,1.21821035576228,1.53355352000921,2.06887792023536,5.92406041020414,3.2974263956951,1.67553586075749,14.917471730173,4.1665475910712,0.835871252296359,2.94361580744045,3.85164915251405,3.75808756200646,1.32365648027538,2.34648272751087,1.57666708628367,2.68989951120181,1.62973470810686,5.40416630721061,1.62710931315794,1.57001219316937,4.0240903840359,3.12721542004632,0.302554885963465,1.80764345952079,1.94203669832492,4.00341703089452,1.24546302575718,0.733797116449908,10.7739067508,2.03305227345308,0.472201752011556,0.879419884961099,1.31929464031371,3.17675839637802,4.10632849240735,7.4419846647513,5.98885077052119,6.46762510862137,1.96078685394595,2.39862025078896,2.05062064527571,1.82170062679152,3,10,3
"153",1.80969282064756,3.50495618948524,16.7965485534751,2.3938523075422,2.71348271594257,1.15259200453537,3.06979819639065,2.75237191175985,1.17513799229785,5.76681234351557,2.31682241271055,8.60678519933002,2.05996417554527,1.71365655733587,10.1770037811461,4.28244346670458,1.70672102366489,3.03029631967323,22.476563695675,3.21931737659856,1.8736244666417,2.07709462109853,0.721233252751713,7.97289969653596,1.4326219394711,1.7156710713871,0.967029379033339,3.28356774377655,2.84772117756024,3.61354308521552,0.778456873115736,3.64857010578743,2.90187484298127,7.60300315721758,1.1841248053888,4.13774224946793,1.13111041970987,3.61804613455552,0.195688425693043,3.61559895023146,1.23409141474403,2.45320908653653,6.08395722111771,2.8896932653197,2.36541541998477,2.22264369217436,2.92138738535041,0.581852717257679,2.1804031820396,2.98774542297051,3,10,3
"154",0.35148278476585,1.84501080527068,2.57585944774628,0.73434489105667,2.64925318763314,2.79911850938301,1.67379548566144,2.69881685373611,1.27602134298868,2.43676904905541,7.17247403307393,5.61265475637279,1.71989537175978,1.27766776025485,4.51888023021376,2.83565421899833,2.74972773379315,0.402410757044448,4.67061231720733,3.01227141177644,0.238042271002496,4.45388087785333,0.258554146243684,2.60516907877212,3.14892549718297,7.97350780446697,0.911187101316405,1.18313504332024,1.16520124858559,2.93155616854328,1.04565810507213,2.10870118384376,1.65674283413812,2.19978448778571,1.24232064338995,1.51055774528623,3.53133240626669,3.03586861371378,5.04632620160016,0.610994763522846,6.77349474813581,2.59189021481519,4.57507529536657,7.25056467956328,5.63271715322417,1.4843091161175,3.16903940313337,1.42062562576497,2.71669978064324,1.7129331961687,3,10,3
"155",0.518859674523709,3.21178188034585,2.95096359279649,1.40650893859414,2.86498400796401,1.40507431071197,1.94044527835006,2.98426976246057,2.25953919994944,2.75250924504394,15.10619017203,4.21728502264008,3.81206552427812,1.00426263849527,2.06023277213037,9.84178331390781,2.32521183446282,0.84498614332042,2.2989701463733,4.06361641484232,2.014788646534,6.01460156166583,0.630376522531318,2.63971553947044,2.07009293686099,2.75638223166779,1.28057684570771,2.13154317802381,1.27794923637781,8.79885421705232,3.33352972183179,9.38015875225745,6.43094397411792,4.58464262044434,1.52545830487261,1.60104438056097,2.64909781717412,1.90416355995775,2.19735696831121,0.640780562089855,9.45096331754959,2.07777305328201,3.02808322645108,4.41667687213938,4.36323404552092,11.7988648766016,4.81979510877426,2.1672855395949,1.70231357820844,1.85322853951819,3,10,3
"156",1.40936625714044,2.46938731799125,12.5232712871094,1.35730858381941,2.87571330092596,1.72029740442325,5.86862852539917,0.763631746767787,1.31563994420553,5.24502937357164,6.35901325331753,6.56206786302331,2.26165753773117,2.64011717925481,1.38607418179197,6.68008212309537,2.10099449667804,1.07260683083534,1.84171223152659,2.79428833065523,1.20406046546609,0.615907173494866,1.77744087362342,3.26236102171268,4.40163989385092,0.762806266462111,2.57442845378752,3.49960810475579,1.56520772193059,8.45941676740911,3.88947787344173,6.24653879332806,11.6193145436928,3.06987592066287,1.38196307178564,1.98011446082941,7.80079907431647,3.02214322052493,1.97506834119295,1.93567933816764,1.11881453367485,5.08259353864911,2.94938878394192,5.45153012602064,2.78157284212038,1.59541850077965,3.06992467846964,2.52573301158849,2.11822244333384,2.12495638466119,3,10,3
"157",0.277196472421782,1.30612482998814,1.52383884011883,1.77976905974495,7.29812365806407,2.51274780648918,2.1782791678006,1.25228106398421,2.24424950593236,8.34455970336013,3.60100498208231,5.84045729349179,3.84371755935687,2.71407729865618,2.53679057125249,9.67932390526992,1.56933542339151,1.83335082610599,3.55426594779785,7.32465965632645,2.46480476252254,5.16214600835678,3.11774437913638,3.2875983014671,2.50033895180367,1.94829158050166,1.97727175644398,1.6212016463849,1.0558139608252,3.66530939786786,0.474858871796045,8.28881713403706,3.3544475074194,1.16443342265573,0.877705942463593,1.41822857853066,12.1274764891509,3.74428238033185,1.83919640993413,1.49353036283766,3.08223315591514,5.34337436337522,3.17709048867363,1.40040069370606,2.23039904930395,9.80176637925965,4.72482977705902,0.412751175123721,1.76027159453451,2.99549738990758,3,10,3
"158",1.31377821617051,9.400738576426,7.11124766748152,1.96889261178011,4.04520303127428,2.81660322926232,3.23372263247417,0.407405974595181,2.5601538943517,5.49283942205334,1.24769660623168,8.35487843292712,0.628636015207637,3.25719576924715,4.11627305400416,3.50179651425432,1.60068947380811,1.96273989709409,5.26046669775929,1.0022464759488,1.39193422984321,3.61459594924018,3.72031678568821,3.08167813495598,1.13346472675065,4.13185403340653,0.650803856195354,1.26010448346888,1.35319506827936,5.20671140197867,1.40036919403447,2.68912691268992,2.77327715342988,6.43951619014963,2.79982991210949,1.60844459001832,2.09650016336539,2.30916867189175,1.95982628784298,5.89199488802763,1.32520761773437,3.28875511909592,5.57669032024075,2.98256877428347,7.25425279479127,2.4474996199066,2.44215623078984,1.55939395112309,1.72586772244435,4.10034258212546,3,10,3
"159",2.27161397172372,1.86572302985992,4.00353366857162,3.07475837184269,6.31085503011182,8.63460473413156,1.06345612153552,2.81692535465661,1.40267284579208,2.61255005282094,3.99769234834116,4.85177223012763,3.05784276369085,3.95764473816223,3.90039844938206,5.30271214368847,0.895600552603171,1.76238459249001,8.16796041877913,8.75672038391972,1.0995231469342,3.21019133051023,1.91424269234735,3.56408086018879,5.03800650393698,3.9393873856227,0.82611725470672,2.00049631051364,0.365327153843415,1.44404385739388,0.602476414544836,3.16310895165792,1.54171317448799,8.1802234939075,0.578589415284226,2.31179722772166,1.89059940175512,1.11820780846638,2.00719419926604,1.66724347152944,2.62228235144146,3.35326634381585,2.07309140952011,2.57965305940812,6.46801262197154,3.24224513028217,4.1578811654518,2.19920024468996,2.16940045939376,1.87040797910021,3,10,3
"160",1.62766177186725,5.18733180265092,2.28071014787177,1.79926497470931,7.13942419432013,1.72665194498949,2.02110924135638,1.11154630884334,1.34358917302897,9.17780821771587,4.61009502408935,10.0755863930893,2.13757108246328,1.5806447542028,3.97647533788702,3.17879181515491,1.19560070613109,2.5484721283322,3.50990286737172,3.75862789317335,2.35816325812378,2.35273314808105,2.47772001425179,1.88723614225406,2.34740547597024,1.62476067841771,0.837426978913542,2.02713234895614,1.73767239124902,4.10078379661618,2.61403941314664,3.36601015172066,1.19979332407807,7.0496651726123,1.76724835363142,3.65003843060648,2.08082906053693,6.07908555511034,2.05008136367758,1.10938967379036,1.15753806725191,3.95740890606237,5.35384574224013,9.2695205369435,2.52091462247566,1.910366705851,3.38659647529165,1.58495707472549,2.72069536461148,1.40306943156766,3,10,3
"161",2.23946249618491,2.16215525392342,1.6770713897792,1.4336272925665,2.81998350451026,3.56176392922403,6.44721178436182,2.09613551065667,2.05129576464773,8.73435495607074,2.79923979640559,5.21240460717002,4.3542579981539,1.06284120875232,1.53637660520204,2.75444038880601,1.21736860262151,3.88765798239816,7.61927476711049,3.33345517996376,1.03359231062077,2.38591723140783,0.307547158094469,2.48322038477664,2.08892403979945,3.81967836289324,1.02642729208074,1.7648337152281,1.02053432239962,2.69023141304274,1.19670924341106,1.42328210690269,2.66707742634944,3.22933611327279,2.68183971278241,2.44648699047492,5.40840640088421,1.94274814065629,1.11303919678933,2.83762749545094,0.899263779043111,3.83762226841147,2.83346712341757,3.1790360836495,2.01899286044318,4.82596086475466,3.62751545558082,0.571379563382811,1.19043333852489,2.32136460021595,3,10,3
"162",2.52734235773846,7.08763347800752,1.74415652948129,1.79422143991538,3.32928019648274,11.8181041656898,3.51664388033756,4.35053625755036,0.832683567490471,6.45924069460295,0.954369415909171,9.53423434685813,0.65882886956717,8.18448243234029,1.54059864556448,6.06971497364125,3.89528843334339,3.09036381852604,2.67252821029676,1.30475516553188,1.81158291834709,1.01041418078307,0.475588945379646,2.04209209155845,1.41984987339303,4.46943016187285,0.850469534675173,2.35521513031719,0.879052564764452,2.0170429688921,2.4988330411093,8.76179875917831,4.42385293712366,2.9927535412666,2.36679857133101,2.70423277271526,2.10132392196257,0.578603166090535,0.370561165105946,1.30570690405105,2.23037285282222,5.79324365151881,5.06811315637803,21.389694975497,3.11106687334305,4.84769059377565,2.776809256759,1.28883297666445,2.32687549213667,1.85966777074434,3,10,3
"163",3.56561745833665,4.74892814869169,2.84898797297488,2.23977575994229,2.30124173656289,2.74893659316585,1.21911879515566,4.28087096388249,2.27545502189863,9.81629127165747,1.20994252664555,4.89762680924672,3.64761918252445,1.51912043057589,5.11617089370337,1.00679119196065,0.681773679091927,3.62589068236029,3.69485509024782,8.86273355560272,2.59007266462034,2.11515114721505,1.39824228462818,1.9861455786988,1.61010945628244,2.8441661793875,1.4139190856116,2.09917619728008,7.0846437571743,6.26457679673346,0.24492524152155,4.34275640517961,3.75040606248733,3.75543926784092,2.52677945899875,4.24886200517491,1.29459786674558,5.71660717369293,1.32201019621992,0.636507604769585,2.09763547396779,8.72226579863024,4.18513525989403,3.02465021702193,2.10222135722925,5.72998628051804,2.94873728327337,1.43852307768866,1.93688505495208,3.71093962797777,3,10,3
"164",2.84751996191706,0.958525352118237,1.86299846334602,1.81726790118554,5.35057851437035,2.3487514121064,1.93449311331514,2.74199145076947,1.56721284612096,3.87544213921638,6.14188789310204,4.37612916047545,3.33681058019085,6.21407540285854,2.70713019784782,3.40733893146038,2.67259630604041,1.32976449781017,10.0441617913452,5.10689513801705,3.48123339092277,2.55611904918328,0.984269764885436,1.99884868870742,3.45518630941337,2.55835830368041,0.443511393686122,3.85604917163854,0.957234597196209,5.02385729687862,3.06966724961769,2.50243975301617,2.74759439823673,7.08554912448742,1.03712997465261,2.63328593526041,2.9709670855519,3.17250856525313,2.71549438997014,0.844582748898288,1.21718511220131,4.08923204364227,3.63499710711336,8.73148170737315,2.13524167826903,4.81914372479498,3.89377416339542,0.817806699262711,2.46996105488043,1.8066048082143,3,10,3
"165",1.22002931238126,3.12867402744144,3.41558347713187,1.58355633288933,1.57658166215591,6.19190443686759,6.80579884688167,2.30293813912737,2.62186212741178,9.63499061177661,9.70776646860558,3.56125080304833,0.94600546825129,1.97839089522967,2.25484915212423,5.47678465520718,1.87230807414414,2.97161632810067,1.92351010161887,4.66074464784936,1.34930522910169,3.3584891637409,2.07337025140245,1.7090976231644,2.18850851365486,1.97963931468955,2.83836212036764,2.46800106291408,0.603999163868465,4.78780463450284,2.07980325269293,0.763186427677041,7.86925941684518,3.84939196113768,0.536995173113733,3.82330923416316,2.19005118462236,5.71876382910913,1.39654690598202,9.2011823187465,6.89882432683371,3.47649755887809,2.58973498323116,5.91766225053979,6.58287994810474,2.72517150542353,6.90940602956839,0.404621671127625,2.85690383858707,2.64120455475338,3,10,3
"166",2.41537680926342,3.0680736842137,6.80486586294704,1.60111414289027,6.45215810195089,3.10187907043169,2.32125893547035,1.64930567763421,2.54630070320803,7.21904332617896,0.64630068409931,5.1622638101127,1.39578210765287,0.863608335229581,2.28036379685775,4.00136511040783,1.74304363067195,0.688410824130308,2.30227202805017,8.84878669498394,3.05414838073614,2.52936420087396,0.300539838090096,1.48912718999591,3.05071170190551,2.82145542944508,1.19368168049586,1.95974653957754,3.4821908689885,4.70335504615003,4.55747940096021,8.58161635038394,43.2372322359174,2.70379600048866,1.06564427497948,0.246764052334698,3.19708953898769,3.82146964393396,0.903045993479606,4.73110120671699,1.63259377504049,6.15536524346037,4.74367953021396,7.57951207067971,3.98687990862436,1.97480366978363,2.40652418253986,3.92853972228279,1.15451015240497,0.994810252851503,3,10,3
"167",0.849478963627439,2.49606387319827,2.14614105967052,2.26330413753919,3.19613064740791,1.27021939705142,8.14778795047924,2.46551297587808,1.29541840519271,3.2207940101856,13.9327672145852,5.8993655138112,3.74572447469639,1.40666319820073,1.9307255996264,4.61451589614456,2.67954109069373,1.18302986782353,6.68680638255039,5.08924615573078,2.31834929566297,1.93237194489695,0.522555289142355,2.50730715754653,3.66577606580091,1.7092688592074,2.52126655151987,1.16148942365217,0.532241806369659,7.79286021662774,0.803293457956904,5.19991558741186,2.3214461765884,3.20220577817223,0.696711883427362,1.93142128066619,2.16545599069236,5.08776307512791,0.113546411895359,2.11086330163649,1.60200825703811,1.6504905876742,3.78004818356926,2.0873305461853,3.23787999373216,3.90838041399339,1.94701386581326,0.531043390472602,2.75418923834434,6.05096256300972,3,10,3
"168",11.0513544304562,0.866569091744468,3.80430269888984,2.72937606835786,4.39101585866648,2.33251035363054,4.60431902567607,3.01612378998273,2.0985864060068,10.7754421546125,6.21838455665675,14.4626384531212,0.679252300126372,5.43098009332795,2.09287169255358,7.01399413164349,1.57758003036424,1.15305607567852,3.50315872317595,4.55343362483634,2.62699952255125,3.43105719398806,2.08630172763448,3.42559855833617,4.0706537823692,1.72805102325034,2.59265080151295,3.15642570123876,3.04360984221757,3.28165432122584,1.71032147563275,5.1947782506262,3.79189676165502,8.15960529717947,2.72222433701696,3.84241298163208,1.22234701558073,2.18099748606621,0.894066355287445,0.613862279405881,0.706309586749765,7.09896909375493,7.15143800577958,3.83800938628803,3.66016096790056,1.25282772253906,6.52889791326684,0.235285509086853,1.86796116159347,3.66643537625991,3,10,3
"169",1.35416411193844,2.23698159038031,2.0288570114309,1.56795004291442,3.08345954574434,2.82471785901201,2.60168851743063,1.29954537695167,1.13317082232123,9.5693353507039,7.33833358976543,3.85645906567733,7.26789180269115,1.34552951315513,2.80593827190483,4.66241535986222,1.24759978013242,0.84599349111627,7.36492960007601,3.33375940419477,1.38907311969778,2.70843038443966,0.888108198595332,4.62293003569984,2.49154099561718,3.38561137094978,1.86603564792921,4.32727409557358,3.24688189996317,2.35812138116355,0.456615191570807,4.01566574899307,10.0102035423514,4.15256834318663,1.79327106147393,6.16361393927921,2.1861791982355,3.39240503622496,0.644849234597781,1.34693705798739,1.26675688044614,2.60654348758303,4.00666288144182,3.90596864488502,3.2392674691683,4.71973543330773,1.94226805636304,2.46517650597047,2.74624558322531,9.23929292196206,3,10,3
"170",0.470005323758716,0.676041300931495,8.59303683979453,3.98924293658235,2.62012386166383,1.54914355087077,4.16567620513513,0.730908396457774,1.60078292733715,10.4028283302714,1.40525246134691,3.86465436378757,1.20174704356542,5.16834579553149,3.202505445372,3.23705431569518,1.57726982377925,1.06317078360576,2.68383125898515,5.22185479240508,1.81550853078573,1.14788941545084,0.697629029963075,1.52781998620264,4.55863024714062,3.29224611734187,1.98457265608813,3.06630595575844,1.08774584972293,3.64851231990368,0.937614590323527,2.65009303900587,11.2976395778242,6.66602768073186,1.35522014914743,3.34494671043902,3.72125951932339,2.88274363895947,0.790617659107911,0.899901219689765,1.09395592412861,1.38831959968003,2.84527994910308,10.9751654622611,2.24936943905618,4.61229192652248,3.99730174920076,2.64065340514574,2.12987143549445,6.15506142812431,3,10,3
"171",4.40797618001873,4.57732186939112,2.88150370696275,2.19078217140734,3.5694286757424,1.187720672887,5.24413034361513,1.40428976163106,0.788086613345153,9.9086652128352,2.48815981636284,4.4143265203772,1.51786401375976,3.3369987592128,0.936667517666164,4.08920440994398,1.87385318570817,1.63089932284777,2.95634217116008,2.29845660581802,1.93284193617324,2.26643723340585,2.0143399541797,2.32199299175113,2.23349220083709,1.01821903604811,1.50180371220939,1.85204753932616,3.79279486925102,3.16823849035116,0.498253296876635,1.29450013403934,3.0686356483628,8.75305398589463,2.00884408891403,4.00866211903191,4.74914098701099,1.30479356476065,0.86795119480234,0.898915542402076,5.84639514256146,1.96317857418245,4.39740696968779,2.11984166217713,3.0238426016841,7.31584516736907,4.43523766233525,0.81088892654432,1.11358599450053,15.8717890954886,3,10,3
"172",2.46206199671311,2.76830522633916,1.44964590989404,1.57903141534236,4.01341632988161,3.32123445963165,4.51937380085776,2.35741307507836,1.65152704733278,6.32914155595377,3.33894803642082,4.34868662079494,2.12561499053621,0.551580383625532,2.01212039164344,4.37731109599692,0.833940659537706,0.40124923815522,2.17902537433844,3.72809645579289,1.78306926073745,1.93739462965893,0.728247073543924,3.97754399288853,3.82307107432925,2.08985099529892,0.475401334487514,2.39125594990848,1.88377260095655,3.2681804515929,0.336811408633136,2.60280397922615,1.89436989393366,6.36267280895056,1.1627820654207,0.269085371802311,7.14784126159579,2.48531274635408,0.865698274338052,1.11065042414022,3.50678804090197,6.80454656091365,2.42213886096825,3.43308239969647,6.65184023255527,1.94995679178127,3.03259457801258,0.796791201407831,4.68277215418379,5.31861581543398,3,10,3
"173",2.85936942281448,2.22013119417569,1.97671695647594,1.86983926233322,7.61755389590326,3.75091676484083,2.19809030746356,0.336721962062209,0.71457600673739,5.08232671646292,4.31200504412349,4.07058953359676,5.16128528134899,3.74472033677233,1.14261293557089,3.19416851951398,2.13923457134389,1.68893507677385,3.51463684202631,4.41780201290374,1.57768410511129,2.41129769334389,0.556428510020922,7.07091600324468,1.83869360142248,3.94691862571872,1.8496847858977,3.00191397874069,1.97136607648108,2.42593861626106,1.23590461551776,2.61432862572655,3.14672923049551,3.14495297753256,0.800995859422403,5.03309671296391,0.786381446267043,1.33417140561786,2.53156584892902,1.84973027910429,1.91612706562558,2.42140621184562,3.41819907637106,1.20508477162603,1.81280826094485,4.34357058797235,1.0343582938569,0.978152713370213,2.25577233690836,2.6466747804202,3,10,3
"174",1.41332778394531,1.68152401497018,4.20775953935135,1.41980464778874,8.60787230438199,2.11551225781384,2.9934594036275,2.72905665907666,1.64202192414406,7.36553164160259,3.38395281638314,1.99193891910952,4.04033971759503,1.66410671747743,3.81081221322499,5.0582244404998,1.64886493539126,1.96441433004681,2.11765151468603,14.4878560378508,2.27878058138568,3.13016036951712,1.64470343275694,4.0265496366797,2.05332800143077,4.83952423278608,0.997462322090052,1.15419588708315,0.419302085196446,6.92466294165602,0.897677684361063,1.70100525939584,2.70600907089421,3.73191752686516,2.26445049845591,0.928582174766651,0.400377754354438,2.89586046618278,1.54286845255034,2.76809146015595,1.17078956914775,5.66678181342506,3.78827557092807,5.88907483090668,6.04533230696813,1.490236406866,19.6905738911116,0.966786150308545,2.96093697098043,4.78060911161816,3,10,3
"175",1.78584496549151,2.38857153787804,2.75638471004308,1.49185988392395,3.16527042520602,3.18196036414468,3.39950530044246,2.09892532285155,1.92156825163689,6.76622579025381,1.87310393940118,5.01772718698356,1.81309531317698,6.60815944491437,2.2361516572625,3.33981824582887,1.15961872750422,0.946539876895315,4.02485534178955,12.3622692478904,3.41897023290529,4.90173720603172,1.64729147975499,3.09912751276785,2.15041501196753,0.707920027575879,0.935043764985339,2.38864379343446,1.17610143369948,4.49576751414512,1.59326956606224,3.32609940928025,3.80474745743509,8.35803535400017,1.95020369966876,3.78924729803727,1.79367519435163,3.87155829080023,5.21095090624255,7.06395350485582,1.78147855708647,2.53839173897338,4.07880944726862,2.62768254022554,2.36338231131345,1.77430823966343,1.69033774002388,0.71458466419144,2.02941322870715,7.33374756864116,3,10,3
"176",1.22736852922178,1.00703073206671,1.87444679103171,1.33505315154553,3.52927430754951,2.54998821797327,4.20895353117937,3.38852117413117,0.730067079623203,13.3844342387216,7.95069808887269,10.3034809040508,1.33616165821719,1.47488313602227,1.6965731324903,4.83182525116892,1.83104503976337,0.630182747687922,5.30567547251131,1.6583567878109,1.29317717120754,3.03736683365008,1.79112989373756,1.99576168306262,2.11700416808455,2.36665572977326,2.1478125010372,1.05439089381655,2.2557203600837,2.07270188982547,0.304260271536114,4.27255476556668,3.20163382594706,3.29906660044006,2.51365419986369,3.65121572344549,1.41400486546661,1.22403173701748,1.66769685696858,0.504357860801824,1.71444077789948,1.10831977176955,3.47793976614057,6.35704998540944,5.23072760067638,2.97671928615814,3.129139447273,2.02226504386006,4.0646523498345,4.70719459786403,3,10,3
"177",1.21806776649796,2.5277346015659,1.09005197274376,1.20811099589421,1.9955172858062,1.49442804994233,3.25967147983964,4.65125212547273,1.5106105720407,4.67210877196365,1.52512926359384,4.68051482106947,1.99312540706019,1.90785534541979,4.64451657613771,5.76215103995272,1.41205443340132,3.12031911565117,1.92456871389121,9.60288818863215,1.78611208541524,3.72437032425483,1.06728296203869,3.24630709926001,3.99462793301403,2.50656167561807,0.93710954560242,2.91627023035349,3.91622396396506,2.96288816525108,1.52576024792293,1.42251496957521,3.27665373749591,4.93736520796668,3.17182495565117,0.490453885643984,0.945047507508422,1.89210497832633,0.540267304703655,1.64513824304752,3.5252874394066,7.16643250120784,3.55843105024363,2.39324410341806,1.80090706797785,10.2242365338459,16.7604908424474,2.07389808569727,3.1120842379126,3.52110290061117,3,10,3
"178",2.34163176493476,2.57651304679868,1.04130417329447,2.75721159215555,1.4070492786335,1.9433049565129,4.74328599284519,1.30593572500522,1.8714140151931,9.60989106200059,0.650726158314099,6.13598669697518,1.17388119308071,1.74251882045482,2.79386950502372,5.90316912543135,1.14039587528845,1.23932374038592,2.03770632722763,4.2623378998845,1.59755154324475,2.6399348381714,1.06666380154619,3.48465010438608,3.33322094331903,4.25260083842763,0.666257631344239,2.07872511061419,1.97839261357944,2.53690544836403,0.584296538098093,5.40082565514264,1.98457111094132,2.99138693147187,1.60698858010877,1.06031632560488,2.50565003005943,1.86722645256222,1.07104127690463,2.761092467218,3.19257425956176,1.70390426691624,6.43321873031267,6.02171100441737,3.93048134433861,0.980291350733858,3.00926414285522,0.93947304664489,2.65173772356412,10.6524215140791,3,10,3
"179",1.08903976494733,0.938557843884296,1.54087463261857,2.51225977450562,2.48712049358217,3.15068292918198,5.26186421376464,2.16157731683542,0.713274692129619,4.62533088327853,1.07831182997712,5.09463469673798,2.81163859646034,3.08782581876799,2.12803619340463,4.92505285865221,0.813804387251586,2.44351751787019,3.73003041958961,0.948935394487179,0.625666389705278,5.08222494056017,0.2788155625042,4.2708108567272,4.14290726558125,1.708233976273,2.54686013727447,2.60000052616123,5.47828556604548,7.32843574332928,1.1755483556807,6.01343016893814,2.52673966260289,4.09621464620809,1.43585440599476,3.26641134721223,1.36277910029902,2.32912149868495,2.27988436305156,3.34652913417164,2.25694974536811,4.69203512118527,2.92927361456839,2.77342522546705,2.93653915553436,2.9980784764817,3.04005610238191,1.38515220087202,1.91593977286257,1.66993700889756,3,10,3
"180",5.19636587038274,3.06206665568674,6.11613052390245,2.28258842400469,3.40462219937587,1.87686403586836,8.15767699640203,2.90578773561568,2.2140629026866,12.7547458340245,1.42554389584525,1.19780851285146,1.78034504702086,3.75059239887612,2.55829914744022,5.1148341347482,0.909733586286049,3.19853109659185,15.4810170290401,10.3708645922246,1.63176369186816,3.10988171209214,0.676258582893468,3.90404557895748,0.978862840421693,3.88602055697265,0.815700593579873,3.0041559226347,2.913836191511,5.68939008378206,0.710164495430751,11.5738565365518,5.08276371153352,3.92203466659067,1.80736140049751,1.45806734724428,5.61760422179923,2.02217933286751,2.2566408765831,1.14973430853772,2.95902857001082,3.17913123053275,1.91755551074887,7.28771031042731,12.4572852838697,0.906613977414491,2.31437620430587,0.697717327214035,2.11725891847167,10.0082479779206,3,10,3
"181",0.449972404821216,1.84357142530474,5.79094394155691,2.12524673119272,10.1650413736082,0.577463997570007,1.97528664968612,1.67215788507455,2.32575673156598,9.68745689493259,5.90807242010821,4.01295351793621,1.36497333023134,2.41274923217849,1.2284792865978,8.01547730147136,1.67980965565443,1.89719275042877,7.93843416076466,4.66211508477248,1.4895731937289,2.37777837557272,0.607333028896006,1.67748273315829,2.05638401695897,1.66474518054933,2.04771309739431,1.31170803978045,0.626295977635634,11.104967377181,4.07968372835133,3.55870354526316,3.14360218144476,10.95394461744,1.40814571804863,1.56182279557031,2.80474208730694,1.29439631503748,1.62127930539454,0.554855163474589,1.26476566616283,3.70502794697296,1.79425395008226,4.96396647998161,2.82165482847699,2.31456900312834,7.02806104573758,1.36143573058113,1.66715405708608,2.14192415050905,3,10,3
"182",1.26794938871451,0.460001102878839,3.09719939652978,1.14662693073321,3.40261085828178,3.9883224073623,2.05281954802914,3.6141354808927,2.04127233739208,8.19225295941837,1.28182376387006,11.6597052497622,1.34397517631882,0.992241347636852,3.80432099503706,2.85088400466824,0.90848345367277,1.79972241207972,0.614283763046531,7.71370077376279,3.59060972794509,2.1561434144794,0.545626358344785,6.65337496779629,2.93942212094044,1.38688048548549,1.69770668884844,2.1415930294762,1.35631915262943,3.73594148438226,4.51477542517694,9.37009207987637,8.18082807719826,5.1435126761919,1.97580513967874,1.09413668744736,7.64503886506778,3.2984791875633,1.66548335506379,1.40355422855742,2.51706425448393,4.30028063816653,2.01541972806364,2.40906754924859,3.00158931766169,1.31361030449192,3.7030398452199,1.09057579370293,2.13382690787451,2.99933922303482,3,10,3
"183",0.982098903722012,1.00030940688818,1.64009225262694,1.42842810847273,4.24629264656486,8.32546683350372,3.07963599186172,1.89676463939435,2.03596063376575,4.65569540161709,3.14320967474991,9.34085680684044,1.93880446831231,1.990819095422,1.80179534806883,7.07917780339147,1.40245131259624,3.52628577095868,4.09209208944641,3.77337522839542,0.964633445653784,1.78704348704954,1.2070688300007,1.20810884594128,3.07724644142799,1.44711098409865,1.14147058091058,2.3540174895357,0.647796352436673,3.01208818284962,0.961811909701117,5.44949201919944,2.81568821220975,7.83746377250824,2.67639255954729,6.52727578184939,2.05848624543006,3.53129637304988,2.88052021812966,2.14426854232374,2.26512603055378,6.47112879958884,3.45651672374938,7.54670369392244,1.49961817136927,5.01261864385782,6.26271852420946,1.88588712469566,3.31366557797852,1.18785421943195,3,10,3
"184",1.51331542115434,4.90529907950677,1.67521327698566,0.685471329871034,4.19315796443799,1.9042863973368,4.46805021147429,4.16117178648694,0.860089616969831,1.47241814489654,1.2168309845006,4.38078983611429,2.90705762500299,1.4921620492436,1.82609328751301,7.16990757851589,1.14531542028002,2.41403161332389,2.14503901723903,5.34026464872804,1.55677936998383,4.89243812221367,0.444070686314703,9.11045235399667,1.06076777474175,1.46918912612392,1.50410118207339,1.80199831040043,1.09070999006564,5.39302331557886,3.89478003162246,1.77578697652308,2.89879278433792,3.56620667487068,2.01845705705649,4.17730334285224,2.32297547697115,1.6130643888489,1.55729554427976,1.71778866306726,1.73183695305957,4.84499953923109,4.00561259856253,9.49983177150585,3.27119621027368,3.32288059644748,2.43692482369142,1.26632849298691,2.57005687930619,3.38556755178136,3,10,3
"185",0.373106550709004,1.79332091428058,7.64785193990651,1.83012726955317,5.02727499606384,3.59247398150956,5.24737168208592,3.63414476277524,2.79812930669159,6.48593151994782,8.22157795620087,3.79935378856095,2.60306733276209,2.99977915940312,2.44834965344846,4.58738476996294,1.57025365745547,1.25912889487451,7.06719619226026,4.09997930532899,2.2199979316879,2.80228921296543,1.06327265215123,4.51159690771011,3.80007936106238,1.69461614235112,2.39473339570956,2.8373645347477,0.612733967184861,1.83315492548206,0.762707565828657,6.03555263222068,4.01188071499385,3.61158961746208,1.55013308912932,3.23215146372514,2.25187985105675,1.60840749160224,1.61746603084259,1.44050128610801,1.55051234944954,6.11821930141243,7.8832259816661,2.69253578736912,1.6066578406739,3.03385319977989,2.17237855450855,2.06788643985013,1.43704278503467,3.05836814648182,3,10,3
"186",2.0614471075749,1.71393934968769,2.87676857558447,2.03416859337174,10.6877383898436,2.2876835156269,5.34679389177128,3.83244830318661,0.884217602384368,4.05222592188575,4.5535889318059,10.5305135392264,6.46872208972851,2.87282939609771,2.07895540493634,3.19074634528091,1.08088459182881,2.43385955118499,3.40172391746365,12.1393289539271,1.66426309035963,2.33513795561448,1.13882835858119,1.78465054085718,3.03677877051968,1.22127346734396,1.13437353027925,4.62146732282508,1.1487374837569,2.72069694174458,5.14464299965293,6.51806582338645,4.21153230816008,4.16437488702871,3.71718388281074,6.15651007246532,3.68023831499451,3.44766685049721,2.24627275658631,1.16925233570338,1.08695711743902,10.093502382597,4.57008523655987,3.17104670627932,4.04806435173768,1.09435210309797,3.10293496657314,0.948479875577176,2.5291209958284,5.52435803263664,3,10,3
"187",0.384120572581925,1.97853903076246,1.90525035913123,3.41939122493068,9.75060662593362,2.15052427750164,1.57509612137699,2.69682432652928,1.92196316641518,17.1303204690123,4.71667491437763,3.16751974795001,0.675168824293435,1.06306673621878,1.06215628898066,5.02040401977036,2.70743403541716,0.837783416291681,6.79179545822144,7.1313010864327,1.61331042819333,3.43639468802383,1.2344258857832,3.30234445336734,1.55700223960858,3.19033391713614,0.955775132821321,1.30188784889189,1.40933765364187,2.94801467816643,2.58557593087571,3.85765571159745,2.01619913613963,4.44039276488749,0.557413595978911,3.19908815547639,0.85721645683747,2.79701321205599,0.281037503258665,2.9156638514068,2.07802493844399,2.79397132538999,5.41268479125549,3.14559786154014,6.36974302200528,2.93253127982913,4.78381451293422,1.2450039597875,1.58937879870233,2.67849154001028,3,10,3
"188",1.72096036323209,8.4429387217545,3.23717214097716,1.4497168946588,4.31606745614416,2.73143527815335,9.8516006897828,1.70214720509245,1.05206643399234,4.05232405492734,5.00214982741013,4.04654112527886,1.75811354294919,2.43493758869793,2.14813427531589,6.28162397947803,0.753920715703301,1.1859811339614,2.10642615421022,2.14961911913482,2.79130024024345,1.9900144473733,0.466969838456763,3.79625506027661,1.52979186448763,3.24668209179042,1.42381263449705,1.52402275065424,2.82674571955455,2.85519763959855,0.912327831985383,2.19818039269199,5.06687781274357,2.67084400609558,2.66628441429332,2.9929322255018,0.163627609709681,3.83437073808154,1.17305617260182,1.17052980168894,5.00715874323819,2.36288847913015,3.18937924481344,2.84032584149719,1.32408539156978,1.02521263340485,4.46542396082109,0.46379263051646,2.39744607344351,2.1066363937722,3,10,3
"189",2.51682121672257,4.50679341815114,1.49203161989804,1.58787361959278,2.80469610562097,1.90061051734473,3.08650415140464,2.67712457118236,2.39194885463099,5.73739801216795,1.61795158472938,3.67963612015183,1.25892648924061,1.17562551445121,2.35204978950315,1.93689262157455,1.61245462468727,1.49246826635982,6.79189306988484,8.28522596932921,0.978116615360559,3.74971334231871,0.145399275296017,3.39739133511717,1.38200019416825,2.7809818506894,2.2743543847367,2.78958439215552,3.10399097891412,3.30667905193891,1.37920012284607,4.1448021103656,3.18240412799147,4.01376653918069,1.61356273395475,3.60640975333642,1.33642711749105,3.71484641890348,2.85013941159568,1.98723646552953,1.47473957206812,4.82642989760323,2.87629340826257,5.98174019705806,3.17734260871537,1.35484594693693,3.05206642868773,1.76783230965086,2.10288368987883,1.47776911218886,3,10,3
"190",0.535060990872519,1.25862558848606,7.31914313189605,3.16846313396064,10.6428551719508,2.96836327133326,2.92455764099859,0.915499227722249,0.881931553604424,19.0395231812845,1.29765507350293,2.88602203939309,1.67199796647138,0.507650037626109,1.22974924700208,3.81642240863739,0.946751619118758,1.85529642712453,3.73442474568934,1.58683857045522,1.85633541883918,2.88000575719819,0.633381522851578,1.66663706854416,2.87724256751982,2.23882199566929,0.232879017739064,3.04256255183513,4.83654972183866,2.6402849836662,0.63736464518674,1.85016840725371,2.9283500183151,3.89177158655592,3.35267055188256,2.33860895750993,4.20529998058651,2.86415965366962,2.31085016288546,1.7926165975011,2.99859266142116,2.10118802513708,3.65177772618965,3.79543054576202,2.83220405814551,5.57197625478819,2.37881666383006,0.553540169052575,2.86991787753137,1.15454460703364,3,10,3
"191",0.120893931847018,1.18272014285978,6.41959715550825,2.36996481015969,3.37158509240135,3.82906266698096,6.61592620557614,1.94295413680577,1.68126222226243,9.505061260271,4.37763732039767,4.99099831381573,1.4195593606955,1.52584179324773,1.53401459327713,6.35199004052867,1.00358067327251,2.10254841504252,5.95165884047802,4.71405139148133,0.832238260495079,3.20974664391368,1.9597441359034,2.48778698076745,1.32376114106889,5.0215951772133,0.805626932465593,3.02935292772842,1.33479756021163,2.85414807082558,4.16369390914139,4.99126224246089,3.63507307916613,4.24282981808811,1.31676572393639,0.868838668033177,1.77501541473598,1.24887925288597,2.54577771658836,1.270332297232,0.79804327459723,4.79265671679047,7.24258714004332,4.68207124171188,13.1621055857313,1.12448754736113,2.31634516313339,1.12039078653333,3.91600977292355,2.64841421558328,3,10,3
"192",1.91486772731079,2.55205109564182,2.12296323809474,1.75987639839264,10.0238816267646,1.49750194330683,1.65527125462385,4.04141314573047,1.65309067998426,6.90058763685581,2.91986849649123,4.6057354271955,2.19873200439791,0.718356626288067,3.80004208701967,5.1816128357024,0.735223987220358,2.72937079428518,6.5904423558809,1.83329450993914,2.173137511198,0.962976416311936,0.833804439330295,2.00954978043286,3.44759861572387,2.75942894780345,2.0966916507614,0.839014617614878,4.17585862464011,4.12267954321312,3.5168809792086,4.64689721944713,2.51746419874406,3.07737622811021,2.37183001562721,2.92469649895521,1.17962044295764,1.26596470574477,0.493681721300962,2.23728527421033,3.26392312731503,1.74574072317761,2.99934988025616,4.65646752659022,1.15396998644056,4.25636756045394,4.13289311825968,1.1697219018866,3.83755741958359,5.78293790587441,3,10,3
"193",1.68301483474805,1.23400677581827,1.97626438473828,1.89321871668578,7.56929089282166,1.79441530975798,4.11545333265831,2.39498102765295,2.59170901907154,14.6418052888517,1.71172888000001,6.22592076553138,3.16486761858151,1.24380925638997,4.25024484912257,5.95813149577555,0.538874091593885,1.30613939329064,2.09689994693505,7.80109226695508,1.29322271997525,1.50637989171693,2.39418549625805,2.25523101627167,2.48376821689749,1.49248237555123,2.59893767725323,2.14025235279954,2.42290311608402,5.11365549500514,1.41378891054682,6.67515069119921,3.41743609771026,4.56100323284963,0.897558963493378,0.264678474547479,3.30147129114947,3.24367763025085,2.44505209714034,0.411798217693382,6.86851666644271,3.88751402870158,6.48529553484382,4.26268186636221,2.59124752857765,1.82452762551276,5.16540058149702,0.9332096988372,3.6662023448355,3.8908791696214,3,10,3
"194",1.65449049488296,1.75966529030132,3.1430473455553,2.09474880308751,3.53998965583614,3.66078145778818,2.30373169018143,1.64213084198798,2.23745266943917,4.33639844846416,7.02941156386417,6.5759377397544,1.06779049827754,1.4403714916576,4.24582755770795,7.42302217340047,1.83184745517153,3.49204658077177,5.52413798671828,7.44910421533228,2.22562335498625,1.59330124806461,1.45361906746988,8.09195940159481,3.3684144876454,3.46814020125153,1.60649887420564,1.22193453496651,1.57712680316747,3.4098158397063,0.701144074005146,2.2708099846539,2.20356979287986,10.5044478950978,2.49878838574461,1.61795551395088,4.71464949621417,0.425383065745664,2.15179251652192,0.357386346071764,4.33138521657859,2.27959370355507,4.03514433721014,2.52416103750801,2.28098613606584,2.71005729097759,4.56593593035472,0.777997692872616,2.82234227137368,2.68783625177182,3,10,3
"195",0.579712368500186,2.64125171093921,2.19237736644223,1.27091777774173,6.50677610269792,1.88311387641789,1.61154653989625,4.13690892742845,1.78956477073277,6.15794767811427,3.54008261500196,5.83675187336343,1.50866874245081,0.783134174427379,2.06736016869924,4.4955090682887,2.53982509047878,1.07740298407154,4.40215645278132,6.05981078609508,3.51411809086843,1.37727668081946,1.49874475338095,2.37883386617133,4.10581542515868,3.20047148803429,2.83492041496804,2.69405115752975,1.15565659186836,2.53882456985172,0.64070679309166,1.75914111054744,1.42461836307223,1.25058730197583,1.53828924095092,0.2471851536967,3.13430578192757,1.33591031984319,2.87538125229154,2.20450334307023,1.22588663229113,4.1479100484472,1.2351862465138,5.75365989220016,5.53187809895755,1.72640481734329,5.95945316945602,1.60455495748311,1.64904332215256,1.67092963071775,3,10,3
"196",2.05051983524817,0.512784402968811,2.86587806343148,1.24814548171659,1.53980225174237,2.3292922563445,0.980571246414799,2.87039914801826,2.37674341953027,11.8433482638049,3.90582568163247,5.85140787183851,3.56466980491101,3.19611553246274,4.13302263854118,4.70121962641876,1.15584384781608,1.18716929119189,2.08525345835278,10.7079009032869,1.88407994010178,2.06750142811369,0.597212428545115,1.79643414579872,4.30572122150775,3.3027291237507,0.745187035297538,4.89438440354193,0.533852731121444,1.3486221543122,1.45946519010958,6.59999847452933,3.67896163312851,3.26899105480262,1.63063327450321,3.70792428534181,4.22914600203444,0.710607994975522,0.994028125997279,0.887891034122708,4.95377593947172,3.78640304126456,1.93510203731142,5.23350049308917,5.29187146993877,3.72918374114362,6.0694092913332,0.928207933548823,1.9013829123453,2.14987049946293,3,10,3
"197",1.06867475356088,8.24029848745255,2.1340489268462,2.60951539777837,5.32928061789767,3.66173698876267,4.4511196419379,4.29401959682638,1.21568705985561,6.73891522674725,1.17914923662402,14.8093576200086,1.54073763441725,1.52217077841396,1.03793480737277,4.5793512107778,0.591148654165644,4.02877608416189,4.3538014408054,3.79217094237454,3.1303232848141,3.541004058268,0.780898803686904,2.10601484178973,3.78053997929921,1.54646244458896,1.24961345848508,1.56487856318739,1.37310270262002,7.20074320853662,0.599709185172394,3.04089953158428,12.9934858297298,2.38209590849148,2.34113260146627,7.14060755928939,3.95503162309726,3.00827751323024,2.38515792732702,1.9679285570922,1.42251848218403,4.75673030995496,3.10912792288687,3.69322323903911,3.28036430158736,0.983351803178935,3.5643174018988,1.28496327800531,2.00812361463977,5.0034694842668,3,10,3
"198",1.41962328804265,5.04124154477647,10.4729100758088,2.00759640445219,8.09859095503667,3.57981526532598,1.05150569839474,3.02710563111374,0.281881723993821,7.28933115017961,1.3761704026655,3.08236758876652,1.46500354818414,1.929597893902,2.82982288299669,3.12866953851059,1.5522343041459,1.2170887709363,16.6157751974587,8.34093344452272,2.12520297720991,2.37022829533197,0.708732571718569,1.78976269506599,2.22534894865759,3.73295106259806,0.97472241565248,1.05797371853256,1.42079557926124,7.11779583560782,2.271151473321,7.82343778174084,8.81234249446843,5.02267705371809,1.83208993781747,1.99264316770591,0.486371518169696,3.1785784995316,3.13350992132928,2.91461625585083,0.987521802990113,4.09323530079705,1.7277050349515,3.30774898816334,2.6673384263195,3.67838404785737,3.33265880683315,0.594368636311621,1.79482626040373,5.09659188722446,3,10,3
"199",3.51746807518029,2.26091005568511,2.9458842204901,2.2719192675503,3.46113630709369,3.27109264324235,0.661147984165224,1.52084471677618,2.69373800690273,7.70305253048087,1.39763186301836,4.85949290431766,1.17869052825788,1.26202692668324,3.38276875317848,2.00005873726845,3.1485126933838,0.763409775451546,7.51420579824867,1.9242032066563,1.65917670739511,2.64320616986865,0.508804431175059,1.86714677595565,2.945898107963,1.63566537939611,1.68518037321527,1.58576342902891,4.48223160137303,5.09709386041585,0.403300645132254,2.64339465454637,2.68816667082975,17.5687821332472,1.08420191769358,3.10290840095493,0.216659807869441,0.680444274304154,1.50948787044006,2.76171022665091,3.30445303873002,4.13322801178901,4.09654150992253,4.24498082083982,15.9682583737057,6.4249755288399,1.1586404386734,1.09234238776314,1.79822294664437,3.50582714028545,3,10,3
"200",3.2602859045183,4.27121011882255,2.62198242320687,1.45359012972269,10.2716993778682,3.19359115684855,2.89815764465555,0.166554018240931,1.60476104801761,5.86549259022212,4.26209963012172,14.5065998143454,1.28598877435244,2.18804143736345,2.13420040943113,6.87832963253416,0.767304855905308,2.34202433406814,4.83938388553696,3.3370326140677,2.2842434434723,4.70428933823958,1.51981046384844,1.86192867599841,3.80183339239347,1.87970026800903,1.21225677019104,2.22437596129864,4.46261024007232,2.47972405893615,3.26284451663062,10.4310769331955,2.33770316785628,3.29094625283554,1.02479007165581,2.1920268334175,0.585640905564762,1.3575306548047,0.127945705824402,1.64305278420749,3.04025489639788,1.80086923758694,5.57183899904837,2.32074140216631,1.50853791653757,1.44801280177998,3.65743748901619,0.783082067153306,1.17306340854238,4.83952230085251,3,10,3
"201",2.3884372753004,4.93334970059795,3.03837617948563,1.74663520269769,2.55787989928363,4.80960479957031,3.91324523947391,1.45930079940222,1.15758913194894,7.90034597175029,0.683251935772479,0.926249324417165,3.69169895868347,1.27683036445997,9.86634622895,1.75113580645454,1.69492367500138,2.42543299226876,2.01322528361486,2.20477612093746,1.44108750561208,2.68302729935733,1.95566687589456,2.23092683950416,1.57333657763768,3.03812315590194,2.11336607194164,3.30594712296288,2.70335587308341,4.777498312162,1.47516001459519,3.9941617500097,3.12414646843352,2.0870239176955,1.76691008313867,1.33980233899035,0.884508145523585,1.29689748836086,0.247653426209072,4.40569329945508,2.18169459847865,2.61995949154241,4.43378638915673,1.44679100931615,1.42368692232187,2.88773140532816,6.71724889650562,0.275188012661786,2.31927201551067,10.9088047347561,3,10,3
"202",2.57699212423762,3.52852813565635,2.42052579998067,1.59137858660273,4.33012794799929,11.3008757623322,1.18596873292426,2.15584931769254,1.37034996752507,9.25707375252646,4.97417792526142,4.27744279275082,4.45765117505522,1.01159630514299,3.04185410386138,3.17829429639663,1.27511583742543,2.13385283063964,4.09856085735593,2.51080242217447,2.61434410389894,3.32677942575393,0.991856841102496,3.3189020406483,5.85664733968381,3.74336759178111,2.10018000108026,3.08703862331682,1.34649556859092,11.7825916683062,0.319820523855415,1.67558031275263,17.5852267052655,5.76940156906949,2.4173287049319,3.41724506314022,2.38496547749968,1.10521922582654,0.662362714587067,1.03786458941748,3.85644955869794,3.89756314733353,5.1338235963597,2.5686008366895,3.9215159953965,2.42337589980201,2.90547860689441,1.11636431189134,2.9130202629955,5.69567857487783,3,10,3
"203",1.14096210684337,2.82010057810908,1.73140765703962,2.80083839019977,6.50817825551168,6.20633273597603,2.98730384621454,4.52939418536853,2.51894487433954,7.53279347204959,1.14438369742944,4.10946468577487,3.0905780459371,1.63595698779708,1.64818254087437,2.4116627817109,1.34718215735649,1.72884084434426,2.09183007055624,6.39076002994444,0.776969724729793,1.55757610062246,1.42679199776062,2.13521189948131,2.10875194762636,3.96954725154259,3.80249797305872,2.47292905767935,0.940793748483914,6.64777948619717,1.62559518205956,4.44412884073882,3.14531744950694,2.73279450065554,0.180611853178711,1.58585744215623,2.455588076856,4.2297631871059,1.64118462599461,1.84724360616916,2.59101248288806,5.99667989220404,5.51526829324342,3.00095339918428,2.58726770303023,2.52434162344387,4.15709508088114,1.2521681520802,1.71261105683987,1.13000802107072,3,10,3
"204",1.26677767703581,3.22557574488658,2.69574897450129,2.34304850460479,3.14302283546177,6.30751052705098,2.53078824912823,2.0199885601264,1.33595944479032,4.71490424671703,0.801123616836879,5.30554771587265,1.20911947134285,1.07123536895532,3.43196657461795,3.38186033101831,0.876129262075707,0.667033998579823,17.4978935617431,5.56663375919948,2.25475368551059,6.68207142298349,1.93115466600182,12.8988021348751,1.81535873449795,2.32176173266796,1.47572659862606,2.26749514373283,0.673494675493222,4.22612761411661,2.04578085081174,2.18566715817113,2.32276704838409,3.54926254412315,1.17501369352934,1.18080286731069,2.21408262849326,1.42128716545098,1.6932720252774,2.78893549140107,4.5538196068694,2.71653918134929,5.0342950805771,3.88767836431679,2.79862747067584,4.85729646598573,5.93742294811286,0.26182930359211,2.24572287931381,12.4522829804763,3,10,3
"205",1.56236917136331,1.73704455353069,4.20925410819883,2.46331761879516,4.9011393992796,17.3446111616629,1.20225634765203,1.34170934688006,1.78026646583425,6.1732742675429,1.47797288022484,13.8899329502503,3.23243035469014,2.69985593421739,0.682698894171362,5.07565294265719,2.84084747413489,1.10316570176975,1.87866042466227,1.96874833482178,2.21865931698023,2.6604865280419,0.51013703560157,3.41934512451609,3.96359024744721,1.50023696097369,1.59875284739041,1.56011423196531,2.60205773464579,5.33522915603616,1.89295884471267,3.4952755808321,14.6300169611859,3.46983112171123,1.04079235043942,0.350603876490746,2.35479248039157,2.16293567010608,0.615163356933728,2.45887898915911,1.93311567326774,12.7293515404649,2.76534070582326,8.59129360351355,2.98639026793617,1.63161475285147,5.23788709852541,0.410557037459861,1.26028009427236,1.7967294400635,3,10,3
"206",1.21040615119934,0.666374054850534,1.97703820087114,3.82539063431165,1.53643353747954,2.52500704647272,4.17203443257664,0.406643506907261,1.02495206203529,37.2545516645309,1.14481623479005,3.55764121520991,1.53137544492376,1.22676137534389,7.01199039863084,3.33873189504875,0.732260355103508,2.46426143060274,2.84114962825315,10.9772305017068,0.826677769395388,2.20488548217516,1.84650392550612,1.64616535940363,2.26834183278938,1.43538352807928,1.5353900983502,2.33197491459582,2.81468381421058,4.65965001760338,0.15640863477075,1.50284603332511,2.4150613518208,3.22049640702332,0.260085712353979,5.32343575885859,4.68504248806716,2.24964498782117,1.33874215656337,1.11374821731173,8.46294622342888,1.53125248564652,2.99918195226707,7.77463383154063,5.39047719673307,0.974898477751779,2.20856619456261,1.22213246350051,2.50743109931751,2.21417786328957,3,10,3
"207",0.898605797902758,1.7730790789713,1.8077929991502,1.80001609047891,2.42264329726995,1.60208728160514,2.10474364033567,2.80864650902967,1.05064662477752,6.75937712195722,12.8899156482034,3.29902179608896,6.7667791611066,0.581681667164643,8.05194623996317,16.4824812291399,2.25307196101994,0.931879035600976,6.66029388067392,2.0295785105864,1.70936525806309,0.951330752495322,1.66657584157678,1.52878806807015,1.73855522063826,3.05249080989062,0.796057866172961,1.30159768419961,2.49014957158934,2.7878154708347,1.32362362750553,2.39482718692818,1.33913027103626,8.64504439013986,1.30347217845312,3.60251463911023,3.07862372040791,4.51046967097905,4.01613956885172,2.20105702036482,1.63040023493059,3.432160257458,1.36251430159116,2.18775754867908,2.30836027885065,2.07836488658494,4.90238250032794,0.223084260044694,1.56437137792068,1.46101724497409,3,10,3
"208",1.33784488859296,3.00614183245907,3.18694150499682,2.42355288472466,2.88905058324161,2.66627916260267,2.55026232212423,4.74045560159981,1.29971406661996,9.10564259526491,7.04577769192905,3.46495022167345,4.53508784194952,2.28984794461862,1.77066627544298,3.19740771361811,1.46925826759259,2.40031271938113,2.4354987284482,1.58559297925356,3.9514255534893,2.76267726233917,1.4290189263125,2.23668636434776,6.40929103729952,3.85831714040957,1.2116521921072,1.21264116473136,2.78205477988775,3.29400119381253,0.730430746136499,2.72441857931513,5.99480679421207,2.49107138025273,0.488596153111693,1.88943178723457,4.09400641155046,0.418517539664992,2.78254799860292,1.68192492313193,1.55896658450376,3.55607207687848,2.0803524463054,2.98361953684106,8.80577720037815,1.59331517776894,2.11928591060096,0.128241731223297,2.03319969035598,3.40184622081812,3,10,3
"209",7.1287501199387,2.83429865443349,0.379218988349168,2.24479880929396,2.68253815459232,3.03647710342328,3.31726853294095,2.96723866876885,1.55577324324354,11.6625817240264,1.13071822013098,6.53574004571613,2.82186598064022,3.10891536613331,2.68391492197725,4.83536198624725,1.84419581774266,1.6551766493585,40.4943793534364,2.72230937131707,1.48468240522997,1.80968993687197,0.959451854310911,3.51167351195699,2.56382568796484,0.80660742822454,1.29248634085658,2.34778310322254,0.452621512461975,8.06831975803653,1.88295653859484,2.61203399996522,1.96791378818388,9.56358318424703,0.884521902206385,7.06691625966979,4.43214504726717,3.19522899496296,1.09334384787516,2.04888300985396,1.08277986112424,13.6339116418424,2.34901074520816,3.39007141053125,2.02899955431404,4.34752745658656,3.52474371750465,1.57594967850305,5.24395138601336,1.10586875890501,3,10,3
"210",2.01696063573634,2.23014742356389,3.70355908564827,1.86425661748316,2.58684930139123,2.57742979772043,3.06214797364055,4.57153277995459,1.70130640033501,7.45165287070775,17.3406363397027,4.09976112381078,3.08099154977086,4.6284675113469,3.04125933490659,4.93144442174008,1.72067602513187,1.33071327610838,4.5661774850289,4.78327104577682,2.84179289717764,3.14188690930955,2.61801566065929,3.4036125576598,3.33151002403401,3.36701002592063,2.39126110414684,2.44187361349071,0.371470797937864,2.39756830602166,0.372693102980651,0.8566731425532,3.82662241215837,4.99755659327341,0.878868196544883,1.04233632437635,3.27863722383062,3.70101000803197,3.88218505640291,2.2533755324128,1.17494630639467,2.36888000225473,4.51074054005131,7.94096472791799,5.65311004735996,3.12951194951394,5.54091889379826,1.06302334144056,1.82962559509095,6.85164245876639,3,10,3
"211",3.09637350374153,0.464741971542694,1.36694873415087,2.00582391277863,2.76388419338,2.41179988473651,1.91891940243992,2.26522214447012,1.16001746002109,1.74783660999149,0.971139601938655,6.37857399817471,6.56517477121633,0.879638619826254,4.38098176573264,5.2040959906329,4.22072662416253,2.75191736567943,2.12372262268336,1.61894410302493,1.73880517549891,3.11661192331384,0.883320989193478,4.45453694240465,5.83977784444899,1.80541653166092,2.05901706321551,2.27177997650256,2.29369177415864,4.81867590204013,2.50259316860697,5.52421635972807,2.78061585301344,4.33062571146664,0.87470924403722,2.74242483082113,5.71961179205803,1.108753228527,0.696586436448314,1.5841472379325,2.59481181628452,1.85219375165826,4.69518955113382,11.172574072286,4.08066681242238,2.98580751680875,4.54014473200559,2.1792838538993,0.943131838068768,11.3611855006985,3,10,3
"212",0.59013855834122,1.29972883688568,7.84904663058675,1.15995676056251,2.75138036841521,0.53414969775155,3.6552734363405,1.20492943237593,0.921735551551318,10.7629493615447,3.90937518379467,8.98544932980172,1.79247530210973,3.01710544703381,5.7869946372472,3.553897592377,0.815225656462332,2.66511941816839,6.86811343008875,5.69911584825181,0.944338245862216,3.72255826010515,1.91463658746284,1.81046045955332,1.72773393543119,2.38059582857456,2.53354805342708,2.29434581656473,0.931237487753077,3.57213670276048,2.39872830040467,3.31464658779036,1.9519151199572,5.12603381827604,1.863341533541,2.66361676304674,2.52931561886055,3.99489358023559,4.0773655163389,1.15209572261436,0.675601025476066,5.71936246631914,4.14829052637335,8.61725631431104,3.80446531736818,2.02945750661255,5.84957572044663,2.33782363964798,1.24625733018488,7.5878517854754,3,10,3
"213",1.56327563690861,2.1081205953793,2.40017853167388,1.87823155555804,3.7482444079483,1.79604027925835,3.1073465234622,3.61382100249406,1.02369861098094,9.4191273014126,1.09910250046461,9.85560701934036,4.00499004854836,7.93077350369078,3.5082066617971,1.4313732589973,2.61357456833432,1.72803040798957,2.31377139953134,2.48422646727199,3.00973346580686,1.70089824748922,1.21058884545585,9.34144271900689,6.68854430650375,1.98127805503717,1.54313320820675,2.14349980684146,9.89008653916313,7.14369864733478,1.04769503290371,4.13313255649258,1.94728212318745,4.73943468769342,0.876419216652264,4.22996459035178,0.974932742664522,4.50650174146294,0.407820296997627,1.76164690950958,0.933727829290709,4.91466096150952,5.43913699961729,0.827936861055852,4.94110736243209,2.50102486342536,9.15536182171938,0.849982395932725,1.62233416421018,2.51400770950604,3,10,3
"214",1.34762423415397,2.1351409201014,3.5650620978409,1.55536649697146,12.9391409447095,1.65488000088297,0.669615255685805,3.23357783652324,1.21953372351709,2.10593442847283,3.11506015784597,6.12974659657521,3.96440128573238,2.96835131310812,4.97392466715835,5.04849330835783,1.42589770048914,2.28357228104527,3.75387656763484,3.99995412023855,0.97920643648708,2.4758014536738,0.953419332904219,2.11649779805616,5.89349832611575,7.68164518165245,1.1031879401665,3.92102145480953,0.561611047433103,3.66043121473295,0.66399666814316,3.63352910080351,4.43236324015039,5.65083963941789,0.552887279605386,4.53746572538156,2.11562471148671,4.89533998665073,3.72241330007998,0.812814024952635,2.69371055921277,21.9737467141651,1.9392098778129,3.90815762339195,1.81858333039675,4.31485720288425,4.3575384816202,1.35928750707171,4.31742974496662,2.38471927988917,3,10,3
"215",0.424794493008819,3.23422767330623,4.09165880328874,1.66340966798859,2.08433174942105,3.62235166179501,0.546828430563129,3.65787864244745,1.81260282668733,12.6602721648978,8.41541741384445,9.20084151075427,4.54163478816427,2.7474626463271,1.51820895914727,3.29673955793418,1.17942848217716,2.26758572939938,5.17976670415599,5.00529511495504,1.25830922770409,3.41355970379537,1.03630246013681,3.29966778106877,5.3448156147621,0.496592590225773,2.16857455782263,4.28968936010309,2.10172640549308,1.42845529626462,0.57696356315203,0.852206691169859,2.17719393946232,2.42386703188273,2.35661965988199,4.37614685544477,7.07930368628534,3.63422337228955,0.346121900587093,2.34183470603795,4.4198769092433,1.57415620388964,3.6958478867742,9.66422965373003,2.3452516951689,2.66576605229712,8.08598489333091,0.88560062013909,2.44266636477135,2.02729273150564,3,10,3
"216",3.03051823698055,2.63148171113317,11.2088531283777,1.33854009400515,4.82540550857418,6.53080311123808,1.52779708644076,6.90436757551132,1.26732195089796,8.4959211863361,6.67309543946854,3.19351407065937,4.02481722218486,1.75955044095007,2.3175261639516,6.46960140403461,1.25153134166728,1.44833864830064,4.14230007371605,1.8829067833901,2.03128448174119,3.23475398946406,1.31351307265214,1.92762359921339,3.7906388793069,2.54134896441688,0.370658798022967,1.59485998635266,0.567997396195355,3.26192642974843,0.57449572699205,3.48419218380957,3.31317559304833,4.97728881765413,1.60678398262548,1.52519931309769,4.19010714410963,0.691309949369794,1.72854701033289,2.31920901244011,1.11897727374722,2.61559340420734,3.85484232915749,3.55799102955102,3.43854875569474,2.07850426048295,3.19830162430481,1.35052663604114,2.1726133760554,2.46386701379716,3,10,3
"217",1.22646361413061,0.798182153409944,3.33814525940664,2.57498518446796,2.02589338549352,1.83464951816923,1.96273784246996,1.50563219084099,0.984059624032534,7.83566977013026,11.858535586151,6.74889032562783,4.60072026023306,1.66363973405245,3.77021259603561,4.25258792398119,1.78162549113666,0.579616806435698,4.85203946215166,5.74436797212811,2.00268477482116,3.51999769282367,1.77735960595049,1.5857158797636,2.88021549191154,3.38218543020397,1.04270043009544,1.92999455986871,1.60912714241447,1.01725147842448,0.629971831857907,3.49672768268482,1.46026789849444,4.7220290022286,2.73062884381599,0.877765281629734,2.86534489132139,4.99583388813799,2.48211620544583,1.15703493695314,2.18728611134429,3.72707958630189,2.91102176386553,7.22093597839009,5.56293147015855,7.40214118754959,6.365406674128,2.41762278719094,2.28927477626152,3.57013563881049,3,10,3
"218",7.45884314894329,3.14157869564804,7.35045576039011,1.95994098915119,5.95244580881399,2.6513481823331,3.91630912747672,1.78790932044312,1.49470907775169,10.9528614475906,2.38504750248584,4.77787489668626,5.88184795634877,3.52394331606677,2.41232171733427,7.47537858360655,0.312822440542174,0.572150554031237,16.3702351764984,3.98991240497244,1.34550914286925,2.99247061145988,0.313472586023037,2.6042013330905,2.00684224442272,3.0348244233003,2.30999630525987,1.21910611197741,1.67975302710233,9.1519961650815,0.310232592912022,10.2322436273491,1.46590976391167,3.26254525979284,1.59284101941819,4.80329469990629,1.65181783323831,3.07097407099804,0.640926180803225,2.24148202620675,3.07610379771319,3.45820762779136,2.76668161408604,4.03216402037595,2.06293035938837,10.7133817166414,1.50396188193905,0.139969413921406,2.60984657248736,4.69003540741506,3,10,3
"219",2.09285550512926,4.62474372618955,15.1607245346582,1.03068875219762,8.3919906774247,3.72442627053394,0.145231572255691,0.4950969225527,1.13858526927011,10.8726350672308,7.00629889098078,2.94470546838949,1.90362624462407,2.75356300668044,2.5812243579744,7.14868792158591,1.88022789440863,2.14972853786898,2.89641870354773,2.04317923245797,0.950035430049368,2.67487198880588,0.392874493919616,7.19870574543047,1.26529728969029,0.618937524860631,1.29458463296809,2.70398374886566,5.02627497129072,4.63743912215257,0.369830739371401,6.05022842970493,1.32728078787452,10.9613268200247,1.74524122480356,2.46459582104975,2.39236745450383,0.897185091037574,1.43741825752267,1.50694852925283,0.796122207792176,8.68537100282711,2.59309189643302,1.06454627834704,5.46771512138114,1.61893120989618,4.54251647729173,0.483267169290034,1.72524770149058,0.667429151894928,3,10,3
"220",2.61849939423753,4.12855685639566,1.60771497315413,1.67969228352075,2.71911381921897,0.859814760855288,2.18001721477482,2.14795190481582,1.07772532901897,8.52559110434533,2.44238971026873,6.76250257738807,2.45340369783371,2.00218373527772,1.18589385677706,7.5503455264436,2.68997310443627,0.989026881722606,3.9072062363982,4.74572619872172,2.6159860926209,2.43639892101459,2.29999859079567,10.9194761012929,3.23514311773402,1.07585218237292,4.44883772727058,2.56738039828518,1.36212200998509,1.40244467112723,0.927874514394516,1.69299146631618,2.67594049391897,4.47078277938569,1.89056960265274,1.97968621665982,0.865911619640535,2.7227145855465,0.31475884899299,2.73803649447281,1.21561796135178,3.64225169913376,4.34198150756081,2.37992230057672,14.5258327822391,2.64073621430817,3.18105226208497,2.53433935063058,2.07514479537082,3.51253293949225,3,10,3
"221",0.999640712342518,0.93305270605892,8.34713312096428,1.08094375292982,5.58432477521418,24.0690900905566,1.77659465848657,3.35822383439375,0.977768880276342,3.94883705813055,1.50486690285316,3.04657071133534,3.13943489451465,1.21479699184713,1.76049252238809,4.18928517799607,1.50968655198304,2.5446358212782,7.35344848711394,4.38847093887766,2.6069182816159,3.25147576854098,1.1476565248171,1.83996006108651,1.16658614191896,1.70689302256428,0.638862376926017,4.25960949992052,2.60083407475352,2.24624631043174,0.34582621958527,1.97460084194625,2.83246948903476,3.117471610264,2.30077774069211,1.55230505562003,2.28170371423922,1.47049013641906,3.57135425446696,2.60333814159764,2.22258063269492,3.5718842123713,3.52250589100019,4.23621838979455,3.6092054583563,2.96549674046247,3.38743714546587,1.47965137154993,2.7240246290695,4.49245162672796,3,10,3
"222",2.59957649214622,1.37055673721239,5.23470643825057,1.94066023073508,2.90901132968986,11.3593795192007,5.98878237797987,0.71749530120833,1.29378449434569,9.3958710216835,2.31178545608693,5.0815974126494,2.90542285008695,6.21577513192378,1.61241551037096,7.59351341951114,2.96179094841548,2.00637260403872,3.88089399436572,5.53368793473461,2.48281876025582,5.36558966773117,2.18757675462269,4.48694922689993,2.2080264857452,1.71356615058191,1.15701153458991,2.07867417417415,0.607679605813854,8.59641713797809,2.74309749625888,4.89990959168252,4.53641742435975,3.45635976654091,1.61358092291246,2.84129279138442,2.29035108728681,1.61391308737985,3.05704331180217,1.36671467376867,3.05220235871805,2.82843327994982,6.28738120269353,3.93271323394805,2.25207688692288,3.56224905136891,6.04272316335979,1.73121830206947,1.81771858003178,8.14818372727646,3,10,3
"223",0.92825686258355,4.57632121553418,1.28941930412956,1.37968673071266,5.42403492672988,1.2522650935973,3.33169507419372,3.90720460806352,1.75773031238444,3.47540745583595,1.3527361079757,3.13091899689422,4.98548100391195,0.848415769448744,1.97616424987421,1.31944747899243,2.06023515728712,2.55896307492799,1.47870286088784,1.89923729921166,2.27076140428049,2.29486299768457,0.747809406829763,4.24321807551753,1.53499615775038,1.60846336319313,2.04030418998048,1.21114263644402,1.419740611031,3.8969079541701,3.96686581277515,8.57443669951335,9.3139392608365,8.89760002938402,1.08308418972882,0.19748896510892,1.48691317898167,0.926966037967232,1.05388015405089,3.6375999855179,1.75277436637476,2.84971714439496,3.40110060336275,10.1770469144306,2.6290483272534,6.65670830175645,13.5298365897957,1.71817285069467,2.03434148126603,3.96248802731347,3,10,3
"224",0.450576279165114,3.06577173943391,10.9047894037246,1.27473482924788,3.56030983352965,1.94284882052526,2.61056486413127,2.24777910769143,1.77017953728994,7.48583487311369,3.86885488941442,13.0453338352428,2.81187756078734,1.6048996537761,2.16932044969518,6.34491062589889,2.05449934042124,1.60910368956313,5.47526394607346,8.0979839931607,2.36481091071155,2.10231703049369,1.45957677528699,1.78895993347743,3.71497806166822,2.77894603872175,1.08389864280696,3.18434465750269,0.590512027899687,2.41038405419517,0.630093251891821,2.82745699198982,3.64665909969763,2.8595223850038,0.822317843881178,2.1937153963436,3.43499461525439,4.02121535013707,0.716567619602375,1.99279706207503,0.582754086767746,2.98768315796266,2.97564542293276,7.11321509283373,6.30088645688097,1.51334218386799,3.93423679814926,1.58080457177964,2.48677634458798,2.05570742909295,3,10,3
"225",2.18800623897006,2.06053521134076,1.16127828476996,2.03753761070612,2.03583169390043,9.85103035595353,5.24697788778565,5.6845388422688,1.84763537741451,1.84169336445606,1.36254619089284,4.95276195609067,0.959422008157046,5.37328423182689,1.80708826673779,4.31049048674738,1.34276625515832,1.79850341827369,4.35035813947653,5.68068618989254,2.33518143792036,3.11688825985243,0.955094675019372,4.47576952465705,1.90132349182308,1.6151221836109,1.69555199533733,2.69145366688232,0.763968335798793,6.46310650633706,1.49620942061372,5.20740879051524,2.8035857816005,0.985974391941837,1.50796253909973,1.69461256757247,0.113526133642859,2.63996384709359,1.94556094206149,0.551003707191219,10.0344664860037,2.44449873582867,7.49047355967942,2.09949651712527,11.8118034406165,2.86497026780954,2.32519945832047,2.1758444197936,1.79184936809587,3.67910465895052,3,10,3
"226",1.73808554786501,2.37140221319496,3.39271033677378,1.98717881579052,4.87277824396559,3.70112204624914,9.00344442898673,1.71549199230052,0.7016096577386,4.98940103149328,1.37114132507145,5.88224997904118,2.71973913257083,3.10973242524736,4.1708178411258,7.28809296097626,1.05950568515117,1.22090383391552,7.80433348584282,9.46437610870318,2.1717159086836,3.59164836861272,3.41798769215627,2.37071057044146,4.31801476245968,4.49426791094243,0.683957807692661,3.34370938403756,2.08711883098695,1.93386821958911,1.00652455704386,2.1362842875256,7.2413163013233,1.49715683672387,1.80143368323094,2.0290731266345,2.59958530681065,1.44863719518319,1.36207646516296,2.2051496959468,1.83102265413669,5.71603289946469,3.95500222600183,4.25012475778019,3.52129738334194,5.31212973570741,3.86705748810245,1.27039465503496,0.865883576900306,4.65838577315941,3,10,3
"227",2.58313834437972,3.18325792533865,3.84507957133166,1.21556151108328,4.08530970724357,4.93761525720328,2.17615731129521,1.43375896380775,1.87856835947578,4.56714967229467,2.88887264978255,5.43050174097115,4.87621277098251,3.59587127110205,2.4739175403118,4.09102130370471,1.49640447889706,1.53412854803832,3.53800429096648,0.358976978119742,3.1959883106961,2.13073169673842,2.17379537737239,1.81529857864124,3.96744961281968,1.19326643255145,3.34112481531739,1.36636590594964,1.07799706337207,4.31728964461513,4.10018624636092,1.92674469090468,1.84802735738099,1.64578693825865,2.6754597369371,4.15867991870975,0.72453649357471,2.50819351852022,1.43254436864294,1.29799087454694,1.71950825860803,3.53663120153094,5.57567798719907,4.9008809511768,5.94240461760474,2.01764862222968,5.86901467164542,0.774079467632081,2.5554924799396,2.56975779522529,3,10,3
"228",0.766884694155203,7.38475365213537,3.87823251817435,2.18829796844876,7.27196540409136,14.3861701003446,0.495503987612403,0.867401475732601,2.23882018822177,12.5083021539922,2.2800572700117,4.61309403084124,5.4963523468995,5.71362560138557,5.23467616995093,9.88496141641933,1.65079510219892,4.20609737972379,3.27914132296246,4.16318850195387,2.10804858446104,1.66918379858048,0.695696201974742,1.54646801115808,1.8103853175423,2.71225187036225,0.648312126920637,1.86105420363675,0.586933492616672,2.37572630625687,1.95795269936279,3.05287064616528,12.290213619998,10.9832947070622,1.36013162962067,1.99324685679251,0.286405319822451,1.72455937522199,1.07073851629227,2.14443875229183,1.09586754609606,2.16312546767967,1.69251401654536,7.96279242581952,6.80119000121981,2.01244212276586,4.78241676803734,0.13031760792733,2.30093282040834,3.25834570352422,3,10,3
"229",3.78112378199159,2.1737174749051,10.0264812986913,1.6686731335448,1.90062600636181,2.1198179966733,4.82315625135769,0.707539112694299,2.40065130638819,6.62807664725268,1.32360155874554,6.37720488909631,1.09059882580519,3.10304691544208,4.52739580677667,3.2106565917808,0.876745452760548,1.13388504659416,2.94873163629851,4.7010395987992,1.66017699309191,2.25814009736552,0.998420330855428,5.09009150498699,6.47559601520225,1.69128341706312,1.85101452625127,3.06787385898023,4.51246205590223,4.82558572072054,0.382216519880671,5.6208582568687,3.34549694377616,2.35317808610745,0.995300933070439,1.28422400235926,2.69358531587621,1.51754174481534,0.230625865583057,0.979995690367627,1.89636746048518,4.29972304765421,2.43166052149288,5.62503060353586,3.69138596554902,1.70460676399088,3.65281748644605,1.80112812205553,2.4332315675093,9.38115045469089,3,10,3
"230",0.840489783901243,3.5421290265475,2.03713299716216,2.11279192864639,5.25036135949081,2.13879166266957,5.58097452755255,3.70094035670562,1.77122150253047,4.06126785020371,4.06733679830736,10.4093414299913,2.91638590960235,1.94993702977719,2.15776984649726,8.86622975479263,2.098594416299,2.45066080588377,3.84774356200781,4.3067773383543,2.53761797563066,3.58994883687574,2.44914674921104,1.50993867457918,7.10570119458651,2.65930943429067,0.624765410467168,1.50572025021507,1.01883601381426,3.48814747155736,2.38056336921138,3.47073803998078,2.53458798573854,4.37477065500213,1.15187150643785,0.910277468621216,1.32453293598667,4.81895005684634,2.9304051811952,3.41182202000031,2.0295622515659,1.61592225644406,4.50069351545077,3.77903491422447,2.38073922306329,1.295774380631,9.02826657200916,2.05606687179809,3.08631315004559,6.92272701837697,3,10,3
"231",0.385678723494585,3.1262136751957,2.37076989191998,1.37768791655509,2.00487648653078,2.37075789446888,2.9494960463886,0.707082626594366,2.50481425213255,5.21109707973943,4.50692670294724,3.82820459272292,2.23194706353687,3.92695067569028,3.70829260885234,4.01934402402433,2.23365471671028,2.02624649123586,7.57300127833822,6.24543403302193,2.00418973083199,1.56830076064727,1.16359036608254,1.81758700695117,4.70487314623252,2.91060896354737,0.739231059902012,1.66144111758767,2.04145866799956,35.4178063798572,4.32981095951531,1.95207843955573,3.10490813799739,10.0655823005864,2.86236989913563,4.12056550896719,1.64815127730471,2.54063436748523,1.28403640344942,4.37062175714221,1.67742181085952,3.19064176020147,5.14125811860416,1.04570854010251,2.33085725412948,2.9257080479335,4.03751419541279,1.05412568872147,2.35798451653786,9.33446753767696,3,10,3
"232",0.227097534762054,1.02012579354467,2.35315140576324,1.58534748866239,6.21074447578894,11.5263336815192,3.13817864334188,3.99374661426314,0.813518031054948,5.96904939518375,5.86647417464936,3.56230567246533,3.95875428250363,1.76016952905762,0.613168071387667,3.33162736411038,3.31087357757434,2.19512567432787,5.66053339897885,2.60527715580928,1.41562277521211,4.14824863134483,1.32759847945218,14.8693554252073,3.87148857036079,3.51245210550738,2.02535421190684,2.09540398266062,0.734520064130581,3.22738408377882,2.03228950338466,4.32725491976322,0.538433993792541,9.42020580788487,1.94241890410419,5.92479189200774,3.69815740275008,0.950954065339019,0.858782322917767,2.06940159306681,1.07873199316678,1.33802935064116,4.78561139529176,4.80873130475777,4.14423638653581,2.84601918435701,12.3917770428782,1.98941387301981,1.21755830671651,2.03812436198058,3,10,3
"233",1.0915904369981,0.797075852578047,1.51161637903135,1.8300168518661,2.22969438843257,1.47687548906115,1.98957383666798,3.48251989448592,0.669383260681752,6.99448843130242,2.35945725795349,2.26702499372243,3.75707588502886,3.55953747009047,0.553595054438024,6.73205895364985,1.11572920017192,1.22800612590381,3.64622916031516,8.30795231180698,2.06629212806918,2.45033390029423,2.02107347339915,14.7507910547737,3.99266894665103,9.3168804740016,2.19368292368379,2.60261295815779,2.06350405124707,4.29802993725055,1.21620521069585,2.15409472643197,2.44155404067343,3.1189376904792,0.596856077795276,7.82009753242869,1.53400458088563,2.76432693979102,0.901027745807691,1.19204090979713,1.15633697655651,7.50178924682834,0.577843735502913,5.8561575114507,2.69052073879022,2.55589098917276,12.4298169965747,1.71181494569684,2.34785457331646,5.88206542427372,3,10,3
"234",3.86633359862244,2.32345435161563,2.60456318574971,2.46708057022068,4.36527045515928,0.965180153394982,9.14031108041528,0.399694124606823,0.677903878496101,7.22557049817496,4.10519087852736,2.53909228470297,1.62240813103727,1.93457171569916,4.53836014412344,2.28417666876756,1.39411231583294,1.54290481508328,7.48363457479739,2.28721761281633,1.45776601236591,2.06861426806429,0.712347595432546,2.66842614347971,3.20787531574597,5.53923866121695,1.94093131080204,4.23278596221606,0.401972870859838,2.96237896743771,1.35180587606811,1.50375107952865,4.25338444073097,7.44932211761915,2.35142269908579,6.52076517203095,1.57360922428912,1.50543368582608,0.408419287344465,0.912474558703512,1.78748098296636,2.50704690942481,7.46992700284013,4.62501065307784,1.60618601926592,4.08913409280656,3.11527225645051,1.35105107469237,3.87615670368574,9.37423171596221,3,10,3
"235",0.871347139539334,2.27368381265923,1.17400826905913,2.94507122407222,6.26901455416421,1.89664646276092,1.31603890140642,1.94060004339742,2.39567127676206,6.92176765953038,3.66266704552863,2.27081304763527,1.54523556506436,1.41961455613914,1.84329286641367,11.2615332787899,1.1618294070257,0.781065063688562,4.31392896394532,4.65127512264094,1.64555476782354,1.45437978041879,0.912537503158519,2.19796543295008,3.61160628371449,3.21460398803602,1.82617235453963,4.70852034613386,1.24348844357896,1.9839905183755,3.0285478949439,0.997610206038372,3.09392417840419,4.24329270465658,2.00972005075136,4.37945612054464,3.70977110937473,0.79401695165091,2.16767801974714,0.334750505994508,2.18373942254875,1.99562305938959,0.70090516138275,0.710425457027391,1.13790336820685,1.98937533004266,3.45024404401336,0.627253324447985,1.92022307117296,2.25017594546608,3,10,3
"236",1.74637487635932,1.56272911220546,3.78982923302494,2.59889068261095,10.6040731651192,8.77028272123071,3.22586022515695,1.34835519897646,2.00159094309643,6.12210777574161,1.62200108038871,5.82150809048965,2.47988975206836,3.54447340076503,0.640573408816602,5.9044965953722,0.675225608634515,2.02988228264822,7.69442358805694,5.74558571461933,2.06024645441475,1.7673200572828,0.894773020683709,5.60075715203024,4.05721886444673,2.12838840751146,1.8322106494405,3.12033335596194,2.57960454272834,7.3842299800679,2.50493324863974,9.50482738984011,1.67399900888674,2.8441160077078,1.45310255334857,9.46617007976407,1.25218863077084,2.69982481514141,0.38275238394383,1.73967567008803,4.12913993512733,6.80303475065935,2.12797595818205,3.82465623651284,3.15412498990983,9.55879862577902,6.5054936430421,1.02686665010692,3.80383631980058,3.3546704005559,3,10,3
"237",1.70878084906678,1.57004321682718,4.80557165841032,1.79978392029877,5.14670401835321,3.41543163966112,1.98565409365366,2.40654945982228,1.93016156563303,9.8391818513185,0.446809944797204,3.5467153404574,1.44065799807841,4.46527599066959,1.52401607154258,5.81051602737104,1.11375749452969,1.20102167560614,7.7838398975964,3.92245665939981,3.71838553683157,2.10557923238756,1.53529394116894,5.77381306384007,5.28202920380501,1.26104170037051,1.38572893948954,3.62605645623801,0.664608281497897,6.11627494845373,2.07489306074419,2.78778440087745,4.41225266847741,5.85877221771157,1.6896618092122,2.21963354850077,0.991775313166251,1.72254518855201,2.72859013218629,2.898396669822,4.02601072562983,2.64110706675978,4.3184574661302,3.254874588689,1.56679689193801,4.86328014565358,2.072346294921,2.39359183724953,4.91666295932212,3.41041361984855,3,10,3
"238",0.561134776986878,0.69405657548821,3.39185141018063,2.23960877626759,4.68425116442339,2.2377452715118,1.74251080989861,1.10634505547713,1.46246942072044,8.61402299687291,7.82979240793265,7.7827855319508,1.54262373765352,2.28974600724288,5.21127845523217,6.7347403035127,1.4542792050904,0.982999285789389,5.70506132437143,3.281782338112,2.05652437177914,3.17600793178803,1.11918369785487,6.64996373342962,3.74515951400818,1.57686240213801,1.84468268993816,1.2155825888814,1.89084003076567,2.06327058044764,1.65116813555341,8.69250730936608,1.14715538252559,8.1769914050287,1.65394228434522,0.260222881087304,2.21672475453215,3.05259270578856,1.45421835749201,0.955280696484893,1.1472698400406,6.41416334525848,3.65223092266325,4.49034868083891,2.79663304473306,2.86174279134433,1.43329119452146,1.02314039419437,0.926429997924474,4.5193511791801,3,10,3
"239",1.07637529369177,6.8452090489653,1.54441276990735,0.68926222204107,1.83112638502865,3.9276245850887,4.08239416822316,3.27684585617309,2.19653578949521,8.77190419477049,0.369489657419343,4.91421505002731,6.09316200682694,0.757646443214305,2.02601569526845,1.79396054764716,0.542261321097273,4.18060449605146,6.57661423787656,4.09578807321314,0.915314107325247,2.29538598696651,1.21579455820278,1.06917738403916,4.73293871034764,4.08299103567142,0.418287448464209,2.97762737436116,1.53013413570988,5.84341579158618,0.48242118693671,3.48558158093307,8.36759081377409,7.41773483347941,0.810325016663656,1.29523269860728,0.791095511512039,4.48078725156934,6.0554350766567,0.213647118545238,1.68111014464746,3.31125976793938,3.28224209616716,6.14713738358832,4.11524125679568,3.60042466237685,13.8907105859169,1.06008975497427,3.05964832311634,1.79466536752844,3,10,3
"240",2.39579940974396,1.57226494641766,2.0290660488318,1.61783240548596,3.73849846513355,11.2258091986894,4.88635014156917,2.91836976146144,1.39715011836104,10.2581847383945,3.49420546237939,6.4458086737008,1.27358290315017,2.52997785230254,1.58470029262991,3.01686863847354,0.407446041246878,1.74089056411033,3.89507315624645,5.51796181685522,2.07100132857935,1.38572796478675,1.177592620018,4.02052917901506,3.29343979771903,2.77044382197914,0.203955349874717,1.01452473842879,1.19852304964606,2.22767234411078,1.30761398396234,4.7290155686863,3.900463522621,4.13836772167851,1.24250910989187,4.72907233851945,2.36986161762075,0.591241562337632,2.97143601999091,1.7560141543932,1.0774318140733,3.44938259690865,2.69086924627965,2.26642444817908,6.71457872143538,4.31306449640167,4.73826629536645,0.977625707616916,2.15852164498258,4.74330586287298,3,10,3
"241",1.29101349847575,2.79676787452114,4.97092394299784,2.92419273434462,3.74443843253665,9.15944343709747,4.82338044876676,3.38958649525634,0.888497567726805,4.24914199085536,1.21924421272323,2.17444255246441,2.36238138164402,1.43855212995421,1.49084367175971,3.62473597796769,0.758196578853376,1.35660537358165,2.26494425590497,15.0473809574227,1.41111109376902,5.05880579967021,1.68783914599622,2.78488058106664,1.17084861628587,4.74121075923275,2.11720856587936,2.74888501287072,3.62581384444475,2.24105535203897,3.08707437415341,2.68660111344746,1.71434311039052,6.98427869165949,2.59682318131882,9.22869546567831,0.831622290578647,2.50154980016107,0.250667577600213,5.47468661817949,2.15180993348608,2.71823866397142,3.64837140530439,3.31159879518331,2.06861149057799,9.4043981018773,4.13466399240387,2.67646623163515,2.49312499244768,3.84363448445559,3,10,3
"242",0.769353986415464,3.88857184393721,3.02885543614276,0.435693118785792,5.92839896867667,3.85468089402136,3.39239880402799,3.16827436105893,0.797864481256549,5.96321985902279,5.30666469752736,1.28489670685339,1.84013946255734,1.70755019935113,2.6267205180438,3.98022869555184,1.02884478335915,1.75464551447697,3.83313964163412,5.548683422654,1.99124479987914,2.08662621737179,1.87638144049099,4.14017183639881,2.13442638197013,2.79445997136077,0.594416744327109,3.01230127223128,0.705193837597375,3.41242778935481,3.78910154605847,2.25537249040893,30.2171428873856,2.62226297508741,1.3695268515076,1.84011220384085,2.85301832528136,2.85829126900832,0.665976043955239,1.69982961350103,1.62734775360475,1.63095077573363,1.65560322026948,1.55432207133694,5.67588315888958,0.867577682836184,5.97447351805825,0.209234002338348,2.30706449876511,1.83866281808559,3,10,3
"243",1.82853116921377,3.13911971453741,2.79039327967994,1.41644577987425,6.08088999735197,2.18894840356291,1.94845514819643,2.28780390274495,2.4877102242126,2.9302112109458,3.72645539196448,8.7956964626648,2.1697914811969,1.52394212191292,4.94359045135898,4.29605421532727,2.7130983995261,0.790177375817939,2.0288833812964,5.45161531167991,1.39389645189528,2.93637943153168,0.730393711140697,14.3744172988248,3.09501209861314,6.4817767814757,0.742766518519865,2.49342106939426,0.943040448531997,3.44130409450629,2.73113268314725,1.44701068098488,3.38183300847992,2.78358237288155,1.30484344016856,0.450461738221848,1.79429067953046,3.16095772769309,2.75246085041413,0.684803221250771,2.2679894799732,2.85701292647785,4.7105195132034,4.74599786631647,2.55325014785755,1.14999898598444,3.89680501713795,0.849394093784735,1.2227563068705,13.5714611607943,3,10,3
"244",1.22103348569529,1.15355868532555,1.57671941133172,1.56486648267736,2.69389958568788,2.30812742024966,3.65302924141253,0.964267520767618,1.93461167091534,8.0334897946186,4.76751407000614,12.8410717272116,1.01808535424188,2.63510657393651,5.73607846544811,3.44094516822971,0.320307402620843,1.69244709994642,3.93447083736542,5.92662710436334,1.87403861474425,2.87359518660656,1.59983878009583,3.81990987972453,2.22943672692813,2.45813047149655,0.97983772280219,1.90233987457178,2.49369890827688,1.69485029945189,0.56544398195291,8.69454270729237,5.51077048246584,2.71612446499693,1.8265979681432,2.55799930256645,1.05989272131063,2.06386044687448,2.66325961996463,6.36390398828364,1.57011859927658,2.24680528638742,4.86886404525552,3.44694658016503,3.30465299682849,1.57064995690364,3.12967006038152,0.21094004624984,2.48372960655771,3.93500659099693,3,10,3
"245",0.535128520448861,2.34436196494801,0.676772304918887,2.26401514297594,2.25953551905285,2.70018976565944,6.68495180527217,0.266158213990837,1.50370401181253,7.9057586906778,4.5096125571426,6.55645846383015,4.95781860350114,1.23054416196051,2.87448637211265,7.04059438739905,0.986762986484679,2.01906128231441,2.86307627660769,6.98052729852811,1.53889793932942,2.69521261277142,1.81882038154052,4.28195934449004,2.48601362496199,3.77844666286862,1.98119315282975,4.14309172351872,1.51787907994094,1.91530260632453,3.46526503409419,1.97085882251937,3.43873178699829,3.56950344548822,1.09069920854819,3.86710613106345,0.837354805203173,2.05223557706246,2.76751126952774,2.79921183655771,1.00283425939321,3.28607685373999,5.33584474876815,6.48653916505258,3.91068225930096,0.835367579866931,3.8441497484132,2.16010435397133,3.61260604258437,1.61151789092891,3,10,3
"246",2.66220875152354,1.91743419934674,3.76223609720792,1.97293042997248,6.01264456895825,2.30693198894212,2.77672913762531,0.217839248985556,1.05294410536883,11.4375796587122,6.64830473713119,6.93646233683755,2.40115860182972,3.39550975995646,2.94898617861584,4.12820084639779,1.9359255443146,1.24121099150748,4.86490713307376,3.16662060486934,0.42882417514871,4.24977624030161,0.845684903420224,6.0838409830738,2.06292240629253,3.77672483129441,0.884328639894166,2.72864633045725,1.53065713513701,1.84617939982078,1.06252497340387,3.55125711016031,2.59399562772699,4.45155006134636,1.3634554091248,4.73810325207078,2.0190741829526,0.623898609791079,0.652290849247863,1.15553413807991,1.17829153559401,4.48774843720405,1.5999705904546,7.76178314119946,1.30483736153341,4.87235577956957,10.7494411195318,1.86183984375954,1.83647648768159,1.23966165711038,3,10,3
"247",0.91444537470912,3.9090430333116,2.33766528061224,2.72531692002724,2.93386905963064,2.87147654234639,4.76584179899694,3.86624258919463,1.29549072620373,5.57438093652113,9.36928625996259,3.36120441568143,4.33736239045517,2.47930521924014,3.92076606001576,2.18296695651303,1.40772730459874,1.39007289688416,2.73187503580019,2.3717259984042,2.08133126385986,6.80797477517154,1.14265716975746,3.91104348415378,6.47711595783638,0.697280408640872,0.718329375089337,2.0852884980689,0.817062753650925,7.36494449867646,0.870716675418106,4.76296225278544,4.18835702978867,3.47057159842002,1.72418647528581,6.17029726334399,3.5461021766287,2.57800252880528,1.45473741557235,1.1118838742664,5.25853852335613,5.47284601956421,2.65641267151258,6.35519417798172,5.58291704518501,1.99069308761582,3.24480222394878,1.32305667699179,1.61270134067725,3.99720808691947,3,10,3
"248",2.24136323069974,0.859851856996289,1.61006776584202,2.95970238009673,10.3452421586399,3.97852829751633,7.11434164641197,1.6039550864583,2.23102146104264,13.901517521882,1.27484072732307,3.31514927375633,2.28355074666597,1.5923083252818,5.33491493379654,5.44663366074073,3.16172780281393,2.59859530080905,2.84024532788168,8.95798323115891,2.22945988155949,2.24884034831815,1.36372036984985,2.40763517972936,3.57770069306302,2.56955114972277,1.0740570281492,2.69111406359376,0.626170787684062,1.25094433830316,1.48510374346836,1.39177042406285,3.1692775205457,3.63956343335417,2.11080835909039,3.27516978295225,1.639522581281,7.18753397124576,2.06698905280878,0.44410632772025,0.500109537633539,4.52365371577519,4.65009231009511,5.76494392380705,1.45514255403585,0.886856317590462,4.54740939854516,0.905964372383838,2.42390138755615,8.25454116042027,3,10,3
"249",1.92938925869802,1.62658866384456,2.92898631987023,2.32187253821324,2.94088233945406,2.81492789378841,0.646222222524271,0.623973152120231,1.20379657893697,2.46788446684307,8.85106108937525,2.11370043293911,1.71674627073521,1.3671849628839,2.01903099809209,7.08331225507007,1.13620899679992,2.54393471274571,3.0504214906032,5.58015047106852,1.1559472832679,2.63677796803551,1.24399403295936,1.02736005465609,3.10602623549769,2.4248344325009,1.00199727488019,1.70516425969126,2.29034205911567,1.6084869997088,1.09034295151736,2.97849310135423,1.42157275164492,1.37411693255329,1.09896796918083,1.15371477383515,1.84959054823591,0.551117095346936,2.33930668809891,2.9880381616361,2.03819616657049,6.30894154062855,2.21597226993434,2.07601564757198,8.25576105758733,1.68034465512705,3.63939904145225,1.31426044373903,1.51542171636972,2.13471319800066,3,10,3
"250",6.12902562724099,3.98080367435157,3.61677970294175,3.32206558456274,4.85348984297827,3.74649523074847,13.1782586763344,1.19891202511758,1.6846553219293,8.27538252125651,4.03188783677594,7.98918522424775,1.46390209878455,1.42286185432029,1.55376009028921,12.4779493595963,1.829756181385,1.16512856876355,16.2177364463964,5.04986800314947,1.03980505870686,6.16221142077441,0.120043479025119,1.64213511325008,3.05333532811085,1.59809219636597,2.96885982911365,1.47546736119098,8.00196343603242,5.76931282566214,0.650480896079314,3.57289649977873,2.65289361093657,4.18363878557184,1.72789069894955,1.17021159577754,0.481839090702127,0.774790016963761,1.99988601903587,1.63519632400655,1.53667790352501,3.06373769499438,2.49376310606197,3.1406222260574,3.25993015802288,1.77113440341229,6.85574466391137,1.29046044221156,3.50266753658164,2.93382769772235,3,10,3
"251",1.38784170196181,2.18587581383851,7.11561591622521,1.07137557177927,2.4711202742685,1.60529648535518,2.32052394689186,2.50987810513771,0.888213044513511,2.71916016948558,0.997705565979972,9.53455672850695,0.614183391407012,2.67971246506677,5.79740590013366,7.25548665228878,3.10928769801356,0.598846279248461,5.89091519859853,3.83661210213484,2.61761620385287,4.12890307061599,0.819290548970966,1.02062274689277,0.860644960994183,4.28691845859103,1.8854856600429,2.69370123810525,0.611170236708752,1.86419055999656,1.00594668392296,4.3239636876073,3.27898654987989,4.46537748783277,3.31242091974497,2.65768221081875,1.25177562390588,2.13784849827187,1.03721960212943,2.40714427183069,1.71370115197649,4.24670745488927,3.382445647427,1.04349312375165,7.14847473031742,4.97202507151026,5.32896468668359,0.529303275370329,1.80461727959321,8.70694893736421,3,10,3
"252",0.24353683034019,3.97230766475701,4.46140703829628,1.48641397952906,4.18997522310083,3.03099225119023,2.57824998521587,0.89539652411752,1.0522555355584,4.32385889791717,6.78535038812501,6.11060394051021,0.670742519549618,3.17483386675044,6.23230102365709,3.28854072943404,1.53510557083364,1.44137895137589,8.12004296227363,5.69021657896158,1.76614397813423,2.60479625835338,3.33082209350009,3.29663536332398,3.07662188858783,1.13461576288976,2.23862505435323,2.62745534517257,1.06627955875865,6.32572768711082,0.977781081246371,2.43742439146212,19.5218105972227,3.25200795677666,1.78823654862073,2.35109627846986,0.317349259340289,3.72964362012633,1.31655698150404,0.946931776140046,2.82607039451431,3.35463937689562,3.61694139784267,5.85286719531889,2.76410529103797,3.76203547387196,11.1552251932499,1.27413109934314,1.79955535584596,2.30520937425871,3,10,3
"253",1.16609051643409,4.23391653416117,0.550359029041386,1.9402732912971,4.08307626458731,2.79376938005875,0.826178144431594,2.77238588498781,0.9833983814906,7.79572421851532,2.80402703839234,3.80444304568941,4.34779245851948,0.871998430003916,9.91464294455203,2.71097250278135,3.37772031260111,1.03563527123819,7.72477835621203,4.03206016343833,2.44291380434021,2.5369193133924,0.300253021498776,2.13683510013843,2.69420006761412,2.83941539963658,0.558517274366561,1.45989479319907,0.89461046765003,1.5815391144108,0.68570955572318,4.84367368010723,2.06283261312345,2.87469343913371,1.32488647500183,2.3789994257323,1.86880583440734,6.38730383729138,2.13835022772302,1.96529130163727,1.08806101818593,3.57864016115962,5.10757573485954,6.04531796691156,1.76401988063685,3.5858825584027,3.98722811121387,0.982769271611495,0.700437931250539,1.36486501290585,3,10,3
"254",2.04332799474756,4.31862380840774,3.78270829462433,0.411940192221843,1.88805891469771,1.97553631676611,3.09043331171885,1.24013923314685,2.29795349482599,8.02357498760085,1.03991316154588,3.83781693345004,2.27689477614702,2.71383249624626,4.8408933648478,2.56455076966067,2.5076101923263,1.35349706146659,7.08427233792563,3.98586749164713,0.351477399783226,1.63690945891497,1.01999820064585,5.26736698735691,2.36332778436528,2.48639620124194,1.35263121884746,1.37384209313804,5.663058027101,6.38086931824749,0.854203202573828,3.11500871334176,8.81228309371778,4.93899254235741,0.577840377436668,0.760738553718942,2.67657254224961,2.06952421967077,2.11270744124422,1.91254531930482,1.97861163004548,1.14747244483383,3.66746668723038,3.43385390234717,0.98079309039432,2.78074533327596,4.78303045243902,1.15358235474647,3.49081213646556,3.70603241672047,3,10,3
"255",3.4017793579113,3.16364291157752,21.614447059237,2.6335176584365,1.33607338021335,2.96332863081816,7.29513622977596,1.41623695217653,1.52500201296634,7.95754295124304,1.5110822880732,4.62086798231373,2.25949767459421,2.49568078090766,2.41538972018454,6.48590088121581,1.65522042258577,2.9509688093314,3.25605678421547,3.03824214397647,3.49517749058472,3.37433365040687,0.945984452780077,2.17757371156709,1.51648361133405,1.26736618395838,0.778403334052257,0.950901752078616,1.06334253022658,2.35051797065068,2.32473499426565,2.42347596827538,3.09311077465209,1.90556589143888,0.549784340750305,4.03960615137476,6.22561988788462,3.55229187911137,1.33263645072704,0.962923382513306,11.9890766754039,6.65987537064981,5.13567677367357,4.41777800450343,13.3263041939436,2.09565080034849,4.35712255079945,0.96341862419897,1.28348405957361,1.71570361552634,3,10,3
"256",2.22793084485592,3.00696025006263,2.13860696671727,2.14467194413904,2.67562076924506,0.956341104863839,4.8355471503435,3.41063397548746,1.71923563728092,5.24260980027057,6.90550096213561,4.13256107127616,1.93385740940655,2.67288913328351,3.45199573653865,4.06780434806927,1.43852712111268,1.81841427702505,2.32614653665325,10.4184620303251,1.4942776273571,2.2010472987279,1.13403309734829,5.20058063037791,2.47025517444597,2.81872437815828,0.758345792644833,4.6180426581449,6.65834087483726,3.05010406048747,0.848156573733873,15.7641979757716,9.03689966825145,3.95011138003234,2.72650737086959,5.07168117446992,5.10205437597706,1.42640849535366,1.8013576563652,1.02492103538981,0.824634787720847,4.96781317603722,2.72154175107387,4.15551029480109,5.63961845226967,5.72656069065899,1.78646643388857,1.97211213136115,1.83612479057146,3.3238101479914,3,10,3
"257",0.58889970071883,5.71845269726399,3.57504924526055,1.65536027950696,2.71691156555791,5.93728551295656,1.81464794362449,2.47086553439006,1.83566061462299,7.02956082922762,5.32316527629078,9.45859497747897,2.17114333110372,2.71902184854332,1.87777220638049,7.90679047247061,1.02760232008569,2.18252965685189,3.53199739726956,7.31620820828839,2.66169493804995,4.31060810883535,0.677753396533739,10.1320514016171,6.17895182258139,3.70414847415917,1.39740922690563,3.06374215123705,0.741044328819376,4.73261433247614,3.11316421441466,3.06274165725106,3.66711400243097,5.63422610292884,0.760280866846593,1.05087495692199,3.58579464532722,3.1005210376265,1.14409456678547,2.06073466856816,3.77379024382812,2.98915268042562,6.36644110825522,5.61399153534588,2.59184829190259,4.04074595732024,4.46722860796469,0.167129986332146,1.87279034306474,0.8901527658882,3,10,3
"258",0.734188468722332,3.12122169007924,1.46412674720346,2.24982580866417,5.9129597495896,4.17989883857622,1.729246941809,1.0334117977556,1.76661667991018,12.3124936424825,1.58918445938835,8.76409330762674,4.40725010361598,1.56199245363071,3.83630512065136,3.20843637314636,2.57993673732882,3.10040703166011,2.33394499896071,5.5699101833456,2.94682274286242,2.34698252681138,1.23763081558731,2.25862887585013,1.85029362061281,5.94895806827159,1.36185102014879,1.84132346312216,1.55010801902632,5.97368384272514,1.32072308808184,6.69205394640562,6.82455286942258,3.07386098886924,1.03491386066415,2.41800757728743,1.99303029901953,4.08853495786493,3.48939359351207,1.03125645619219,1.0752211022372,2.0811309898477,3.32945491660481,3.08444552720009,6.17791578732834,1.55677459047083,12.520632417842,0.352149272487703,2.69787101824417,3.10472321406788,3,10,3
"259",1.88945435939167,1.65311352068195,2.53449396058642,1.19554194698708,4.64713552493789,16.619673573486,2.32821741192685,2.47561752384594,1.6845541335326,4.65967605961473,4.01055374289967,6.11658980482317,1.31363496276458,2.64042472516088,1.55703342186587,6.110216995843,1.03593201751288,2.62384123834371,3.22162247485587,2.52994984037148,3.41339532784726,1.5452121881183,0.846362102247078,2.91203952998995,3.81224562445869,3.91729028382215,1.13064748493676,0.932443036118469,0.553177517743316,2.41710737621228,0.665325129869841,2.32274199027524,2.7503015395962,20.890392540197,0.685009518863586,4.49885978077969,3.58802159468431,2.26777072031784,0.452002449760602,1.1167986635012,4.32835097000789,2.90922419527091,4.4086708780736,1.82292543429409,4.58363126567908,2.43744046612108,8.01797111442291,1.52415838377867,1.70397909805722,1.40428827951124,3,10,3
"260",4.95908794551594,1.16542614536738,2.44395410905294,0.800110132088056,4.43714275660903,3.20877388348003,5.35227539323771,2.13986516268633,1.3970608709075,17.1597748922287,1.88943695173037,3.45587926874487,1.47674237013633,1.09914359526621,2.77800468282809,4.18961282446749,3.83746842221106,1.62869284343949,2.15196214025727,3.0066171676455,1.65448382666521,1.65866626624396,1.7634489289368,2.97736999352025,3.61925014639058,3.86558376577911,1.33256445560878,3.37953844343153,1.0797976750978,3.49140406121219,2.39108473270071,6.81942274669775,3.73922250973225,3.26246550311276,0.729979694423472,2.83393217470968,4.02819514724421,2.96101094821617,1.22459220558724,1.80288315139214,4.10402849073625,2.48817559020712,4.07653945072698,5.10184732758986,7.7217959141332,1.56648515356603,1.28972980427419,0.823472926968859,2.80283564493281,2.34378801252756,3,10,3
"261",1.93606369322257,2.55457054253207,2.28297727064469,2.59664749969932,2.08101936294112,11.0912188797827,3.53370780813141,1.43508660745216,1.71851501346694,3.76077853577093,4.77077434500752,3.84568368090519,4.72144030561359,1.5362028380204,4.45639853090126,7.40294591438373,3.76504062212416,0.577671270817425,7.92632587446784,3.0842628539282,2.26476870290462,6.86784998223553,1.98806635449643,4.4383492822534,5.57228037891015,3.79156179242239,2.52677523086538,1.39331238151521,0.932297213246168,6.67453376395384,0.761982108637173,3.28706976925301,3.11815750131158,6.17246767398859,1.47547868407148,3.01068894973854,0.425012267255314,1.29582722110024,1.49848007645196,1.6058040616419,3.00719535610028,2.06470524392261,2.81661524303428,3.36162038438157,5.78061818716923,2.25374700827467,3.37978992521159,0.666685703618633,1.93996854298309,4.252734349308,3,10,3
"262",1.30417243571081,1.7765579748802,1.98033405868506,1.19785652236951,6.55590309590662,4.19962818569869,2.30043212911969,5.4158878641739,1.22625080367629,2.90100523401903,1.84745884006699,3.097115206386,1.87664494350395,1.93179058263046,11.2980665567454,5.97299962646592,1.11966886898914,2.37139319633968,1.85054164302925,8.65166049429426,2.62184060291989,2.17192289953467,2.62449319155142,4.35541711839013,3.01201224283944,2.08226298102384,2.80497482186397,2.89972465661736,1.03541795791631,21.2530944277077,2.80372049806901,3.36024078684318,0.538581897705616,6.72851144378151,2.45541372161946,0.210467827906685,3.90911024054875,2.51112372667221,1.48729799264615,2.84793604335987,4.16582779910081,6.2939593840228,3.71658751589873,5.21687729536346,4.79696249016348,2.30154077190512,2.78767289382337,1.47082612596587,1.16998067795388,3.07711328742854,3,10,3
"263",1.26880856553768,3.94078204445951,1.02388495258862,2.03601354599791,3.97390476009256,2.70381077257917,3.55681444366098,2.55862571050375,1.50526793112392,8.71355565008639,2.80451590953651,3.85089350470361,1.48821237192699,0.943225049413613,2.04663223271313,5.35801510788973,4.47286881072921,0.935225670725775,6.05536176182016,5.86560587197896,1.01335195482536,4.25378317759126,0.66789008401438,5.37309363228386,5.86072013180403,2.46747686970323,1.12347492771566,4.27330580057236,2.82042173715594,0.943663298850151,1.4952904115037,10.4342087707841,2.44291790605671,3.70268592264853,0.409302946605157,5.15273503588524,1.19239700012162,1.57397506232515,2.42055912986551,1.36125185452133,4.68020856324077,1.71802614806423,2.3277372954648,10.7014102394244,1.29884660620082,1.14946100248747,3.32297861087358,2.07697198512614,2.13015810048364,3.18103879978527,3,10,3
"264",1.87328968688285,4.09605052084638,1.74640431004363,1.165147212841,5.39218788684825,1.84511497633786,0.733155709753623,1.76528546019566,1.55942652322383,5.48535002237962,5.55476914409265,6.30210528176573,1.31012827343197,0.709189273313081,3.01704714625095,3.68574655399915,1.74344027776841,0.903089777995607,4.01230489155909,7.83574531602156,1.50048354992081,2.05047061779748,1.76303481239883,6.26754468949923,4.91752958261899,1.56663242031966,1.14733196821843,2.48235151501744,0.998942468928876,9.10914954247713,3.75078035558622,1.77132388218961,5.73722269020708,3.0969715074119,0.868046763599459,3.64047008649362,1.25242762218693,7.51607494629202,1.11907621449379,1.24503328647418,0.588650923844308,2.20593359412596,4.84744563778656,7.41737546669984,25.306268808296,2.39532381440485,5.84982624437852,0.85808809306584,3.01939871640324,4.60680566466791,3,10,3
"265",7.13554298104583,0.997518464659556,3.7516355370078,2.47191080455768,9.08536511797776,1.09425663181713,4.86258655866196,2.56070942604641,1.80945546870767,4.15691605522845,11.5733069200768,3.93993815534505,3.18596979866805,2.53750919795139,2.1044235487594,4.856089662503,2.19949888417556,3.01147674418331,2.23264084692295,7.98719371352872,0.969175432257795,5.21165015497823,1.15539008016345,13.8784114091719,3.43915954213337,1.97803870536325,0.828259608164798,2.02441744163935,1.45803258998162,5.02644946666928,1.18929420193918,2.64938476194936,4.0469526098055,3.42559910692873,2.57430498265862,0.655819508883321,1.41137932259025,1.38258385955382,0.336096109512454,2.60518157925446,2.0998642915559,2.4400465649778,3.73582909245534,6.16905237841314,4.51438274932984,1.70469498234927,3.19786831889079,0.594626471731671,3.61076080805551,4.32615099598771,3,10,3
"266",1.6270453066409,4.66394577626788,1.3136301243922,1.874972990449,12.8462109994407,3.19547784698097,4.94371787881089,1.12811408515758,2.27826719102465,4.66487098660114,4.52276221214366,6.7465005314281,4.83130746372055,2.41102996667843,2.73452494391017,7.57550756729636,1.11786914998333,0.12649304260997,6.99163544500984,6.2416779536872,1.41466984910199,4.52831697773766,1.54049840938301,4.20009010627827,1.28295906335988,7.6951791126888,1.0185397241257,2.92867476217837,0.657267311128234,5.46047308460526,4.63021380282293,3.26141363090509,2.29451666644184,10.780266904965,0.670083719748143,0.665291693804351,0.772107039605506,4.45434333067448,0.794406482528955,6.83129640305003,5.91255274620352,3.30862673016931,3.3026327602849,4.93464579172021,3.03685786586247,5.56079624301124,6.10474241271712,0.695044784625479,1.82251148599548,5.05083895853366,3,10,3
"267",0.952534924789632,3.20158546939293,2.28147509547999,1.29385274293971,5.60301386076134,3.03698091580201,4.91894891594326,1.41947685358658,2.44772810409598,14.3480179564092,3.73651133707585,6.42858605220836,4.40153853612979,2.18029138267701,6.51972969379965,2.93350884467558,1.25036532443686,1.86790193311172,1.73728601652542,2.8392355628796,1.59689403750856,4.08633072256169,1.10972308499499,3.34220772647949,1.6267751144309,0.792351895038504,1.43987872279434,2.64175408108364,3.57879723915684,2.20815778577527,0.0908039612352963,2.95408124994367,3.26446178099458,3.6755553998344,0.603889545536292,2.46256451142706,2.71550465000567,5.44265409120333,2.33532268137602,1.38445127978758,5.1032519449677,2.61047385571535,4.39236553606815,2.59654138944973,3.43188886023178,2.7610611795092,3.75264385428307,0.949475671007241,0.922897234425804,4.07306464080283,3,10,3
"268",0.98039548690261,1.13933104287387,1.51330929421965,2.74414368964345,0.569475828307594,3.51873373731725,1.65449126754483,2.51908670107845,1.2602743805935,2.15887134298584,0.478535889578231,1.39906223754366,3.32848260016064,2.87922700895608,10.6519349039325,3.76656488782205,0.460605163438231,0.620020297214308,1.36882762952777,3.10907502530729,1.33914940416591,2.02092783850779,1.64345072545879,2.83001760531302,6.0713873671283,5.18625849859768,2.0553054063524,1.2390958398244,1.21867443724786,3.72678967600603,0.618919010313606,5.4769802993728,22.0485090996429,2.64239342345636,0.630710203959227,0.265469300588301,3.97118676756609,2.31497474287622,3.49905049270734,0.504506012613851,3.76783284477765,8.47048532496588,3.76798986409002,2.50879169662284,5.60709718694688,1.06158055888376,1.95944742745808,0.579753981424776,2.5330976184882,2.69682640515849,3,10,3
"269",0.92692459706269,3.62826380625486,1.4155231108442,1.72048817959265,8.25197290091998,1.39046272515774,3.38020984082614,3.91731809402054,0.652417707838384,1.51003689535827,2.79389258525562,4.22823036729388,4.37990847370477,1.24952330516217,4.89190342216737,5.89029824692374,3.58182812693804,3.06402969861812,3.28539886822807,3.38663327714304,2.70987725653249,1.10686748507272,1.89876779053277,1.3598824885807,2.83844393787831,1.16149336730611,1.00880063173591,2.73055536321101,1.38248572276193,5.65651303050613,1.08458394322837,9.23388225106236,9.43359521500411,3.73814786909351,1.98798475825192,4.43961049371946,2.13616930917721,2.12275964663869,2.578537431925,1.74936749167148,2.22795523077342,5.81036331059294,3.53863481555275,2.11032921693284,2.07197040064994,2.79076524117484,1.86788861234299,1.53337547811582,2.86432953829804,2.42348964618249,3,10,3
"270",0.509574362990782,2.95606333251597,1.89565213654651,3.63993903912381,1.18335361459622,4.62958199742555,3.06766842297239,3.23473786756058,2.59369664873126,12.9710698576296,0.697970760606867,4.46708651216213,7.18033328860696,1.60746510347902,6.93873549191015,2.03015692549662,1.00480930968876,0.431113893350881,4.28491529563456,14.7138175936363,1.33040016835288,1.65608397860399,0.524114296272987,2.73976718670502,3.79701434039083,2.58616833075162,0.814330987286861,1.57080895330083,6.94526189346074,5.31036332915891,1.54869120303571,1.51502139532634,2.82435064167689,3.25149825917732,1.03655054133715,1.91392961172877,1.25605081391929,1.31117007430983,3.00538742317397,1.7065892817518,0.94436958644286,6.89511270236116,6.92426630981841,2.49663027192169,2.15464174725081,1.57115809862722,5.29307997961928,2.39755976147939,1.96176162826735,1.73362468115767,3,10,3
"271",1.05861952039643,2.23491508578501,2.0017544924455,1.66042006454398,2.91133181098428,2.67746396093264,1.49735465928995,2.44946549223325,1.16283338356333,4.87724042726362,3.77606087948135,2.90660717062591,5.31555005941392,3.40411610914765,2.09619770975387,3.97207441603242,1.63927608725575,0.940171561298805,2.86949670535152,1.83498465622817,1.56637697053687,1.98393965461792,0.607901457544555,1.41379400052328,1.23049167841254,2.579946190713,1.49032027107273,2.29464988934493,2.71887429826245,5.67747367527502,5.27169966104247,6.26706919037962,3.09714381001962,5.29367849721195,0.854808241946413,1.69679036664803,3.4044537471396,4.43589327038955,1.85363281438985,4.91867494317327,1.48056584937981,4.79148787895174,1.31669124382959,2.6441713121126,3.58519551845745,3.32849758520815,1.91573508269452,1.7272784421457,1.51192306163582,2.49034093343361,3,10,3
"272",0.390237899237743,3.17717228211002,2.11656688004747,1.5952371123854,2.8003839620752,2.92127591355524,1.91660922870766,2.67468335510313,1.28052577954647,17.2936841388651,5.34211198573587,4.08741760820584,3.08175473149663,0.72923606233228,12.7627481536936,9.4518964085326,0.368576647432198,1.53565204632183,2.0011945169087,5.92684401657692,2.528821756011,1.58471841576135,1.51894961545723,13.7376978524824,5.56144398450611,3.22961787190355,1.5225233670904,3.34134906704113,1.8592551987161,4.49991879758698,0.379071187164259,3.76224139572621,4.70510752581441,2.6797682629027,2.11159469748692,1.97744285019242,4.81291493922329,1.72456125023889,0.381501490563987,2.480897012274,1.17103969948672,45.9182946507986,2.71737499950405,5.37933977048045,3.97292394705182,4.33937103881502,2.21786268506051,0.462810178926319,1.94267909920133,4.12843990375849,3,10,3
"273",0.642982077912417,3.18371425930933,3.62332120328009,1.77686485192598,3.6188694234067,3.03998735752334,3.99208868223835,1.43696575540876,2.34019044175677,1.95348623126591,1.1463890345865,3.55078939603018,4.62966620366517,1.71719029255599,3.31127359646722,4.39347794173388,1.67525477732738,0.549412363591499,0.973278992932125,4.8474382795685,1.60365347833954,3.69652450244116,1.64925158921488,2.82693687098247,3.3492832385361,2.51876180637645,1.02724206438134,0.560998679733781,1.56235008367962,2.13806218254985,1.12322167903347,1.57028913902635,3.02723599198378,5.3024258395898,2.22182758203391,0.456468442808811,4.13709051023647,1.80476552234972,0.687351739311049,1.54167427124333,2.2120748135701,1.49488135334539,3.79511222519299,3.40924919936074,4.88780833400936,4.66185551021942,7.41943708150114,4.01011154680766,2.35496483945628,2.54866198181969,3,10,3
"274",1.56385754919862,6.27385742124693,1.48103555010539,3.56676488428634,4.9022087263749,2.11907920541708,2.10508471468495,1.30717197874074,1.21289821669603,7.29464781354324,2.65767569538578,3.56705823183364,2.31833446945061,2.8699785634212,4.62688548923927,4.01712655554123,1.18433069790804,0.787548041801822,11.3852337505015,3.89025894169061,1.4725284066155,1.96473593865712,2.90329849177109,3.46018562524594,1.30945080972234,5.81985273957796,1.21852883916574,2.23167606838998,1.57356248856128,4.38053483172684,2.89190941835059,12.4184561967497,2.84008914446715,3.74150455998748,0.838235120045807,1.83556652548895,3.371482659117,2.19873578718381,2.62571585958902,2.27416537085628,8.10613649142324,5.10611943578654,2.75417992827133,12.8451394459134,2.55076414232237,1.15623484757498,4.95652264600712,2.22720954484929,3.65137373133865,2.55120739240156,3,10,3
"275",1.68656766708092,7.48661066703989,2.58852411664304,2.46686605661528,2.13512634701087,6.47378329952943,4.9208745309705,3.045506007768,1.21027088332304,4.18624861240385,3.38382327894475,4.68612137005087,4.05761061605349,3.78296823143985,3.21876750030724,4.27381540284716,2.2145978712086,2.07689312363343,2.95737474293411,20.9700628466503,2.0739085620864,0.585156248350671,1.57188943550022,2.6103570376482,2.02632235049008,3.26558825329121,0.76113202411807,2.96382995425133,4.8044875458876,1.54987403927726,0.297775133221329,4.23932487458791,2.52948354098626,5.78350165430791,2.26325945204035,1.85300234230039,4.69658924687995,2.94490533469366,3.02769404237312,2.21413363218022,2.21958579274118,2.57241497688896,5.0854284648039,12.9183917090658,3.32630693688082,3.42383087927437,1.3738100851052,0.0864785974209917,2.27174427955599,8.93135074180656,3,10,3
"276",0.696792057690326,1.48189474814209,1.43524879159707,2.13992276903437,1.99573478790491,4.63399558322516,1.12616328518192,2.28124489862818,2.99803144581587,8.0099307217574,1.07935946137461,6.51519874259395,3.72899019905849,0.432068838031527,1.03375585006137,2.96203383219261,0.450578051912773,2.46380747039748,3.23531349972326,3.17476478232645,1.68157669358458,2.92619572798158,0.733660238015609,2.17373177963533,3.25045507306729,3.20892619790313,0.749144341159074,3.3738751594896,0.600032302377823,1.41859832320547,2.22445263204405,3.22878823696871,4.38811447424414,6.10097988261369,0.92887315206391,0.656204161680997,1.19811571946768,1.79755996169307,2.26989842191998,6.13825706624214,2.2578864375533,4.93846451089374,3.05155667570009,2.77416716382301,4.20821042489633,5.9140965347053,3.67044436719289,0.845728830653255,2.34968814358848,6.13797647731242,3,10,3
"277",2.11641802951318,3.3982479405204,2.07861597454983,3.03822215122807,2.13968776615321,2.07648221338186,7.3026825839021,4.10776828408234,1.31960417911978,6.57333065401025,0.857252825167461,6.95647484615689,1.89982272698593,2.25367584908915,1.06265843737668,4.13410855236588,1.8206420618892,0.625833264710975,4.1890820039882,3.62008395144379,2.70142467620503,2.16426929942541,1.21006305988238,5.40839364923401,5.16332071361171,4.87220638976071,1.36553370184583,1.34997343968835,0.656309096735559,2.75199926062862,1.96189160646254,1.89430158530037,1.41284334732871,8.00786138694247,2.36131317984841,2.02116222740108,2.88029092203229,3.92165728717479,1.8786347039266,1.31968131479465,5.09767111686902,7.38270916274886,6.08242711787546,8.84923616530185,4.95517312983214,1.85277197514499,3.21052007342585,0.803170531103928,2.27747904077905,4.22814273771975,3,10,3
"278",2.42317860495041,0.847732754771556,2.33448359242829,1.41132337850745,3.29902804731167,3.01203176939064,2.02762570742598,2.42034861475275,1.95363354836866,6.19996671644942,4.2660248748257,8.5757204707357,5.16301629005964,0.873188719944652,2.54808020243277,4.46816587473085,1.02870683560001,1.41280498574572,9.65824747236009,8.39239555641307,2.61621698319554,3.40245300472235,0.391214110128186,2.81414802684815,2.2528875883383,1.02132315807409,3.78605052096573,1.87072088433549,1.43308423007637,2.076974533541,0.192749467336898,11.9974213816055,2.05452919255398,4.13683682439547,1.67308937010868,2.93310885320474,4.3476393611959,3.97851389421623,0.356963170869727,4.14540904300405,2.23244366465819,2.59178572323857,3.27261990982146,10.5575872709463,5.54379720283799,2.06040471834903,10.7636801896515,0.210289809313611,1.83484811414231,3.97005685495119,3,10,3
"279",4.67567387903916,4.0718752533735,1.19297373424493,0.375475110794398,2.88367423860722,1.90687808497345,2.01109708713842,6.27125254775674,1.52839203295863,63.0198902644072,1.03727342106001,4.45468078016899,1.19879211211404,1.41610847642264,2.62695898011856,3.93855646320459,1.15065310091202,4.48979848848741,6.13391980137054,4.10068829740454,2.23195209677997,4.45245867047769,1.40254020243324,2.49542955088979,5.5719940709503,2.12414600244259,0.365916934019844,2.9701880123216,0.912576342009888,3.64240093517662,1.95711839158085,3.81908657385254,5.7813179292383,5.5021135967983,1.81720654943723,0.287723736077316,2.81792020795565,2.8823851820962,0.917391912343705,1.16970524104344,1.38755131779886,3.08816759447436,2.21182235166949,3.08453869536614,1.93222713960897,2.27375465535382,2.24141363010788,0.802755278251463,1.97194352992333,0.896896621155836,3,10,3
"280",7.66773981991537,3.98100416651755,4.22861362747432,2.40490814067476,1.6185666278036,2.38816647638593,1.87990488532153,2.15448504138188,1.08551514422697,21.298595826669,4.42504492052085,2.94642129583196,2.72444436323388,1.10367605107685,1.87239210322934,4.27567094191381,1.27488558078624,1.37499139042859,4.75491157012425,1.56872411705499,3.05948394072662,1.49131598257661,3.56024170778109,2.24262108079603,2.66357400974957,3.30583302321873,1.62207064658252,3.67871312492885,4.62878645048374,1.89904469628176,0.684095455613367,2.6712631756119,2.78800546174087,6.28894902308506,2.67265306370363,0.572408466216658,3.77883910604516,2.5610463046386,0.249828331112081,1.51904047895668,2.75104677876846,2.07205680520673,3.41474393411087,7.2294284554121,1.84547984894216,7.98088847947914,3.37026015889621,1.43136388916477,3.16683735472998,2.81310916385295,3,10,3
"281",0.847121022149648,1.23117181154111,2.97889770569722,0.870995464131533,6.05093828809149,1.67542328071977,1.77181791147712,1.6364125034786,1.17823795400353,20.3466338277274,1.98691256635981,8.54834110657238,1.38479466928263,0.565895569271864,6.60658193881221,1.50381116951191,1.65454899839843,1.54024514220908,3.58243726909677,1.57086051482348,3.78910388249436,4.02358395226129,1.29642829887174,3.42800787320232,4.97788470673401,1.11521982928981,1.61680152561285,2.32575859111839,1.60091331266623,5.98011025437187,1.036289204155,14.5516098734883,2.81114114577867,2.53458816604275,0.953231299890815,1.39956504834937,2.55768795553703,0.795866018450881,1.79218287448673,0.924327301043866,1.40588617843872,4.61266776330143,4.22402264593582,1.96564137095619,7.46691932798645,1.71267054030058,4.26476771552188,1.03415008408741,2.79824280729951,1.57548422823403,3,10,3
"282",3.10733031542058,2.05653304042864,2.82795935145254,2.28137639182379,7.29666232565176,5.96718950308176,3.89881405976148,4.91256013169174,0.481449667141672,19.7859267398964,4.54692792115322,6.93232085176862,4.50253881883799,2.67349554991392,8.11500697964341,4.35677230452991,0.860553613353775,1.90412657035193,2.9719095844663,5.22743981662808,1.78177199727444,3.55897701311697,2.25688946201222,4.15658290752087,1.41410724013273,3.04597381536778,0.854634015329746,3.42643692515023,1.89435173863357,2.66726435112997,1.26435839678024,2.02602017297417,2.25799850300709,6.41379075079133,0.914150516407817,3.76257309909765,5.4116183454737,1.18712292642582,0.53051077732916,0.923567227780584,1.25273879012602,4.80699140746852,6.36998450304608,5.13631673462501,4.05084340708568,2.15906168622649,0.99770258123572,1.20893311732695,1.90841997529485,2.951199018368,3,10,3
"283",1.00150066704222,1.13308302071508,2.39566790220304,1.81251013797359,1.36673204084628,5.14122604810295,10.3865453581234,1.37647130957981,1.54078994147868,12.5122051504329,2.3403772754167,4.54856967329421,2.67082478250993,1.1665133157948,2.62306717997536,6.15630265943794,1.15769490306139,1.19776341348734,4.56978872777209,7.32370465232609,2.25431299526941,4.28119414320177,0.564997051755378,2.21277056194409,2.60738733357999,1.59927913566956,1.16057080022687,3.17740738445094,1.02135481528588,3.07780211398575,0.483366110065639,2.59722025084431,3.47254393898622,7.26532590662691,0.857953439630595,4.14369078165246,2.89549673393539,3.41214337636474,1.96845453281524,3.61963538039151,1.71079044053603,9.04432339130137,3.05295682289961,3.22205003236221,2.02150594907337,2.2199136614651,2.27408873909703,0.920909654825824,2.46201931095109,1.42465344503534,3,10,3
"284",1.80125531168733,2.76577960335209,3.98325183633692,1.19947413860069,4.17521794345723,6.35538033871866,4.7520846593888,1.09409429236135,1.5980825932933,2.28387875106819,0.702571881833823,2.59367180432839,2.74682097776163,5.71707169662812,2.85329138104102,2.92900416176896,3.43990945943611,3.42308130263561,2.22647830973556,3.22426316625141,3.18057095729689,3.17472177869172,1.38304499367155,3.92296638428048,3.46635846031171,2.0032913266401,0.896922599378314,4.27412395981309,2.33915469508876,2.75556681322793,4.1681708676896,3.93434213976832,1.30846520339933,3.54914433592123,2.38778526297444,1.90347375866519,0.155730920203571,4.60576772297843,0.306690080401534,3.28957776339584,1.17900511254706,5.38370040089683,2.11326767823372,2.17666954659654,1.5755619972149,0.68042035091281,5.79104166050526,0.661043566180549,3.11304186028277,4.54558891219283,3,10,3
"285",1.47295605941716,0.541359481909542,1.71810116988589,2.61333872600821,2.09163906967123,0.943045856741495,3.22588326983472,0.461581809065015,1.09562663326004,11.2541247355444,1.55292041950266,1.28347115825182,3.51760760679244,1.52750465795168,2.47991538386143,8.28545108481792,1.74637455090937,2.69656429966689,3.21854688872287,3.72932631875017,1.04297277843838,1.80036586144242,0.474154441948933,5.98207639436825,3.71482682538994,5.81688759778934,0.671296831566977,1.26699344637929,0.538172817011111,0.946416732671384,1.04859257814206,1.47782856100569,1.39323945304094,4.2274556399092,0.575490654607808,1.9601214675983,3.84247426591806,6.35874317729667,1.50900218082882,6.42635274589623,2.52722120675307,1.78830024478116,1.35177388957274,5.97507328117655,37.3757009439064,1.68498480050016,2.85278059719537,0.960145697995974,2.15286651194994,3.04414143243156,3,10,3
"286",4.43332041731995,2.3221057510727,6.48837570125033,1.20699815235512,2.14755881638854,4.30017776356309,2.60806991900928,3.5495538970998,1.02484282493449,1.66248889212916,1.07635979474894,2.42555376238211,1.56775121434045,2.61794771876587,2.19122247414079,3.25482193408055,0.377216110783973,1.2934835398107,4.75815655154196,2.70816676299875,2.1316887293964,2.29064785090542,1.26004242619901,6.80321702792307,2.84775406489174,3.20632392045174,1.70738494709859,0.344299751755466,1.23067400429305,3.60957725234753,0.508460544621936,3.93795872277652,2.54676875995178,4.59391127438263,1.71033714845071,5.88341556370967,4.06612547937693,4.35032561182009,1.21198575956841,1.04006069882922,4.73868231615677,3.89051187079016,4.79117451102623,6.51270512053945,3.99486628062982,2.04458741323818,6.44216976765306,0.643822497207297,3.04696588566163,1.63435465265922,3,10,3
"287",2.018218079458,4.87265273590009,2.18188662101334,4.6858101430173,2.77662462239296,4.02832762545697,0.95959239843049,1.49730354273736,0.976704284938338,3.00137905637052,2.43514452920667,7.01814914577454,1.59072913021871,3.54036540569995,4.86030667190205,6.20979348447288,0.795220363894252,2.00456333676259,3.45420513626632,5.80930320085273,1.24114907797371,2.14904635788149,0.491597460300887,3.23705427716064,1.41892671066188,3.36920052013068,2.03765839596038,1.39953141236167,1.29366141716676,4.58866156715343,1.9128398858441,1.27610086429009,3.10163705456733,4.19060083125792,3.20932534049815,0.433560376088289,1.78040836844983,1.05559299504313,3.0769156920748,6.1920526908635,2.5551227994634,3.06633676677129,4.15369655929976,4.57211764628369,9.36072672103334,3.87430047376473,4.74443057508932,1.15712864122692,3.84381378947591,5.34341050051658,3,10,3
"288",5.86712327661189,1.00966149854625,3.62512143465947,2.2389950232715,2.63608615210657,3.12380169989649,3.54741585837194,1.01634081214372,2.21737006048035,11.0093282601365,10.1818430137112,5.33888574773871,1.7840695734929,1.431206073589,3.39393531493195,4.83579369356303,0.458777173105007,0.958054945966683,7.55056769103877,11.6680698040234,1.23868796237582,3.36538040420972,1.09836436691889,2.7567276785633,8.03268651304796,1.36047391570628,0.300862705455534,3.56159039956278,1.85746661905251,2.7688845270193,0.288446840330232,3.91644329827495,1.1382887025089,1.56905383410857,2.80616680027623,8.78203960714201,0.43800002104956,3.65310849597347,1.21757612791338,1.36670340172162,1.62398979462653,5.28252797269646,4.24929035916864,45.9935107933098,2.79556135218007,1.69965761254796,2.95413453644995,0.956383523910373,4.31155088572205,16.4830570131598,3,10,3
"289",1.78794259576363,3.49643429936331,5.24078567487704,1.0738631487612,1.82035415394135,3.07913957582768,1.13980210905663,2.61728110197263,1.31759923165816,7.71383159472424,4.75803315672727,3.54347122621324,1.96824402164613,1.58436827026522,1.56546311546768,3.66562075361811,1.68029206139026,1.5160416748291,7.84628010618273,3.01168962260374,2.12995818035967,4.34269867960396,1.56339189950717,1.63310008977443,2.45028829145462,1.8154879516799,1.81449072313408,2.69701212814937,4.8659889767486,2.50336028234437,1.86274015696852,4.40340046333398,9.0525021117639,2.66424887269397,1.67895357034182,3.49871587987072,2.79220648044033,0.895036498942358,0.882461441015344,1.83388563545418,2.15117421856804,2.43981063884305,5.75687794541068,6.35963624901144,3.42058985112928,1.40622711086732,2.51569440274178,1.21445359729269,1.14000138740158,12.2032336553946,3,10,3
"290",1.27236951943437,3.63399519999304,3.01533878252395,1.48591343451052,4.5103166766915,0.4944440559776,1.94089108584703,0.247362294543975,1.10448380383718,2.25552143999134,1.99409792188934,15.427342149345,1.18621794043879,2.68529056955289,1.75045393652615,2.06533047898663,0.503688422149275,1.23038909545086,5.16284462660282,0.898937121781536,0.617882115323987,4.03685465829362,2.29664762673268,11.8316522334796,1.52997981120884,2.64646022705702,0.725549477736509,2.18152212310786,0.796238740170114,1.72527486231073,0.543604638631519,13.0810020908742,2.29688802436983,8.26743802324598,0.316011726800409,2.67018036521033,3.91337004901615,1.0451209238985,2.60000464865473,0.883900436910012,1.6508255264243,4.32131042341468,3.60544456781914,5.60537112632704,2.57903624999504,5.73513214359426,5.22205001384527,1.22418791581132,2.68495917375598,23.1325279235942,3,10,3
"291",1.55197777193024,2.1477605630912,3.15397869953726,1.08544718884637,2.76082441287854,3.06503303161356,2.02231809918153,2.611541805181,1.49841903036859,2.44827766390939,1.79222863893178,5.94095665738394,0.48566313394927,1.18691458465534,4.26223315532934,3.48959811216548,1.14802868637919,0.771727359117518,1.39077991807744,6.60663215820499,1.39362903799233,1.81835878813175,1.15981415411333,2.53919315956572,6.0313041285254,3.67617368138608,0.610634805070254,2.23096245832991,0.553873125190271,4.69458084150897,3.7892879204118,4.97839251556593,3.36696166626067,2.99329534030392,1.26793375817633,3.33313417237578,3.76004039865133,3.66880500751618,0.815150518427255,2.52889894565258,3.37636134698151,1.66203854067314,5.1335533348536,3.30961716591354,2.07710074998506,0.883601009054672,2.63640318991246,2.05582088868785,2.86973405056948,2.00241964529758,3,10,3
"292",0.835344409945259,1.82412024449305,5.77593828440805,1.26819361600687,3.74303700431863,13.1063326544495,0.704781756462234,4.74013410324351,1.57640377253798,2.94388219266829,1.88512103100421,4.85300348737224,6.78590311408572,1.08013005316673,3.03561498519759,5.38481048477503,2.2936308250091,0.193252757145958,7.45889431694687,3.29835509260232,2.02302105823566,3.45910163345034,1.02870271151826,2.20229159310993,0.889691160612471,2.16294929980118,1.20111187475843,1.65827275204218,1.05788318914207,2.18779252781427,1.28947890537339,4.30103792778576,2.91587928948818,1.08962660197252,2.83314019373342,1.38882012914131,2.5756043073633,3.1282393218775,2.7238164638306,1.28113269367288,2.20078671788676,3.33925116670889,1.5819512468754,5.64135764527147,8.55663584269488,4.02923698425784,10.2774571215237,0.827078900336506,2.97373347193263,1.28303951249983,3,10,3
"293",0.673916018252695,1.12154107134268,1.85578026749287,0.900481776972991,2.17865869756413,1.52791358477987,4.98614218590774,0.404049316008259,1.51465256089763,10.2388102292466,3.19612552190185,5.49916479563166,1.46876173469994,1.4224545642396,2.09115130852935,3.99499347861631,1.40955368226578,1.73412740676588,1.58843698337568,4.00128730341284,1.9061951415418,3.27385298506237,2.04388358318945,3.16591726186994,0.825867704719777,4.01336862089017,1.48995699808185,2.78365198709596,1.83705939719509,6.87574148184582,0.687728009654552,3.84988410988219,2.45526881731261,2.99029095430302,1.3626835228166,1.49579506468284,7.24511012123381,1.62668908500676,3.66242354224998,0.892578907664899,2.3737503596663,0.909560798558807,3.41797410014913,4.08560544037771,1.39520250784991,1.50181613117593,4.06226635102167,1.68664328075783,2.4123577474154,2.96719217368188,3,10,3
"294",3.73174438298356,4.09835496021996,16.6325025695831,2.15079218618022,4.99986234714473,2.89990137441953,3.3890294441236,1.18996258501094,1.21950707640511,11.6137319621024,1.30051284552449,12.2311488524,1.68882056122933,3.34736446111511,3.4267281282931,16.7366632565985,1.35035579631814,0.364356702095129,6.81319108200504,4.98761744994326,1.98460024441101,3.96439197684328,0.665007503030865,3.33425784985527,5.30490773326017,5.15904993973426,1.58008828477014,1.94746475181439,0.748358175843317,3.41501678361212,2.17324253163311,3.53894226374748,3.40233049265436,4.85300187540146,1.36337418031511,6.75032692231653,1.32897136609864,0.582112943782421,0.432141964701263,9.53134979450509,2.80412612908465,5.34946159632703,3.47725188541417,3.78516794787067,2.38640026868978,1.39817261486748,6.3308089583214,0.839021387822673,1.72810530706132,5.9653764101766,3,10,3
"295",1.4571774285736,1.59255212791988,3.81113783886047,0.771258056039645,1.26879866862107,3.48948459732882,3.85755651347652,2.55860613922993,2.39870431246607,10.9744846993459,1.0007895000776,7.24736718774705,1.57043697913621,3.45808594373864,13.9930036880129,1.3263734530809,2.05807209290801,0.620964859343471,2.40119851484172,1.48464702734296,0.774386777428635,2.55663860766077,1.22696323136499,1.1078358324663,3.14296280848965,6.75033623495177,1.80485307994903,3.18364002263212,0.65597632110182,3.06141510262922,2.79790192825252,5.34548566504214,4.21902989854251,4.35293220319921,2.67334299713486,3.70667446078785,0.373723870593039,1.96127919193851,1.84417289406748,3.66353491404129,0.989445175361258,5.45582543308245,4.2428585202607,3.26330501761883,6.92648026909116,3.51315830085977,5.67689272965294,1.9218846414064,2.71269574637516,2.25511701623402,3,10,3
"296",2.25004253711844,2.48057042915002,5.35543391932819,2.24501272554995,2.578857012081,4.45429428438742,4.26595987552667,3.64327278123788,1.78227342130326,12.6871124398339,1.61921530770074,5.26058010298538,3.60400382608141,0.991828259995601,5.13020897895559,4.04251480072814,0.459446584270852,1.41107900425701,3.23805471693609,8.50646236865986,3.01868100110966,4.03022167272929,3.06806107588831,9.15922986853334,3.89899392036467,2.60160889785583,0.812277855870241,4.30813971288311,1.19640753964586,1.65272212956886,0.914127842793302,4.48296322314198,0.55822271663807,3.46857831946969,1.14869104411503,4.03063131028653,4.77601669532731,2.72253119766506,0.419105340238791,0.602236161606156,7.68525916919103,2.26872141882181,6.68886175781401,10.8594669871919,2.17170844649898,1.72940712413149,4.83149271983964,1.32108266158717,2.3675535198993,3.57690757098331,3,10,3
"297",4.76518911095834,0.476225833430198,4.31868405925885,0.911544395592315,3.56731051217403,3.20358784474514,4.77870443682705,1.73765017971476,2.14001858091918,9.818846082884,0.454710964517213,4.19449730725649,4.87327565406104,1.383819168384,3.15841864277884,6.64915877837972,1.74122891761976,0.970515972611791,9.35342171658307,7.58825651643549,2.27886127977918,1.87964558095373,0.871438961430564,0.682131461006263,0.82384569408001,2.4580524178869,0.880537540166031,1.5416700604426,6.7123375717084,2.92204323834282,0.339367697528501,1.7097354129084,3.45211106657713,7.07571575477902,0.74577473665334,1.92355553572833,0.977821566814543,2.25305541937193,0.729396020850033,5.2657776651129,0.778321328892718,7.43206557526242,6.4160525514558,4.4614415834551,3.01405543858219,2.85441066242025,4.2439081709007,1.12584461925116,1.95201580422438,3.23195067681141,3,10,3
"298",4.15786451062308,0.857051961224717,4.3937999143145,2.43012398139101,2.41208019335728,1.94016827025697,1.75848164506718,4.70832633361111,2.35168391027017,5.04106688508559,2.39157677236929,9.70700597089353,2.16816797832222,3.46589060564718,1.37556115603061,5.83694803473597,1.8787445502859,2.62231846490477,6.69005811612227,2.20599627350821,2.66822750519035,0.594428972005185,1.49609789505545,2.01617799897772,1.9978510677068,2.34479930471688,2.5219190431456,3.22496967791864,1.29694051691033,3.70924262060261,1.01816487978442,2.0669933669132,3.67212768296621,8.74079503795009,1.23420057087556,5.43165487226795,0.079724164955435,1.87985525571345,2.4858772916243,2.50707514774516,1.82903347257091,1.18313198922007,2.75283979274088,3.50813539418007,1.72168625769318,1.58028521682461,3.48061947878304,0.302037667224952,1.95077595254223,1.75921631862792,3,10,3
"299",0.690375362602194,1.97886896258583,2.19884864721594,2.45384802941576,3.59812544070592,1.60305491151753,2.84696330617669,3.47913870818487,1.05871693694463,3.20945195296534,4.25346793060822,5.01615133653128,1.46833947490778,1.5152830840014,2.38715756748847,3.21978968671176,0.729651850486386,1.33754339512856,8.40304262921984,8.47790939895177,1.28349435774701,1.61354531913219,1.14463654582967,2.675989955667,2.5201613647753,1.69857396833787,0.89297224935361,4.94665620216301,0.501900628434086,4.13466883648243,1.55646160224065,2.4796949406135,3.01735812524321,2.77305730905295,0.541344178629609,2.81039740529996,0.887389583781955,3.35399833225262,2.52404466017108,1.83945993894076,1.0337458906393,14.8078966012182,3.14999750000918,1.74619907431424,1.79568477134764,1.21341766999293,4.31189055914177,0.640336927677469,2.55495413940599,1.28390607135028,3,10,3
"300",0.718388600810263,3.95307042331774,3.11819587987159,2.85399943222743,2.62907336973079,1.14770424882228,1.01321843204925,2.48266839003779,2.191871966382,1.74828065311303,10.1929180234488,6.22609350067228,0.896651844888952,1.83201965709806,3.10615245823798,2.70959067184074,2.57417942226543,1.55054948826536,3.34306387841789,3.74725515105035,2.05848678707301,3.65023037626758,1.55342980679336,13.0179453078227,3.85896461304335,0.95315434154985,2.43348136577533,3.42454879954854,0.65212071476489,4.19689615105401,0.941184469276805,4.08748964239081,4.30033293770257,3.59126610926465,2.29497438920805,4.25142346597242,2.13120884598646,2.72472831269471,0.64079805311952,2.80247010724348,2.5498405057521,3.67944206869527,2.36880249582597,4.0877208448332,2.48417092509724,2.63814461742768,3.90644677891847,1.91826751793904,2.01532537779215,3.11846649630212,3,10,3
"301",1.02366965097245,5.00244707446505,2.69469976360506,1.65977893135037,3.54422205341762,3.12655730239432,1.47424387221405,0.350040148542096,1.97125248691981,6.04766612417426,1.47685144629202,3.28996757896721,1.16552737046242,2.6529473855962,2.13510779713596,2.46806011667281,1.10573202244738,0.67346119840293,3.07853138244759,8.55747602773707,2.03216877769465,1.58863160264193,0.698956826766812,2.46055176946658,2.69486887118954,1.96354125099995,0.679719106964188,2.18456878998958,7.46539545277812,7.12891813326173,0.523514741661086,5.11537309207648,3.8086106908212,8.48692688260099,1.44936585447754,1.96053974363721,0.31771888464438,4.46722076280085,0.839253357130108,2.20770699479161,1.9279350041962,3.24901156127212,2.95487009276308,4.42829815537045,2.37919922544936,1.05672710604885,1.99464837443019,1.37046693547486,2.32832642744864,2.59919100818421,3,10,3
"302",2.51346035472146,3.83085591647594,7.22516621385671,2.50664294430333,3.62582297385269,3.49770103344367,1.75904702400744,4.00525387282,2.37407992479548,14.967371082372,7.63093104315183,3.49851648886559,1.6452800604478,2.04520834098793,1.38584008008057,12.6831690531172,2.36795380791277,1.40466615881333,4.3366583427754,6.87542260248063,1.66688760386256,4.30291467173624,0.899448719289886,3.64728134582197,3.9254141549912,2.24052434046497,1.8503093296034,3.20354319178562,2.68910268170982,4.71838040569725,1.73375726901102,4.10685896251276,1.09918553534029,24.6520070926889,3.30330173522187,3.4880744232243,4.99263323916542,0.379919723569638,0.380554104462065,0.365356568995828,18.756080064826,2.38773379132711,1.54159241882775,4.87582859348321,5.27841769630465,4.08003606637225,10.3087460229244,2.10464599073086,2.11067356042482,3.51070003540661,3,10,3
"303",3.87077050313684,1.85047824650669,3.36731054082064,1.06830568857885,5.30472652346277,3.05220098334597,3.31707472884805,2.70987481443053,0.687349251271402,6.48050840363685,7.12932447788287,3.2919822846252,3.17814318856209,1.50752746858746,4.29811154546873,3.49388726929136,1.78509045871683,0.168219799782148,2.14047018617321,10.6771059168059,1.87631413817511,1.89912324075126,1.84472355864857,3.33786999559973,3.30760515106626,2.46721028152399,1.22168027161188,2.00734739846952,3.3552891464701,3.52112623718144,1.51590377749157,3.76042744187599,14.5067767156134,3.20218832128494,2.02237042754969,2.30843383145982,2.69453782771543,0.482216175486134,0.628365608983403,2.86205883688638,1.24523893109347,6.19028833188496,6.45853267644649,2.18481270140176,4.66198432123526,1.84463429759101,5.34912993254975,1.11521792140185,1.63932252979505,1.49294399324332,3,10,3
"304",0.893673076458442,2.64463190668187,2.36623904524561,2.04693669670358,4.19008968468251,2.70617770706508,0.715960202542127,2.17308253307779,0.798914593069643,9.97949728008094,0.713775023608742,10.4837273197363,1.86721541390994,2.28841931316777,1.46385399090072,3.38495231893692,1.94102697117372,1.37750585366591,1.52587215821161,4.96300024704546,2.3268305907637,2.73290019289461,1.12493704088288,3.1990435324983,1.60834469825534,2.1844428053516,1.56121051839565,1.64154727529059,1.0792410983174,3.26329106850072,2.65998961251566,1.66724549199566,3.03798608667171,3.23468187020003,1.90827162324334,1.16906447691838,3.72855745961255,2.20087868106022,1.15742215802616,1.39406755670772,1.71571651301501,6.80082048503848,3.4706203635992,9.18014754832247,3.67622358636441,2.79876914460342,3.00838519706915,0.168510393578015,0.919947444508525,7.55496594134351,3,10,3
"305",5.50206234639942,3.46363297042931,1.11026807312474,1.896851894039,1.80069954754267,1.79988401072933,2.82017685457972,2.98633905305062,1.88960048548296,5.07517933388742,1.2345773722478,3.79146589895827,1.11583386360766,1.48640008198567,4.28471656289176,15.807331493788,1.69421152061092,0.710054008254183,2.49013590063504,5.42955914540001,1.77546781476814,1.61384587353291,1.80511176835252,12.8815667599903,4.32421740362928,2.75609352451281,2.37099068231843,2.04197816077178,0.977776144156523,1.86559842393553,1.61289087417954,2.80852894166994,5.94682632215985,2.56102635766159,0.634653442593183,1.27965960449764,1.73776546496795,4.05487775411219,1.71437399806189,1.19810438738859,1.0547434503793,5.44010871527767,4.88189308873218,2.06562405475162,1.44316866100237,2.35215025954914,2.18051836139954,1.09647863384199,1.81170683100627,4.91710512810776,3,10,3
"306",1.11807941358712,2.19444767975795,2.99473594463293,0.694184226504933,4.00415026347643,4.62963333442029,0.731316211797288,3.87292333500019,2.18199202632305,6.48632528699211,2.81616410783684,4.24620034182059,0.892573994708634,1.0345526412428,3.51519816780572,10.1439491507858,1.69005003125831,2.02198135567641,13.1891677866195,16.5848086014378,1.77257537649613,2.61883860990125,1.25579983004351,2.46487137018362,1.95457704455567,1.71775245956703,1.49916326940968,1.62180784357834,0.652948430818793,1.94685535902193,3.5599518165214,1.38416452664873,7.20630338210317,14.5627695920509,0.391483846683651,5.03617066534883,0.924582261210516,5.83023642058585,2.39101494890405,0.735072441450297,1.53525966204813,3.52442666658328,5.93576941623257,1.40962918508926,1.62562130445345,1.47791667429602,6.57644815434028,0.809602959687044,2.34834715033191,4.79029551314744,3,10,3
"307",2.97782257202617,1.91468853421435,1.69977812678965,1.63439792250098,1.98533781804129,2.27813837986445,5.22318602860448,1.29039405644619,0.82967578437295,3.02218851376712,2.73534739019583,3.23156576838233,7.21789168054542,1.86540726400984,2.05602057166825,7.29282531529523,2.22000354651617,1.37873821959961,4.78737874065127,4.56891144320686,2.67986247718404,3.60424446771502,0.665567563604988,1.43388413862611,1.53801000123985,8.67793029998334,0.333853061726064,4.20105413660816,3.08894510240779,1.8601501188824,0.650290708218145,2.0194186408152,1.43902459742629,5.11767540990274,1.85789317709239,2.48118027262044,0.549414237829599,1.96220371181965,2.86792157377602,1.95626416918962,1.82360392436579,1.83871882070722,2.48329101713566,4.01035831231676,10.6116398413406,1.75044865308605,3.35198335371778,0.121551386750795,1.11534501671214,8.76445623620229,3,10,3
"308",1.24659633327085,1.85180755023328,1.99858677786172,2.51845643009368,4.73899646725851,2.98049740998511,1.85294217787156,5.53441067610176,0.978893550740719,8.9840094798556,1.97922035117598,2.1339313024078,1.36079493216044,3.22626652660739,1.55144259747047,6.937845606486,1.26058050945999,0.398159170071415,8.09011851606504,5.57737265529629,2.53512031084863,3.94549317957441,1.58586322803694,4.08347711269514,5.60024843904038,4.27178050857743,3.17400264309013,2.41716975113661,3.54848626934477,3.04155918504602,1.13873948921136,1.60007076604223,2.51769210162035,2.52813248207005,1.41743948615625,2.24694422945678,2.42767929511044,3.72570935008115,3.88659787064827,0.841158466138209,3.98076019202458,3.51963229591242,2.55687299977079,4.9676434283487,2.0425379423961,1.64846926553622,2.41629957467692,0.694296345573861,3.19777775628733,1.37569559513913,3,10,3
"309",0.985471646703097,3.38671926808711,1.64496857605223,1.60445637394286,1.67148464504486,3.04750924848642,3.64972528438592,4.72301643817801,1.81843981834082,2.76554185372487,2.38307555450655,6.50765474307714,0.670140350315373,0.818062034041868,3.40723338826268,2.97713901421635,0.829199075882414,1.45756846933597,2.66715433667999,5.502769893716,1.28828839603031,1.70773090733335,0.997841502556579,10.7891745618713,4.08517799209149,2.93849224160635,0.902915206408923,1.07432796466056,1.118844223912,3.92133720540565,0.468528802784802,5.07414312314432,12.8857456277133,2.51424973272202,1.28726966491227,2.73888630151727,1.34765627893744,1.07606761630642,0.407711317037792,1.69700023597369,1.69063777443923,2.50906626570624,2.82487080834615,9.41974309911393,2.1800115973646,1.93603450116662,4.14388731987913,0.679964669491922,2.5131091504957,1.8873901901031,3,10,3
"310",1.11035204949261,3.04004873489667,3.52929629950853,1.84233397233606,1.84894757506071,0.802314658494379,2.26020600956446,2.75544676512357,1.71611003375014,5.35982399895244,3.90040232423415,4.28322867088904,5.6948667286911,7.049774934824,6.34308625812564,2.70219055103588,3.16627633452613,3.90861925617593,8.13039390859603,1.3185512696944,2.26268561042784,2.46961156349451,0.941666890869235,1.17454513473167,0.719519593462128,2.58366330063618,1.43731172662654,1.45763165920897,0.969438667390864,3.09244405527223,0.494030018079469,3.08513375426286,2.41036937501804,1.78071257290871,0.834924937094711,1.72505957149948,4.52436820584157,2.41594114155735,0.542576029564567,1.40169450221325,1.13997507990828,2.94689604034622,2.85649933145345,2.16997432609156,2.36560679628583,2.53253935336217,5.00122592628049,0.932066853560292,2.36693653558716,7.0142106535487,3,10,3
"311",2.01275645877465,1.10417907975758,5.68784275727881,1.19736623934523,5.41000939535347,3.41936888211084,6.18799289966531,1.01635356018029,1.72794301217215,4.83808528612077,2.73522929236074,4.28414102117483,5.88293322323222,2.43896595061025,4.50971287767202,1.83086395879351,1.07262290255166,0.960961632520357,3.85365104757665,4.52268925176379,2.50390793545126,2.14807612056035,0.796467090587626,2.96786434773534,3.5990612771634,1.99369097202276,0.82230671413393,2.76630486802594,0.402159515033251,4.70384391209891,0.45761638443371,9.29286650944048,19.5668624799089,4.60651380427521,1.94043548806009,1.74129209487091,5.21490234816313,0.981310529247361,0.876850770898867,1.16335278362629,3.71607445000126,15.0170206481471,3.48146021965178,14.0553125364701,2.24509940817974,1.55136564238829,2.59263176589882,0.83543612098834,2.11510895852958,6.71224804743063,3,10,3
"312",3.92709373383504,1.1648687661304,4.13787962927551,2.51399716062892,4.3233715009975,1.63653490661721,2.8172062317431,4.07454035475146,1.35246152605061,7.78629207404811,1.60757005335004,6.3698368112838,4.16977831106391,3.27191882239471,2.19417216524424,7.57330117410918,0.778018901719161,1.30130480466503,8.51418542852915,5.517143307754,1.80085506779553,1.3069793827248,1.20180900851669,4.29185281302537,3.17561218247356,4.20920386505078,0.661150326896614,0.979581531240299,1.84702210513011,4.00847372499384,2.35248994851012,11.1013633281545,2.7749544711421,3.55563134598352,1.28121987134477,0.314895692616563,1.1568750976564,2.76916828388223,1.18150374371094,0.864222131134998,1.29367809928678,2.30078485267764,1.20684880728108,4.00878041819626,8.86044932803561,5.41550594769817,5.26178927463014,2.10704834486247,1.34572363186583,6.97268498115637,3,10,3
"313",7.15501180232403,3.25841419085239,4.74177423677917,4.90335946670076,3.60185635307092,3.68470773007669,2.8409985047345,4.62372638134156,1.12104859235211,3.0866756201701,3.32471780019772,5.9898059553395,3.61190660110485,2.02913683284468,2.34442135006057,5.05987506267697,1.348438856383,0.740151952281255,4.18503802717612,2.0034895550526,3.33053685177656,2.2853162597195,2.40674435749303,2.58064224549829,1.91269645242346,1.55377729252959,0.277916595045247,2.22683296544634,1.18677084884423,3.6244444577127,2.58528913499488,4.9917366886887,4.62209143596992,4.99500911756072,2.17357886099703,0.278918932862761,1.78029237268243,2.00212343402798,0.987817710471099,2.50537794369582,4.26012437073902,5.11875081661128,4.07966224623613,6.25042809327661,9.36135835848146,1.2835428667281,7.03994051867608,0.463166858668032,1.66027638470503,3.20241650365673,3,10,3
"314",0.228352622929443,1.07961957952988,5.08307615394877,1.51924094944701,4.99259759930795,2.49625288492622,1.28759681733453,2.59739615155981,1.13112482399503,9.20707220157537,5.75956616610884,14.7992338718891,4.51553728348197,1.18646353158746,3.61685830504408,8.45823124594811,2.60284175816063,0.836526579452731,3.2466649604189,2.45578830649009,1.06386120137254,1.76067269293494,1.41687549945971,7.36872603435217,2.43638404075139,3.0354049238845,0.715512260101857,1.76921062362187,0.374163035687138,3.06673351532968,3.69944994134698,1.9704852816585,3.23459483958899,8.27038490585607,1.62071097263062,3.4001411272881,2.8610905827577,3.27640699645883,3.36197576141773,2.21089972895285,6.17178583778786,3.72173231904433,4.03165916711039,3.50008706920104,3.40442772285366,2.3043859432926,7.33154138219258,0.477338422395125,2.1694890430837,2.58550014632556,3,10,3
"315",2.0240529110144,7.89517948353684,2.07673827799609,2.44275023500608,6.46229017566793,2.93637348004063,6.64346059358176,1.0953939074789,1.20801573030961,12.6930089186807,7.04231126351345,5.98040583903435,1.4123606720526,1.99752028449973,4.54699903080849,2.72658466961722,3.73188454112947,1.7093750689006,4.10734759252159,8.10438103378385,1.23617079071081,1.47006982484961,1.97769935706197,2.96901400895398,5.4059926150204,3.49695368098428,1.79733656912759,4.1752752539366,2.82847315287492,3.23845787194367,0.811736625217197,2.12658457771494,15.95909278469,5.43540880146001,1.23338088226409,2.63982367910387,0.430074820913364,2.09649901221681,1.98019872718428,1.66315327643678,0.842298082279449,3.64132760617761,3.40785030453183,2.75698133429422,3.09941469954627,2.76042049809521,6.4467308896652,1.97589775508524,2.24878853505366,5.42800593941983,3,10,3
"316",2.79622602372148,3.07614847488327,2.03309733259995,0.524789622235582,13.9511593121182,2.62489525467188,1.75982012312076,4.67696535798065,1.58796815811622,11.2088684848293,1.62223684708232,2.85338674410889,2.62987638643164,1.73906254289903,3.19546345746243,4.40165277905457,1.76200640493199,3.6703417138617,3.35770066100582,4.56750568005955,0.941085855132518,5.26201681254363,1.04428746870569,4.01275516189048,1.93034537846626,3.47099050341561,0.710689215689095,1.17843804367624,1.2262264540478,3.06810121905989,1.58204677832115,4.01113340515342,1.72982709891695,1.85581679753043,1.84938751971533,4.51801234573761,2.70720608671327,4.07853203934505,0.843706908168026,3.58360358874349,7.88387171686189,1.09453547464675,2.85349662666648,1.93305584158428,1.79603726086951,1.3826945101801,4.10586318351222,1.52992061226143,2.24970699759045,4.72448583941943,3,10,3
"317",2.73629648070057,2.63509461810394,5.99336519581408,2.07159598518109,7.90014334946383,1.8381307030467,4.24044889663984,1.84628398894905,0.973960275982301,10.5810887076904,2.2012185922895,5.19489773159409,1.36080222506108,2.36971876572508,2.4515988407018,3.00526820168358,1.87521623578151,1.01041217820235,2.53036478622657,5.88581821694475,0.518290066265764,2.30821178786193,0.830451132165204,5.39365494847427,6.4791518568499,1.75786157879813,1.41465265552208,1.50043238613626,1.35275926314179,2.75861963596303,1.08255740114381,13.7673763083401,19.5316147262989,4.16862826179152,2.20848095267244,3.57970832194884,0.434072424349602,2.70984562151014,1.18613238460982,1.0726519847793,1.33650273278231,1.81176817965615,4.71711802360613,5.45120067272048,3.55610479776888,1.46753214491093,4.09766282998461,1.47117226267045,1.49851032502222,4.50034157471943,3,10,3
"318",0.970885041378831,5.11116125021768,2.20858203693533,3.99818042321746,2.03817125181203,2.35247028620799,1.9621304625226,1.73273642945096,1.59902623160939,11.3505637888691,3.73998321727075,8.48450108969051,2.2171070008373,1.46586299429459,3.75409196708973,5.184390540871,1.17272885879544,1.01535788388502,2.98693733758073,4.642995852612,2.44712964863471,4.03148597438342,0.895219597390322,1.85118168268203,1.11691188866893,2.19303919825718,0.710595043625734,1.21143036211297,0.888369832763034,8.43262303768982,0.41216848097142,2.61279978572009,4.7037863952433,3.19337873920561,3.09648709957568,5.17782676830878,3.74624347025133,2.80538001400203,4.30036844349221,4.74717294253494,0.895525907495157,9.9214310042921,6.38325550336928,4.57383261136167,3.68861893742551,1.90436168726183,5.65025503349267,0.520684475037374,1.64073652167142,11.4732710121513,3,10,3
"319",2.4866971692649,3.65375396064995,1.65740153709365,3.598571112408,1.57415579291131,4.24113902748882,5.49244264288431,1.2243731592656,1.24460599370161,5.40282647191513,1.38152158633613,8.48870738349445,4.45997122626271,0.225541751595225,1.60676316326338,1.50796513705578,2.99580730276802,3.92171123407166,9.41667866606684,11.839087440384,1.70141053534735,1.76294074012877,0.342849015809049,2.75496583574565,1.94400161414008,4.42346818138224,3.59502064757242,0.942833059809882,8.37898114483133,1.89854835174335,2.32265717999938,20.4196122103871,27.7829341299396,5.05535131562267,1.4888085528507,4.20259173420697,0.433048864818032,1.80905506090075,1.66687413554234,1.32219791065034,1.50530521285985,2.7507766105501,1.21689279539182,2.28776863271647,12.9747500101338,1.55491007824784,3.17810706728408,1.68425561666944,2.07782666914146,1.56911759891262,3,10,3
"320",1.29708015026978,3.71995276024617,4.87277035772863,0.439120178060448,2.04311749798241,1.59452832574516,3.1281600401871,3.06760046900833,1.59567286281081,11.5807201038365,1.60116630995731,3.29081854353449,1.03895150896492,2.1617468137544,3.4678906993545,4.00796423429017,0.752904139620211,4.2618463762248,1.6589428354157,3.53206105731054,0.997093402245169,3.31617150988281,2.03469850697747,2.03862873924194,2.72836728424732,1.58336034231736,1.82645609779432,1.45290410635415,0.9547276283215,1.71231503082733,1.19863898156952,6.95785295495959,2.55990210074767,5.04075407768903,0.872052562726749,4.89393655661703,0.525025912342673,2.8450371772192,2.04804214694631,4.87321317890844,1.27330540602921,2.54901620165159,4.59841691168911,3.06113714552907,3.36728377890914,1.67745376058112,4.63479070039409,1.07690669416751,4.92019923122621,4.10795484385338,3,10,3
"321",3.39209606295876,1.81042618283095,2.9437295512006,1.3009304461851,6.24887522502311,2.20361516616471,3.11031702115373,3.38752369613859,1.26915631631984,12.9078931763794,0.752932060603389,3.49877035170037,4.42611927515361,1.61771975144942,2.12861453211828,2.66992959931721,0.709294035116209,1.76246977228572,5.09424342002986,6.92818136010544,3.11139185743715,1.69153601215918,0.910569142758663,1.94872908717634,2.1073939691182,3.68667810997752,2.61185798562111,8.17841592998228,1.11090247270623,2.7674274368341,0.78115760588134,10.3190708115592,3.77340754002518,13.1206887298407,1.4824725476503,2.05707458845288,2.89198345219898,1.24500673727992,1.3588002833313,2.65204071290358,1.58717407281559,7.98089582538887,6.44833424621599,1.50157338924242,2.75766460954825,5.58926419397068,2.04432211592892,0.456867525271089,2.0488887661722,4.28619833200078,3,10,3
"322",4.83631759053519,3.63012443534777,19.6135557586726,2.25903328861724,2.05412259962755,11.6264708064064,2.86301973805703,0.664405948785589,1.76479526246662,5.70966029382529,6.63834816467092,3.09286542447643,2.08238851735925,2.54655711175017,1.51661826604211,5.11243515219592,0.790714793781771,1.50874393760246,1.11767439079677,7.80131476890031,1.11088373395593,3.04428550702698,1.20734512307278,2.78234904767007,1.62708207858219,2.49543381027775,2.40387925162518,1.62790457215967,1.81705615362503,28.2559370375093,1.5057451508072,1.86548142610899,2.11355152253963,7.58051997565244,1.13749601872412,2.74010048169935,1.8358893712408,2.83246092378,1.07512511703802,2.88171833712679,0.829869086431368,2.5696181445818,5.26149245362674,9.13172946030261,5.03211342579809,0.908656830599598,3.95129405740841,1.45888267360782,1.02250483729322,10.5408585029055,3,10,3
"323",2.23141361209801,2.216119106077,2.7857988575395,2.55324311960823,1.8500343262124,3.98675919272823,4.70548682528026,2.24300095391575,0.505402108323419,6.85346338969313,1.85067098875154,13.5911315880929,2.66587618205672,1.7460395494038,7.38565330383552,1.80175926429048,0.716432046292292,1.0536724141471,1.41514321758105,5.13340584473536,2.06981203578627,3.89024466194414,1.14704584500672,2.6717525995397,0.897631782209121,2.36155510548731,2.97171701087999,2.68779433923062,1.11714567716626,5.14967669056065,1.88586365408535,4.77041336574513,3.69299015460346,4.16064251647441,1.33735663401421,0.659026792995913,0.308346492643346,2.19706275221019,0.0976480688766778,0.858974981322933,2.36057822883673,7.76238185870437,1.84393146411092,2.75131709502218,3.61025630875502,1.11872358452318,7.56894397082627,1.63472243807752,2.27813271985283,7.59704391625138,3,10,3
"324",1.06670989116119,4.33427764448037,3.11245221633711,1.25666131732258,4.98156894606708,3.50488242800363,3.11762882037347,2.53382824881449,1.30351316418466,5.22979227639064,2.97906334274116,8.72528012611483,2.60538901132799,2.33084803482367,2.86684674969671,2.66720313527178,2.42730237608429,1.77302179528053,3.53785681124902,4.54788275494993,2.2319723672697,3.55756280699717,1.95261280788615,3.00429248175665,4.00717041533832,2.73408612440924,1.06156074097788,1.75014056885893,2.44691992683067,2.94082893085877,4.14411972167979,9.81044954591827,6.11300152758114,9.3616599833109,1.64455344111598,3.07338058132183,2.09969689655309,1.18469509692534,1.36756317831777,0.968179960592413,1.53251974510251,2.01502045935451,5.26283618198076,1.44393084233444,8.89989976606897,6.19362391724862,2.43570777705329,1.07003013683337,0.903717193988432,2.93618303133945,3,10,3
"325",1.21090809548779,0.615311157777908,3.46760354263669,2.3187005694759,2.21267383021242,3.85359930331932,3.01873851926408,2.25084238454279,1.28394280159158,16.1992115074857,3.31727030314289,3.44397278202132,3.5170102813899,0.689508362587045,4.909319715961,8.48269939285117,1.37972980360688,1.02877625529277,4.45444423337039,6.78245459386477,3.09560306838847,3.14368006513979,2.26046832494111,3.69519048379484,3.99882188872578,3.41131534971156,2.16991831191363,2.25046170853602,1.2418611777693,2.11916711272259,6.36153940539143,11.3028531909447,1.67514029446128,6.02139248810779,2.064013091911,7.22837459862915,4.18447725668772,0.914383635667319,0.812205076220748,1.47049430428594,4.13065264199422,4.27319376184002,3.41351302411963,15.7779897958982,3.55565505511677,0.597786871357702,7.70189049891867,0.947316253342677,2.87032896396391,3.13202976301733,3,10,3
"326",1.27319032900897,3.0885781369458,1.39157880459796,2.08771304362552,3.9629343086087,15.0645825465938,2.98406919239399,2.51832478151078,1.9357086196865,4.61245795367262,12.364574374746,4.3455006563274,2.29931011295938,4.88172709295093,9.26607672014763,3.98560531689008,3.04077756232372,3.08744158506952,2.70066711827273,4.3249124940319,1.87917399550499,2.95989561201785,1.35929017949885,3.71284836698886,2.53636571127548,1.92132137196323,1.39489959536104,2.15517731092079,0.975665240909186,2.61283789833747,0.638051753765298,2.8608382766099,1.3938201123213,1.59912186376584,1.79808081119436,2.64603637496399,0.573093783322122,3.88209754854552,1.64984074203589,3.84370410975433,2.31490323727754,3.5994411811017,4.10294212602224,5.32151530186726,2.06875271145949,3.69418879293097,4.56640747322214,1.00338288365877,4.16637264038121,4.83789317188199,3,10,3
"327",0.608955245867867,2.59523644993147,3.43660777478971,2.54087867693758,2.42709457025657,0.802452489909052,8.81621073299644,3.71615685796925,1.4307784476256,6.87151885040556,14.9864462577086,7.65634015273313,3.16982678551054,4.06031481626177,3.74027512966948,5.57129944509914,1.88039313034761,2.53951556238937,5.65313194287121,10.0043223559543,2.86052409405233,3.05247613388581,1.4380693506385,1.8127621842998,2.43881756705525,3.55057069666728,1.93084901489459,2.66326841776889,2.28249319083231,4.44837721385662,0.932625509495135,2.04563967644208,7.33700840414315,4.22102205690752,2.03688041586974,2.19299657228939,3.29370381620039,1.62771596588771,0.697069029534916,0.678215734985395,8.97079745423686,3.43781994572027,3.00613220255761,2.38384979142874,5.47745323309403,2.81344540074933,3.6709257270018,0.350552496581586,1.95718163362561,1.70090528287705,3,10,3
"328",2.40883957963346,1.90590977799021,11.3142091594598,1.30251674507488,3.21505571236236,2.81984434065792,1.77317043734912,4.11413535522917,1.39808107423994,5.88643607586243,1.55146801797922,3.49302052337618,2.03813653518061,3.55518071093382,2.8140922518052,8.75850225678039,1.74418645497373,0.909956110483338,2.01487987938887,3.23512454349558,2.68076433925109,2.62010481331606,0.7759138788486,1.99445279060527,5.5595925586976,2.23558956672329,1.76218845579825,2.44238264213751,0.75138015086805,25.4418060507238,0.854403834744713,3.38670736616735,2.01434846052919,10.0970068470348,1.37448605864741,4.10851210545868,0.868368697219637,1.02368910310989,0.923692333280013,3.19650108475371,0.656962451698457,3.97874872868277,3.94368271353053,3.7059997802504,5.40308275120471,1.78657282543011,3.09669098721541,0.274486117784746,1.73932854188626,11.6644618389649,3,10,3
"329",0.705420532837747,3.11062250907146,1.87558832831198,1.52771168755884,2.69935007060293,3.66900266503454,3.62307447572654,4.47129725360118,0.525027712978082,33.5373408393289,2.80127726965707,5.99212443209433,2.46416323348666,5.00868659235485,3.07115079770356,4.43761837622762,2.03238005441514,0.354499786151159,1.18004453636392,2.78072841372358,1.13747108276469,2.53219833721507,0.740018548458926,2.45121186123125,2.3731354788891,3.37425837081035,1.59941755473888,1.36147914037524,13.2366852931649,2.885904538219,2.24112727009525,4.75781140764861,4.01642623835572,4.11310959857589,1.6443235204738,0.904976788748896,6.96832634801984,1.18760513599966,0.254184880035557,0.999658324244449,2.03932186146722,5.30397340264015,2.70937269160492,5.10171367423205,6.34865554677645,4.47683091425572,10.0174894589257,0.801305255340868,2.64233310435827,5.01359870563672,3,10,3
"330",2.2482016101097,1.94888661512802,16.1555896557133,1.33156930446547,3.71760667767382,1.9189255526883,2.74191010554352,2.44254766753755,2.02417715781196,11.9102959484657,1.16501134641081,3.95894027441888,1.32867464826613,6.03080490948449,5.67212612538302,2.97776209148188,2.03424753491011,3.21712423436092,3.04251107172851,5.51689710248141,2.18990586092615,3.64948915805188,0.20331161155317,4.1973305086083,2.60493717744653,3.68882469079034,0.128038498702051,2.77615795885587,0.733423979435731,2.10955450466163,3.16499931681288,4.15476084361175,3.19999279584841,5.40679752020487,0.505137068535638,1.6110118531951,2.12039837293484,2.28863504633163,0.575673904200112,3.84369732159832,0.744672971819134,6.0159290727542,6.27136179801251,4.08399335101742,5.01332552531012,3.07326958443422,24.7529132809697,1.55061786883,1.22534290874553,9.22925350561357,3,10,3
"331",2.3219106996444,2.06979629847848,4.4891420512265,2.12008135855562,1.78917861229706,8.49815752865094,3.42464856218155,2.91366981886063,1.88212800147611,2.70093185233748,1.98623775858997,1.82069285804519,5.89525544861732,0.574332499214286,7.89419216817013,4.76760973541184,1.39115617041664,3.1547437243024,1.70507935063469,7.3555331281341,2.71324991209484,2.13118285302854,0.819725662472098,4.59899955483588,1.80043683837832,2.9174250620859,2.19447989922811,2.6917201398294,0.889447245566411,2.63012835596851,0.365904890677668,2.55512010234968,3.20599939173033,12.4519758273372,2.26518379087304,1.17556481038684,4.40393876366152,3.72924490044205,1.62403898988206,1.1513774158173,0.860197694880816,2.04350461160917,2.67510457478989,3.16058241652863,4.0962055377514,2.81752681162265,3.67850287046011,0.923134241277702,2.20204377101704,5.81932945679308,3,10,3
"332",2.15446789482895,4.01949418732189,1.97580667999588,2.66770594831193,2.86884508231327,2.29470456466349,2.19128648636298,4.46458410755003,2.09282633325916,3.47601060110764,1.13206363742005,6.25932011810537,1.80531809711403,2.02687711993024,1.85796260445862,5.04136807148571,1.20897094557411,0.635772332885739,3.15557056222029,2.85352810752486,2.70609557211566,4.85410643731173,1.27065080523682,2.53183870063065,1.33831638985042,2.27811758226721,0.200491491782238,3.5763582340981,1.02484568170573,4.20596112746417,1.75397437756155,5.370551280217,8.53530959737545,5.68959071855455,0.363619276211641,0.576868932265212,3.08924543049848,4.009699992718,2.62626797371399,2.08675445308392,15.5446392260779,11.5477419870107,4.8981541349313,2.96640574951679,5.72169953290755,3.7283706502808,3.00711515908442,1.13517778034805,2.23584625447366,1.08570300493735,3,10,3
"333",3.19580101367291,2.60825436349087,1.44284955411448,1.4507589777763,3.53064462348229,2.6938493813609,4.24818658739749,1.89213819990158,1.54112767378778,4.9592403171815,0.581174142387112,10.4990705537411,3.25225585562275,2.24469383142554,9.91980770221292,5.75195808621444,1.01165271564737,0.74182961954835,2.3265412069109,2.43244616185894,4.23773023608266,2.49591465076688,1.74511600705612,6.31193010187936,1.89842165613247,2.47251666615739,0.857075660185684,5.57747533174184,0.707097563673198,6.3185578834727,1.03299058450703,2.51152998711551,8.80425358440924,2.640317296525,1.58900237388375,1.09080955397643,1.48451646590204,4.78133843139497,2.732947512943,1.05637953936405,0.787704096112122,7.80285546123997,5.6097940166189,3.91070442554608,1.91384471075945,5.45631575773091,4.35696062932084,0.738924391805573,2.38801904312661,1.7068930442716,3,10,3
"334",1.51777038373989,1.34857744212909,1.55355907767096,3.60178785581295,1.43469376900632,5.43133741205788,2.18230252539002,3.13213319890719,1.1578938076232,10.8377958038267,6.06468098815556,3.33176219511929,2.85817301911679,1.28609785061478,3.01234343544309,6.95579763837468,1.17694414103733,1.58966215288985,6.17653348291929,2.9986876094723,2.1944323350825,2.42190056565209,0.720165277299168,4.12925995859173,5.27917688489085,5.86149148436355,0.131878312607772,2.34178219688149,0.789063090492535,4.86241518053633,1.05634329329216,21.1491126778312,2.98000693030068,5.1298258069034,1.83790651028573,0.610684008847178,4.66286974956948,0.394646200887069,0.412807722314045,3.55300493408204,1.82554406021937,11.8250458813033,4.00246374821543,2.48925835196807,6.16549035722074,1.08573967489706,6.51547162880574,3.6816526330887,1.85510920149854,1.71447031535725,3,10,3
"335",2.50005459290131,3.44039973143563,3.32423403612048,1.80487719796097,2.35864355034929,5.07277966247534,7.22477024852804,2.57444355818192,1.0949288942587,21.4845353443101,1.07000640498642,10.2640946928214,2.97434858062335,3.82749973113754,3.69493772250056,1.71451658312599,1.80627493952867,1.9392252865621,1.42305944537281,4.14408695462626,0.916388582577796,1.24903651134489,0.970812592652498,2.01164670657253,3.6183723050906,3.34885854022146,0.901738274893421,2.65739559652709,0.794139033348401,2.96532162933531,0.213275748736211,2.2647853328244,3.68125047546609,4.62492386995909,0.574096775843109,2.37142451832283,1.38894068433485,2.43329421292942,5.97343394650883,5.76018167628649,0.775450030297625,1.12780782867931,2.77712162513686,2.55867541324673,9.77103476077691,1.94144393026385,1.29876498891886,0.587647337879577,3.93933113241283,14.5769284432607,3,10,3
"336",2.66649910889098,1.11959082965208,6.11179622326074,1.49180058400358,12.673604697539,2.63906176410895,3.14850969850019,2.43248766265137,2.0187735181109,9.39350108426556,1.02796475621091,2.22194375794547,4.88640370790057,2.5594724454856,1.99776536097217,1.80392713054254,1.49290929773267,2.19608727512099,4.06592596319803,8.71512500728491,1.33990594943077,3.10917820670342,1.09415817298106,4.35274337276461,1.68422737332371,2.2241194780053,1.2354737944332,3.30325161969066,1.41230023275996,7.00984444596903,0.942997395700839,3.88141467456946,3.93561076574476,4.34983611439101,1.70260298377774,3.29618927165148,0.308874685650846,2.68639769079578,4.20810773647663,1.05725426316938,3.11842643079205,1.22744213123736,4.43818435856128,6.55780755147385,4.02795039308808,2.95434515427255,2.84011139562514,0.460209738036884,1.86794242150935,2.87081000884389,3,10,3
"337",2.14003575831148,2.39779921212617,1.15249954644379,2.99344684188914,3.57536123337571,6.60519907133459,3.26481575258451,6.19208034692566,1.10040718768958,20.4056489133503,2.43413509282256,4.01375805177849,1.07033020149152,4.62556988427112,5.99459564247188,15.2711945419215,2.39601301758118,1.62486980682033,16.163520969903,4.73723453996017,1.26746231283705,5.14774007640862,2.70342595207513,2.49760421827078,6.19714088096867,2.33952930661356,2.22216512876465,2.06771645690141,7.2469233395797,3.10992744418719,1.7171574627572,0.783372313743055,5.50395280545388,8.69610135458308,1.52683636760857,4.11376373813109,0.300053183569084,3.50980691365151,0.476191819864684,0.892170974343144,8.32239383274817,3.77138735408433,3.96525578453784,9.56288398713938,3.21112997408924,1.61482182349925,10.5041671061022,0.992188359150963,2.23771068566543,4.87878553972386,3,10,3
"338",2.78586328519826,2.10956245060473,7.37843514945613,1.60058966923633,4.05468135762485,1.83842415435989,6.26201469374564,0.525347833875957,0.870584256069902,9.57460047822879,6.8692168665909,3.66486160709497,2.02805264361538,1.90866130453171,1.50588280440104,7.03687562387353,1.34822773540145,1.64164066598773,3.4410902910556,5.06651566222045,0.953431842650518,3.36759268717941,1.47969916177635,2.53821363170951,2.41057317129914,3.12860007389142,1.44635587922086,0.971115218160069,4.19926881930868,3.06286343280568,0.358382569956495,6.86749906553742,3.1416025680338,3.64128689458991,0.476088035776078,4.86814985729132,7.70749372238306,2.25226564522189,0.366707865396847,0.670073763902325,11.2584880910209,2.38495229568366,6.81006762845528,4.54313763976586,20.1470114198629,4.2587086680031,4.25339054359726,2.14324862910495,1.80792686290616,3.25836957436529,3,10,3
"339",0.714819484659817,3.48359360579838,2.72436544019967,2.37211224706954,4.45480304746052,4.09062626271359,0.736745669186779,0.939949459402475,1.29126950650514,5.59183516232151,1.52600830322439,1.73279908608533,2.57566724988371,5.5875492592809,5.95309996144223,12.288017811002,1.22945415441423,1.13624795442232,11.155040634712,5.32569198242661,0.773049746124282,1.201601169034,2.22469714311171,2.6755970832682,6.77370981065993,1.54862674647686,1.50999821223651,2.65844887397422,0.786341325370945,3.27016245343103,4.49182671301461,3.57141422373427,4.61497395126542,3.17449558305494,0.796272418859372,1.17984357149317,6.20484165304794,4.34540202607618,2.44056904941604,0.761201713281966,1.6141604786769,2.7505147092524,2.6146756217035,6.36875180910473,2.8168069047451,1.59937210372859,2.30285466382124,0.768037783480949,1.79281023753509,4.69621421851243,3,10,3
"340",5.17655756663016,2.0189240625844,3.49833079453491,2.66560426775303,1.2039932905824,3.18877611096865,3.37682593755516,1.04095275968354,1.78017786381188,1.9683794162525,1.78462027175919,5.61647834058695,2.24840655715796,1.09742852586433,8.7471691644897,6.03512873073393,1.66058352738558,0.936564058180194,2.14331816078181,7.05371875799079,3.34798939966094,2.60024629284765,0.828603510064734,2.17789051599132,1.80203811159777,3.30007786450183,3.0325928310914,3.22553162187938,0.588101298059827,7.0711718847796,3.62625870090574,3.1143722492667,2.74110505822964,4.51986900254312,0.610570566954833,0.942265505421507,1.71549602339368,0.826893499330089,1.54980105614095,1.78944926070057,2.14871630608569,6.99064521210902,2.95181710620866,2.3379043929907,4.13577334213265,4.73983173752842,3.29095231661608,0.490934013177772,4.24057440146932,4.27180133520033,3,10,3
"341",0.766499402179262,3.28040991881817,3.26522380508953,1.79659482329972,3.263586167136,1.42946224138427,10.3165475263669,1.88797593506583,1.34663389418741,17.1434118335069,14.7670907426396,5.15717499929002,1.68155837526745,1.34033696195489,1.73303838010792,5.07293999447048,2.31534986368531,0.31045312576429,5.98387060144201,7.56119042351893,1.94569543601452,2.28496260657767,0.548202332164295,2.55371717925711,2.67052755691533,6.87423634330817,1.4354320284375,0.797352751671137,1.77923965589438,1.18317634439949,3.00404349129755,1.14353103337472,2.2206399787819,12.5274254622816,1.01339060917391,0.552853175216568,1.94003901167465,2.87934075389375,0.132436972717225,0.891836066736091,1.06602281790056,6.53861935607651,7.31295354215115,6.74643757945177,2.88263794144054,1.64341951000048,6.4141392847505,0.759070074736201,2.96135447073342,2.54120329341074,3,10,3
"342",0.795780326660081,5.79991814138853,1.87717851966825,2.45524547105239,4.94490967783431,1.7969751218866,2.06766888969741,4.07614076789811,1.03142668909311,3.48115625213462,2.29321426445058,3.22404692967187,3.53994447628235,2.62618124268466,3.97033250368946,1.63294766448831,1.52569019334102,0.226071981715356,3.44439104649179,4.20454593514015,3.45246762888075,3.10837434108989,0.49192454176242,4.43843828721034,1.34298289227962,3.33424100464104,1.05898218027045,2.35315019369569,2.80276757382442,8.85628270899858,0.354772029628778,3.5702323082948,18.5672944001518,9.5220239198668,1.26260088865264,4.80067343736614,1.13422143983246,1.11847495340211,1.02571713553212,2.02704798097924,0.622313067839893,2.33033254319501,6.8231710877169,3.01214094268505,4.67687976123973,2.88385873761826,3.62533280886605,0.942240899465393,1.39534145044122,2.51807161768828,3,10,3
"343",1.92232268615058,1.98036208896822,3.40033989709299,1.6200622116983,4.79931561538228,1.97850492298179,0.382999949407278,1.83955915330198,1.22791255178561,6.48252553439629,11.8517346728988,3.92890556402253,1.86330394677071,0.391153861627025,3.1310673277386,3.95994874778639,2.37354491964355,1.51393787527184,14.8637369237656,6.45614714822003,1.72568019643422,3.46907568444094,1.07293673181768,1.97548645305029,5.07989248414403,3.71177791168102,1.46328738696158,2.63921749081186,0.550105917524327,4.72347221460414,0.296076185579691,9.10724038257876,14.4628529968578,4.09059320357565,3.01418653259756,0.557847738273144,1.11051570283387,2.02577949667136,1.19990154281298,1.99479781282501,0.575756775153789,1.6395346224527,5.75559553863538,4.68618991646866,0.879048382704321,0.393166026072192,2.92227942292088,2.34895985667931,1.89870453655217,2.51652343804902,3,10,3
"344",1.88708761317785,4.52234218811087,2.31789250788061,1.79047980280689,3.05202984768891,2.94570610563957,4.28153204347623,4.24492624598292,1.20641510754435,8.16451070535013,0.787692940640949,4.17672969534431,2.13613333759414,2.71279855599881,3.33658246764752,4.5319070305768,0.973982203248009,1.1832451138057,3.87374890885833,3.10571149196124,0.846091955872876,1.98388902336459,0.629674843115005,2.7789728893044,2.10278231667807,1.95031308790416,1.36984245388105,1.66630502037965,1.27564368371324,2.98851019285545,4.5330457269548,2.50531179733698,2.42505724618443,2.63809600889331,1.47024661895173,0.724851464012657,1.86910833518122,1.21207509575422,2.15357423706528,2.48366116259578,1.79567618480495,3.41257617979131,4.57267028441215,3.97106630712171,1.59491989518551,2.0820903251239,2.62623090398327,1.49706493124476,2.3248858499569,2.84319666005409,3,10,3
"345",0.112859892358083,0.732218996620522,14.5318587057817,1.67160100288098,4.19643164460924,1.53117778340503,3.67871705819413,2.68987584433413,0.697735633615202,6.47788478829951,1.7148572910868,2.91123326967061,4.89556237507911,0.686003508391234,2.23090401550922,5.77033841318152,0.936985560824525,1.20655478086579,22.7281930320596,1.29651223757442,1.6985334662352,5.08718052378439,1.25457484386864,30.7821405121598,3.34223721793977,3.7114044701776,2.23957050218519,2.03146333273022,2.3325220913669,3.33568243966532,0.845227475885507,3.52323672427366,6.60989303865178,2.16023621436602,0.625059096195757,4.16676921447241,1.61655969917691,2.99290456827739,1.39954931574565,2.54758591357269,1.11711253264956,3.1884075660711,1.64411993666295,5.2432250529788,2.10351221451839,2.97197916186424,3.14978317044666,2.67416871061879,1.31220826504516,2.14294074838713,3,10,3
"346",1.25582027191599,5.81322128942004,1.3802746565681,1.08604131598366,4.81437792118236,3.9253943718341,5.61039063060687,5.27678745639964,1.99234462063425,6.34054839603448,0.506708482675841,6.66129634937319,4.1070676309037,2.8055553406644,1.5846443935822,0.97524987588424,1.76025433899449,0.239083236324209,2.13900058040603,16.0498891467036,2.48260625413937,1.96878461454687,1.64251635230206,2.72613547294572,3.67315846795532,2.81243593292194,2.99215670601722,2.30237104106886,4.15286824737705,3.5273230294227,0.514561354474766,4.46278829614966,2.0727188308129,3.78918573666841,1.5074661152648,1.43695165616663,1.85601325720224,0.889265663561481,3.42341772275764,7.21052420761276,2.35580838423613,2.63021202311183,13.9558653952174,10.69820870515,10.499148821647,3.71431308616501,2.42661019971919,1.63353655398392,4.76939272437482,1.55032147903524,3,10,3
"347",1.94308424158995,1.56023408821122,2.17428881028619,1.57178665381427,2.47902824348828,1.46770299040924,2.93709617682956,2.00373451164426,1.87065473312653,6.77576425968168,6.45241582789251,3.5358188078617,5.82692523822928,1.25154588854143,4.34735231648972,5.53213949064326,4.08722536887242,1.92335768162084,2.28629133339031,3.83959637958172,1.85511807541364,3.4743601780208,0.212394052159798,2.35255900144228,3.72345080415198,1.7353062706316,1.4773487841521,1.47564196373257,0.936563148971296,7.93830599848022,3.38297851223762,1.96247234973529,1.28303112270497,4.46245124525153,2.32689482551415,2.04611777303699,0.317717091840661,0.673429014973226,0.618649587883423,3.99661937902803,2.02497963535564,2.22702134096123,5.95969996151239,3.8925814891711,2.95711993599187,2.4769869014747,1.9450011459546,1.75659345188523,1.90215178844506,18.2096664731324,3,10,3
"348",1.42235955669497,4.36367583941803,1.89115953106667,1.87706043933796,6.88085404816356,2.55219832763717,3.16340036593862,0.272964636734528,1.61698060757953,4.95329686338973,2.02037899372946,3.62393363944109,5.16793694300555,1.66387541315467,3.60017126098034,5.47562882149692,1.57998721998015,2.21765332879841,1.63583522863664,3.78716200171394,3.9671989422233,1.65716606754345,1.26591026898293,1.64648842977388,2.41590432475177,1.79918371433688,1.05720150112572,2.62389588208779,1.40907183678039,2.9109561896187,4.65619143280081,0.607207913976844,2.17888593929271,3.10362104079159,1.46385557393452,2.10176974702524,0.552520856835244,1.05001551257005,0.625599016705869,4.49651170097639,1.81031076120175,7.17703201363493,2.56091377396675,11.5351953567909,5.89418439764955,1.42840001914871,2.34340824931761,1.50591180039813,2.33504885043153,2.97919993805161,3,10,3
"349",1.02023359517125,1.58316173076219,1.74282406902811,1.74233403236672,2.78780511093699,4.50911910842672,5.57491096746179,0.783580865652408,1.37077565591874,14.0376845843302,4.98188799864022,5.47446149386252,1.96717414758438,1.67850864385659,8.06605059289046,5.57878241247123,2.37606944917066,1.09618665058934,3.73425449276071,2.8379716091322,1.5727677251294,3.67733246245348,3.26517231825529,6.25820849712897,2.54902507429208,1.12843809946346,2.01941766227371,2.12683773148796,1.4475624886179,1.95065661468558,0.874593237223564,2.54570834787665,3.28381184716649,2.78027804668988,1.50539828446028,2.1520589347226,3.46040825689767,1.15457316450849,1.75403605195847,2.9244782988915,0.497833880370404,1.70783362528128,4.20105402984248,3.03540447337677,2.40509430945483,3.95602703022933,4.14621913374869,0.779772407274994,1.42051059951069,1.64248528370259,3,10,3
"350",0.319418439491881,0.909063302990509,3.12456278517644,1.43743559563572,7.04621562653531,3.13992543614228,4.95155736630234,3.15750703144851,1.59751338433693,20.2697554109725,7.5356315280953,4.24803193778965,1.09481750024645,1.15419726477508,3.60144424002221,5.20222408133209,2.37987332967755,2.91910774482417,14.4131550457702,4.45078316964149,0.786593727501322,3.6987950138736,0.388054674559955,2.30679134098131,2.8230886470862,1.49162099870133,0.489866528517242,4.20373222146921,0.822021995976037,3.59906938077858,4.8742523900577,3.01340470783128,1.94643556218834,8.56522757458896,0.622517401442206,1.79375997505205,2.05432958385494,3.94210854931657,0.527304842883716,1.4491706860333,1.07760946413736,3.56804095406985,6.94927938379707,5.64122123776609,3.10569892320684,1.54515914993557,7.61214922195604,3.14774856597239,1.91484995190906,2.04373752394953,3,10,3
"351",1.05135191449773,5.26029704377924,2.80538230016348,1.85388660505135,2.30338738398112,1.85432575427971,3.89281356145628,5.31059518808635,2.74613285088386,5.08914017232687,2.74407515886948,2.6779280320672,2.23119424879016,0.860662547359174,3.23685276323588,3.14835225917593,1.82972908956415,2.74451011712011,6.44542276967826,11.5335418516578,1.34105742725179,2.35223349760898,1.80672958842046,1.68501167629807,2.52515552074582,4.08634735311062,2.52381141099447,1.13027556379767,0.650762794425812,2.47097208641768,0.412156427929153,4.75084640362437,2.75992696932204,2.58405539985287,0.94839589599416,1.64278165497846,4.27990156623133,1.18395014147875,0.966557628265684,2.21931249269307,1.99176841158359,3.41125715011574,4.08364238708015,3.37305427315583,4.19762749126353,3.78502538706431,2.4126248497154,0.946806660546798,1.5415040661091,13.5623441060855,3,10,3
"352",2.73245817135455,1.94241869549398,1.90213555727033,2.99746423180646,2.88875624736647,2.57718076041944,2.88178740005283,0.201015969224658,0.799780757140395,3.83889779509605,2.05154858094834,3.10275967026589,2.98577205789152,0.946755829580205,2.53382240851311,10.6771051777157,2.38504286730488,1.67412790018003,2.87980853263144,3.59101923899206,3.7359860738013,0.689338339432509,0.423382698918206,3.19699860770608,0.98999465310568,2.32758189397116,1.07179282057194,0.928012396166523,2.67471856882114,3.55299514029043,1.42028700752818,1.60314172288412,3.98949979989289,4.23058434691606,1.34540491829682,3.46708072782736,3.7849195329429,5.30114351898423,2.06749490317343,1.43186095944983,5.12860056372483,3.280610576711,1.46038395946377,2.59174880953657,6.15775394729462,3.33820249504229,4.45781925572993,0.235249117498973,2.07933167522054,3.40104248044523,3,10,3
"353",1.4217007638743,2.01506914449664,2.83697674782581,2.50217145804998,3.141226027445,2.01754899384144,1.30645550160449,1.81773997037204,1.39414665513942,5.09438043415592,2.23071712718257,22.6565598810386,0.548299126407863,2.78252728481643,2.69448802853459,4.24666138636503,1.48253075311883,2.35538907402315,25.064273064767,4.2320363396602,1.83851660084112,4.59072394299766,1.0884839932249,2.05198837509481,3.16051758737505,3.30857686753319,0.943694802270972,2.01386346583523,0.629797005392752,1.73563162964112,5.03924638158479,1.95180953226789,3.75048017057353,7.03890164870269,1.56617105755371,1.35747760757075,2.53411820487736,1.98019497638967,2.98832367838761,1.79114367059742,1.45888562879794,4.80575260586951,4.22719602344872,0.755541999916152,4.98757426593666,4.12828487158224,2.20868438443731,1.86205837888151,2.65596935915115,5.58115536960321,3,10,3
"354",0.733413222410255,0.228110638296404,2.87287414368766,1.57447634069494,4.54890996167626,3.04788493967629,0.708845992195833,1.74451059342825,0.805064260835177,2.93641989162585,1.06057066340498,5.26192832122681,3.81802622255187,1.78073364687499,0.739000331201143,7.5675081160865,0.892200763468403,0.497018300663034,3.21018129947716,2.57572971709127,1.90254099634835,1.69234993896573,0.783244311790615,3.94012328537029,1.69505492651531,1.75860184227514,1.74600196393498,2.02841530188038,10.6719276080017,4.38020691767358,0.601491106885662,3.52792414667366,4.1590337083644,6.53608557650786,1.8248889552427,3.27885222487377,1.52404769284553,6.50800158348618,1.98895516752231,1.79852926657283,0.726887731833266,1.30220982439523,6.70892583526879,4.60740092256705,4.76190740097525,3.0321511965307,4.23918641527096,0.899039113719808,1.68667854679897,4.12639861035676,3,10,3
"355",1.14971765834597,1.72696536711636,4.81482016766262,1.26209599306584,3.0474722046574,2.6563202741351,5.5536446773382,3.53018487427236,1.74355053823974,5.05531697289305,0.659834226656796,3.38204311854996,2.7539736445971,3.20247219492954,3.92656792094421,4.13297390350819,1.67273966135895,1.70585018187909,2.15325987269186,3.77229712185005,1.94159311617028,3.95268385945434,0.623318917860499,2.18201994570685,3.91236878474282,3.38423126562216,2.49263654382692,4.21628645504756,6.04595779041192,2.9455871889164,1.86274177937552,4.03524211183506,2.78010981632016,4.09691862454337,1.71303077878747,1.63033313892078,2.23695057778157,4.29140874624713,1.09841395287051,0.561600680287518,1.17244925903396,6.40297833330747,1.89859766146877,4.88342046353415,3.28129593731712,21.6419796755439,3.78021574916019,1.45285875615149,1.90929730531422,4.22033392605788,3,10,3
"356",3.30449056299311,2.93342374462174,4.23603327532691,0.871157677321286,4.47106049069896,5.25393361716244,2.20139409108868,1.6854221343851,1.13191336478534,13.0786781931382,4.48278080974122,12.2205391343651,2.04449982979649,1.94233197688616,2.40494309130552,5.03538075098987,2.76565932176545,1.30142988050702,4.4475485208842,2.40377556421954,1.00254407195299,5.39636677364204,0.831541204574392,1.81680835460989,3.75852351069922,1.25919335028756,1.97557139092598,0.891726099443689,0.792645692292787,3.36241471666677,0.403237254479382,4.46939761984633,2.45354858430082,6.62701397157266,1.29772934900923,6.37930953740883,9.7205027547638,3.65130248290951,2.91197114593113,2.11951825242865,1.24556393197171,2.15550231744701,2.79266041689181,7.05213369260741,10.5882200674777,1.42050748431956,6.37087726730853,0.66891579885641,1.40588152637165,2.78107742629614,3,10,3
"357",0.96183583038762,3.5282602146334,2.29362547411745,1.8433689216816,3.16459286177764,15.2614785493615,2.3821552231237,2.27088971411056,0.668964568333783,6.73958521339728,1.72777286244109,3.54433848533579,3.78183510905256,1.71032187623441,8.74069318449104,5.3316850604424,3.28349837096881,1.68707630784996,4.74438812239119,5.86238875319461,2.09363089661317,3.7491531445753,0.421069932458329,1.82143648810317,3.02405593077969,1.58631176104034,1.74623658812071,3.2993880234164,8.19246389043007,2.1984190068909,0.702498455047203,1.55518936951192,17.1794790564341,4.44455792038855,2.3133929829508,1.26858876649373,2.06284401787205,2.20080746264111,0.483580474168166,2.36784970348104,2.00206092678333,3.32007112975038,4.69049040120659,2.24519019680866,4.1101733660143,5.43081036146899,2.61866451936266,0.993935226549054,4.40795067592835,2.68042906779962,3,10,3
"358",2.49806132463,4.0134467182916,6.53787416407028,2.32751071589621,20.8337352820209,5.19418405341583,1.4718044409205,3.38569367086888,0.952113595640894,10.4440355211501,4.4115508291017,2.63012732726761,2.43697440235543,4.36697930951839,4.81112945773857,5.77624973147742,0.980689027564582,1.36868762478792,3.72175482235664,2.73125089437624,2.38671541417658,3.67279570455174,0.434797506601725,3.33304239838971,4.25596769771451,0.493812550734487,2.00422062894561,1.34806119330664,2.73705129357902,3.94631820271781,1.31050232510614,5.18434148976668,2.50087813562678,7.51589895792253,2.19590192206763,3.61637200742957,4.19235159534406,1.3212459116172,3.82874599363816,2.28155109377147,3.52944690144028,5.44382500565975,0.827169676747479,2.56166994791601,2.44681892137929,4.83373859323314,5.26877714631063,1.77199154420248,1.83628421133127,14.3231405019821,3,10,3
"359",3.41015517273294,9.20825232738047,4.3748068901636,1.55022169096575,5.43485677334246,2.93477674555334,2.9995146743827,4.50690648598882,0.671584211895215,11.7028888780353,5.04515726888716,6.30511519059383,1.0069018314273,3.05293138867947,7.41821302882937,4.4152400575823,2.52908145670048,2.9522222280174,5.57183962842131,5.99579925722183,3.26360230090874,1.38217931299849,1.03638071719062,1.30153124271355,5.98401758459829,4.06589667060067,0.865890373245893,2.71215626211966,1.74194021453212,4.72150340454025,0.663522968296241,5.99394314479272,10.2946476175712,4.00631065575097,1.48462810089327,1.49150359980125,1.84665927195294,4.50078419129701,2.08451051733912,5.33063739851377,0.994016103210717,3.32531765897684,1.1235128274152,13.5082185555708,1.90775425610549,4.88936584561854,5.99939420041258,2.07056203484957,1.86675093015357,1.86600297725108,3,10,3
"360",0.64471877774883,2.60759213508763,4.8092844432895,2.28029804596838,0.565629185930182,1.56415968623022,0.694008772126715,3.65826139360611,2.21486680986059,3.46471888759164,0.473748735323561,2.42630016859269,4.12978524975424,1.34610549275489,2.689867620492,12.049283863642,0.815752960632572,1.59225999698638,34.6608965390905,6.97468078559159,0.7965268548945,1.07791790820064,0.420687614916821,2.90537004008694,5.3426078803993,2.134034032766,0.246579113000253,4.23113510775474,1.39790470223884,3.2961883916346,0.564964163574393,5.35626289653831,3.90208725735416,2.46510186846899,1.95414042057041,2.51040753225177,4.67565077249456,1.41116743321475,1.76386745860591,0.736966578573376,3.26076367331317,2.40655259481994,5.70179909472199,3.95641781986777,2.85080090325201,3.47226759800757,2.6267256128253,3.37774815274797,2.69691292872474,3.68347830690756,3,10,3
"361",4.5152265940154,3.19045483597081,2.05146010225246,3.36026565813852,3.73927073356731,4.15853801599098,6.95741320627339,6.93136211715147,0.816164308702569,6.13292046402002,1.25790149107892,6.91139174823263,3.67165547382664,6.70571487192495,1.21068404107305,5.30125323722861,1.46286098058298,0.362359954074597,7.93100879699439,5.24387272121167,1.30014885133069,2.33125338985898,0.709294319100276,4.4659747422071,3.45042067610488,3.35553484900961,1.26226845744408,6.60916574014811,0.561834902423181,2.28403560337203,2.60807305114428,4.10228260170892,4.34294164752641,9.07849113533605,1.05721623742946,1.49670541149908,7.0377414374296,4.63434026821653,1.48782548070966,4.15329078845265,1.58785359763779,5.7134510467113,3.29642343293407,5.53618738948102,3.99808958389482,2.250628341666,2.75501335266196,1.2064098448982,1.60550388664264,4.61911417872957,3,10,3
"362",2.09954754372973,0.679605125981963,2.80076143754884,2.46396404335332,2.1797216597668,3.41748171634868,6.00862564590997,2.14587444617716,0.504537253675706,6.20764593342482,6.98235060705203,7.91503203690271,2.59765853710342,2.33039000691855,1.90316831084476,5.51685997445468,1.20031989894648,2.38981474405286,5.23631874599549,7.02244800986294,0.56981414688679,0.722846675141331,0.636914787826436,2.03581677027741,2.81478128854277,1.79407545077252,0.505359242774788,5.56736958152909,0.710062504121274,1.8054557670241,1.08925567770338,3.24471693311766,3.32790716157147,3.66055006605628,2.61115437982095,0.446314258462663,1.17093950618009,3.35416922208521,2.41165725698485,0.381108565759211,2.84032247936013,6.41392049250049,2.53735563939427,4.46289511205725,5.5916126924569,1.45491209193937,3.24017127964939,0.417424670769152,1.84118313680848,5.79486684236629,3,10,3
"363",2.81762832173491,3.07979133835159,2.03556206401029,2.10199112804063,5.36290698690946,7.02483946150986,1.44703736948863,2.61524430989985,2.3106005493061,5.9088979193893,4.87200224659334,14.3703119451602,2.93325158621064,6.03891649248758,1.54355248210467,5.88452704341689,1.1533094449823,0.926786479281977,3.06739976212684,9.27069125602619,2.00174619850038,3.02499997420527,1.17549702809897,12.1469639756696,1.97542448121264,5.18286406110303,0.424559039909585,1.23524529717086,0.764832754917392,2.78040379421857,3.54577072372562,2.47680158062422,2.91098042969288,3.15294393080351,1.00415711920859,0.243998927696502,3.10654250733151,3.09559722370097,0.929004575367613,2.58719668980622,2.2808810864294,2.33013513071767,2.38257897243968,4.10496373081481,3.07766450238777,1.64749552721086,1.88844615557012,0.973648421303321,4.55920759449628,1.62853935257012,3,10,3
"364",5.05281073752857,1.13816223422184,1.35815370865781,2.14470337345476,6.55255985184354,0.6431355395285,9.18406061139436,1.52206067652941,1.87625857452312,5.59322385278523,2.86528441981689,5.65184366379641,3.02790325856689,1.26651105976377,2.53046519007422,3.47547680982932,2.2145468222703,1.92594341044883,6.36030699166133,7.09289207343154,1.3271505229501,6.1449178412194,2.97519752711499,9.53541674376874,1.40813868519195,4.1361413604783,1.88229325474938,2.5636499690261,1.35420829055742,5.03439818130217,0.87849087473418,4.19299365825016,4.36753220773035,2.6860625195846,0.947476553337903,1.83792700855743,3.89889276562154,2.97996508271603,1.56634376462743,1.58144778320327,1.71782920346547,4.76289299724087,3.97214671359189,1.98344838327865,0.792699360106052,1.30579648910557,1.79258226718253,2.10060160131215,1.96247721786487,1.87692451741509,3,10,3
"365",4.85313011761069,1.7354215166507,1.50932287591492,1.29080363294382,2.8543741081541,4.50723572162169,2.66352053307922,1.53854179335708,1.57922496770813,3.49540216853369,6.94389567468724,2.1580357611793,2.59011429927644,1.07638166842155,2.03944377880318,4.38269318567583,4.24862926822594,1.42716993717661,1.41519474759402,7.15400964358063,2.22681382840604,2.8418908029025,1.40915874759418,0.723408962318409,1.13509018925199,3.29244553192503,1.54451909708364,4.01609871450514,1.95197206696768,4.2799624057446,0.927454899457944,1.7257312035466,4.94642884896739,4.2314322316331,2.25229959404893,0.756634706273968,2.22199955335854,1.53030458515166,1.01201016948603,1.16956657986736,5.98064412606623,9.99046816634152,1.74465063369289,3.72224746487986,2.54993223607805,4.73209665635673,3.25337193454863,1.61120439734061,2.49452132160488,2.65637609619722,3,10,3
"366",1.26390466678716,1.87458115269355,1.66902931849354,1.85512175687328,2.70699262874699,4.46013468673027,0.98020870781549,1.66694965276353,2.57511652336928,8.12289438692709,15.6475090999932,2.48776045652847,2.7203353119097,3.46174370973053,3.08439975909802,1.58602743511788,1.16664081612428,0.553919883719224,3.47749952961944,3.65860508383316,1.61335188588032,6.18854034750648,1.08382041681397,1.95210193249394,0.543152531985654,0.931885492450251,2.05958183969239,2.80175890900527,4.8173302569631,3.51129118990331,1.57078249253575,9.19448570110746,2.97692999699635,3.58362651650001,2.18723539285298,2.6114336928223,3.22923828835151,2.1375956651868,2.55711959060743,1.24731318058209,1.19393347848579,3.61871449294334,6.36014876207606,12.6010428392762,3.59709006709868,2.16681758368485,6.63366250792279,1.01623562506005,1.70185426296327,3.17724025302317,3,10,3
"367",4.8814737801696,2.62141633373419,3.1052272452909,2.72173187421256,3.80270470725582,3.25771896393639,3.02903575799624,3.3674011539384,1.28960278635023,14.912961238576,1.26347749548247,2.88780422981248,3.17938664636545,4.4498933887233,1.43688217867306,2.48563196408665,1.09873229185107,1.08478433576116,2.82329968841877,2.68264865484382,3.62123828449918,2.43836707561219,0.728647100335437,2.68235024916882,1.11304769844401,1.21969919410993,1.91475182190177,2.49231457942763,0.865834087231037,3.65696065472917,0.606154065646562,4.4427105336657,4.85343613396005,5.61505174154311,2.64098747356372,0.245479638674128,10.3234368808293,4.85064707122135,1.61200360336517,0.444343180064395,1.18286249869385,2.93358994097442,2.62095329642224,2.4487188755939,2.10704243788201,4.99269997112722,2.67777945322773,1.18612621118749,2.50758852237302,6.27880859627827,3,10,3
"368",2.77749270061554,4.0983209486507,2.37063802977174,2.65798962240348,7.82674594881259,3.7047663398772,1.85955994788182,4.91247270509228,0.787996383109937,8.25388157916113,12.4560114842519,3.93239130815777,0.936009408374207,5.27673235549927,1.79944182798459,3.80930479489165,2.03204177759438,1.84632103504112,1.35136827169878,2.34397862660331,2.73610327887428,1.68799823892973,0.7993803609442,3.30344146085301,2.34638989869942,5.38300633290492,0.978352887193627,1.60261064195024,0.841782385359482,5.27972980429804,1.80016107521962,2.72508179153708,2.83479729069172,2.72580766002063,2.18379810465109,2.04825245874885,2.98762052114233,2.91075103668491,1.20637159656411,3.99300688773214,1.1035050684391,4.62785998989626,3.62190370062037,2.9206669792725,3.76350123625824,1.23974616324645,4.25148115625866,0.863735051346319,2.46429363770388,2.97479693155414,3,10,3
"369",1.508066403543,0.99991239668588,2.79771482638231,1.45340358402195,2.22059769479151,6.40110393943538,1.09716511227169,3.04097250160487,0.95628606091687,5.40835945493437,2.47313233415,4.7242001104976,2.68619513115561,1.66015380847379,13.3379171836587,4.58787308746436,1.26864689215501,1.50478004336083,2.57028557069581,3.38034165184825,1.93178440368889,1.54798601182755,0.715202584486163,1.74358009192989,1.46014259593853,1.85367057007087,0.422428324701862,4.60210447021087,1.12755973984494,4.66724812252359,3.11952321411984,2.81887372030896,1.75477562945442,2.83763608361299,1.13342709663493,0.157896200743726,4.52084864899949,3.72949008035129,0.684513914397109,13.0442720195413,3.20573378390827,3.07577256400563,5.54997133737454,4.05908022912966,5.9566618700762,3.49953031914089,3.69791399041059,1.52708507593978,3.37470555838235,2.44663424918985,3,10,3
"370",0.78164356595289,2.85208424755325,2.38192069979431,2.64000977677142,3.10319753780614,6.77711747111097,3.4560008335146,1.95233673399077,1.37375245539898,5.50881829417124,13.6231947659248,5.08047499761274,2.84650056282071,2.12328764138784,6.28136920167544,5.72104584978969,2.39875333201584,0.40147523976666,4.35338791695329,4.81429945018008,1.11520372257709,3.55666258184446,1.80389919240312,2.3263865270998,2.40730451126095,3.54776741246897,1.64015405304231,1.74036707904316,1.08721401522344,2.42124032669945,1.88878869958133,6.61928783651048,3.80559569130467,3.87899395581332,1.60543120312517,2.07982894026331,1.98993422614848,1.23815886222127,2.83454042323416,1.35095602647435,1.23208610536299,9.26509534538802,1.70228011233955,4.26489917934973,4.20813559307109,4.18319646483616,3.4783246630611,1.11728452186888,0.970784414094156,0.874124923499513,3,10,3
"371",1.63353699424972,1.73934198865266,2.26410152638421,1.58572128140488,3.31354930786073,2.52333884617648,1.88429194536037,3.12106499753742,1.69377854520955,3.31155301533623,4.94092769778803,4.36689476326831,3.26880827189699,1.33154004594807,10.5038045074695,4.58097656459068,1.84585572629979,1.99961518789189,36.1508064290789,6.16632715429241,3.81308009533911,1.75920701209037,0.94412866620785,2.71993020328695,2.84789295704073,2.5410678152132,0.878544526624027,4.25711549724538,1.46416231307161,2.05096927648119,0.753127284916846,8.68801802783122,2.95966584401084,2.03099653503176,2.59127509071285,1.41943660040853,1.48510219145837,1.20955015479352,1.98857690217975,1.57971720167941,1.05978090076546,3.662014951824,1.68147832067119,7.01645876163724,4.03677929546979,2.9036402188937,3.24442606582036,2.35176180520976,2.04279409665653,2.03087245469048,3,10,3
"372",1.14579854332217,1.95502585407561,4.06383386447457,1.93271451311513,3.25170566038502,4.47152346620823,5.52878531049682,1.44068555360218,1.97253996224402,5.42281485756441,0.825434333574183,3.42296539653521,2.86693103256717,1.51497061712393,4.45605827046275,5.86737730655218,1.91707671944927,2.84637645641263,4.26273831550633,12.3605315849129,1.51939754195794,2.66708533724371,1.46224397022481,7.96343566669945,4.25049186315982,3.59499143690572,2.92284629620332,1.31865776331733,0.794928949484488,2.57189133387421,0.928413862769165,2.15570750474097,1.28318361783462,4.80114051316385,1.91805950787318,2.05155485272685,0.748128124610025,1.93521103674229,4.34055296794202,0.730193909182096,1.72844008874542,3.21781166329136,4.67678625443027,6.7779423853223,6.69769493782782,3.68056427572494,3.72155547875415,0.768698501913888,3.47795999271792,2.30544461541802,3,10,3
"373",2.70066977663059,2.96607358669945,2.04362340563724,2.80105152529618,2.26999411165467,1.65681612412896,1.12003678199829,1.00645236283293,2.27707095542656,2.94109544405162,3.55905327803316,2.74238997829022,4.4370882653154,1.24578075470896,3.7359438320504,1.85126353498109,0.797195644420916,2.43325856463342,2.19509546874752,10.6399298944095,2.41700477330265,2.6141425368545,0.810896620069471,2.71285804102457,4.36253206738062,3.95206017603578,1.50843304566274,2.17562054102756,4.70055302274351,1.3901191296818,0.595150208309589,1.4880290735637,3.74054865200239,0.682600880095092,1.53041188452541,3.9873418736633,2.32143271524226,2.447879775525,3.39942889866743,1.79319433754154,1.52271786907424,2.59298163333802,2.94790905082008,8.15435557610434,1.42403165190591,1.36507496617959,8.41221610669349,1.12805178371015,2.45150854308205,1.12534853203629,3,10,3
"374",3.28745895457865,5.92952077766948,0.960364234097325,2.21615413087335,4.8104342479443,2.95550622309317,3.18081781714543,1.93407771570061,1.80238273451923,5.32888178030938,0.834681790841318,5.14269415554585,0.860108440844243,3.7090831916183,2.60877171878644,4.03545685922535,1.52871996735865,0.995493214680315,2.3167877143414,4.53936491715719,2.41253005020196,3.00738099568517,2.37154991415226,3.17403212565026,0.818389562046958,2.2565408265513,1.01968468766394,4.57273904544356,0.721077244219252,2.43939980228249,1.61770113146061,4.827807733469,3.0080463482928,3.67526804844437,1.16865088259091,2.00622992676622,2.03206496083056,3.51522593420332,1.22184007341661,1.27871435278728,2.42282895000531,1.75683541579704,1.67014024840919,0.80431476514625,1.96995595024042,6.40515076362318,5.4254304098277,1.6763673964751,1.65305671457839,16.4043593286744,3,10,3
"375",2.0201364314026,0.61134033642535,8.48402985383196,2.57297389466524,3.1912802893959,4.10123230374245,2.93683047850412,1.79581388410807,0.995732202400473,2.32898119187821,3.18775962786815,2.46918015278853,0.992946838132668,3.04081904256342,3.58860332690301,8.86750119421304,0.713089298001039,1.91215549880599,2.7058211677368,4.74911735451771,1.97073717377221,4.03240031190249,0.638410440172093,2.02299145355602,3.95826656964094,5.26173145301917,2.53703607537494,2.89829160022283,7.10264981231813,17.664504400434,3.65933842011297,3.22375173168491,11.5211380774807,3.45081986764099,1.59103028415192,2.31091278940036,4.34811231137315,3.01146065588954,4.72436301029916,0.643583404419019,3.14120198669035,2.26736488410797,5.49503617452204,4.50387327299716,3.2294954624084,2.36682103670632,2.4572246929691,0.336872025036508,1.57836423049124,1.62285379739711,3,10,3
"376",0.882968734694892,1.32181887452744,1.30223600892972,2.25103145523553,7.29137336101755,2.63726463314664,5.85469558901656,2.94503556742771,1.9143607160193,5.67941015302038,1.65675646651314,3.30125891853745,4.18374306718017,4.02518307522757,3.80602436630751,14.3391732186188,2.0463762871749,0.654660853957007,5.37299281466142,10.1583165373635,3.26691686459362,2.60367759073839,1.42816546590495,4.36148151972604,1.66770642799449,2.67111223241112,0.973108169362893,2.96747631069972,1.41311949662888,1.79206166299999,0.219524079442196,5.32088288983834,3.85253478559224,2.58558488906873,1.69027578980976,2.13159267898391,6.92703344690139,4.48655239619981,0.729788291729773,1.1940582175916,1.38612058689603,3.96228145597043,3.41379369260662,1.16684509001721,3.75489644169265,1.9882703627654,2.62345041666589,0.468230907200775,1.92049993358667,3.60047637927168,3,10,3
"377",2.5739701753298,2.59237754382923,2.71489174976746,1.02388677344924,2.39330225072926,9.17868199385404,3.05811494659818,3.35150595456057,0.968969683880868,7.96801325260629,10.303789058259,4.21526483759833,5.63614113826959,1.07581212326185,1.92492007076156,3.87676209716749,1.41414908614194,0.642805465951476,4.26715616605947,1.34610737983073,1.78923163284631,2.36566237684642,0.92544972101173,12.0647225373362,2.04179192393308,1.2478039821086,0.258310546735469,2.32868613845232,1.00178747138386,4.62581341258155,1.47825999669036,3.7103723474978,5.25149861194757,10.6425149663144,0.556961368683854,4.96129521868978,10.8033356377985,3.72582242211219,1.42155507303874,5.14288436499649,7.88816208233435,2.30158371887299,4.2820671868504,1.61029399091463,4.18506107202451,7.72779037268021,9.13337600674493,1.830100623182,2.22472468255656,6.58727238633262,3,10,3
"378",0.976091362963795,4.69390050913518,3.4265260287748,1.68826987314982,3.38784538768247,1.44225557692268,4.50360024428515,1.42875398095104,2.47507539432015,3.28013680732696,9.9971857986354,10.4856925097428,0.86695272382123,2.04940571206971,4.8057799065976,4.13997895905639,1.47241545193836,1.03967386857258,6.40204510571536,15.9163300727155,1.58542619278658,3.75176677786008,1.14828769063927,4.4533449282721,1.22903986538419,2.39838106228308,0.694094194124895,1.68007495441451,2.36981658937851,4.67561463296526,2.32662478003586,6.35449180565829,3.18761374605056,6.25471826991998,0.468389878637355,2.3597215146423,4.15114821015007,2.13103168988036,1.32768582683198,1.90605201168711,3.57143677245332,2.97013514441393,2.57091207337634,2.38582932693718,4.96314499103723,4.28343532307988,4.01287499296644,0.446422536115126,2.97593822515395,2.58422311698739,3,10,3
"379",0.637655348568883,0.995892262844183,8.8950455226958,2.72472257721005,4.50718832706947,2.42035923379403,2.96288082095453,1.90949761202392,0.448109288848026,3.31155897846237,3.04186267413022,3.77150310227318,3.50400943092029,1.22813790444412,1.6567431338285,4.59126117092309,1.44336939604149,1.12543233174379,7.81295995931597,26.7686874060643,1.99561691795712,3.20970806399845,1.51247798444033,4.45895326291333,4.26042102179171,1.83463014117605,1.35737877167292,1.7200771603109,1.3092587206678,3.76368941393535,4.93814152177789,2.62968839294788,6.99222073061694,1.72980507212137,2.22433890943117,1.37946022586241,1.851300503634,4.66179793060255,3.37674612120812,6.07516796755193,3.40464027344113,1.56349672411515,1.26299218997312,4.23918113356221,2.40252203132686,2.77006985855387,4.06469793889368,1.75032493291397,0.954490210093107,6.56537054442664,3,10,3
"380",1.70557467118419,3.38966965233108,3.07983714369392,1.72145994304924,6.1031626684641,15.0039346049179,1.27976189584404,2.72209909584457,2.44930858910091,1.59483285834343,3.15718175030979,4.53435163196181,2.29755113035187,1.56408030969914,3.93651407098252,7.54728744091881,1.14128268146811,2.10705519579595,0.853977745146662,2.59888026264902,1.2420583980497,4.1847994067659,0.53547234013972,3.47373867711996,2.05491955958312,2.84282790560764,1.4534208583562,2.83236907682162,0.861913074959029,6.30299453842212,0.196239670727945,2.6346232373553,2.67175789161217,8.52929760101865,3.07044116871454,2.41577399612016,1.11945886909319,5.90610463285132,1.91738511083101,8.47774974675015,0.863845687081787,2.6587854370571,3.76497496801656,3.39363663351831,3.48760267126569,1.65537554585175,4.64260608868818,1.85482779608503,3.21476387985813,5.15908762085177,3,10,3
"381",2.85145491280328,3.95470977726277,5.75643442678692,2.23559014983557,3.13331674106118,2.86997652788877,2.32291255989908,2.27722980646817,1.16872973074555,2.44480189459729,13.4944145960109,5.9349920999863,0.310779536579519,2.41042385230315,2.763029901482,3.89815355989398,1.26002457562451,1.74284630304203,6.97296736498618,2.47533196515845,2.07271503395628,2.16103160308341,1.36029341415549,3.94109431494113,3.80244999292081,4.40973095219218,1.4216496277601,3.93107418449773,3.69971126595265,2.7731934501981,2.48136163790989,3.56405764315467,3.86657629732989,14.9009617509197,1.65220485290378,1.43570366316991,0.963632588571071,4.37982104153422,2.03083641525972,0.806399388938851,4.21850982594571,2.99979879452398,4.96286525119286,3.17270664459131,4.14303214205083,0.820332171323386,6.66731093898116,0.876618931763686,1.39183395372172,5.39391073848288,3,10,3
"382",1.55137471040322,5.11598126079354,1.65240281689608,1.33972097031063,2.39626730223516,7.21210502232743,8.57996126198848,2.78218756886528,1.06896304283677,10.6607432464954,2.11840671607552,9.73111602122242,3.62526382263827,1.92019885315881,13.084272188164,2.90844765545298,2.23179763724016,2.79893430002048,6.66224498937181,4.19204493451586,2.41609400644891,1.58737001992747,1.56715309113968,6.66793860103618,2.23396486397181,2.95682346863082,0.966136471267666,3.28539833630864,1.43300085043807,4.26145722859348,4.19378546201387,3.99655278954707,3.92518550370874,2.68432858967814,0.768012097072408,3.43928817060857,3.79386537708502,3.85326176817847,2.41265604588741,4.77813081645731,1.53885786621865,5.80855259733972,2.62500050749208,4.22185976877105,1.32614598868793,3.05038215298891,3.01061265949874,0.66760260003123,3.63551575697351,0.758859776177373,3,10,3
"383",1.16464740722219,1.94425473432451,13.6783669410013,1.52818333150608,3.23714629196066,6.87606529701178,3.18181223300621,2.37152431081118,2.13766984961092,5.71118395119517,1.45015528508541,2.8677088523059,1.38789714576893,3.93679779267049,3.96731633597581,5.71328934061054,1.95963393149483,1.00310970072696,2.75453771513878,5.50722867664453,2.15765329923593,2.10366464193188,0.709224697962429,7.19500285110963,0.974293140050795,2.33369919617503,2.01338345423233,0.826037673226919,4.99977129616174,9.29726294797742,4.06704010896496,3.51502155860646,2.89863492981475,10.1152446409952,1.27449117895053,3.04598480275312,2.26402753991987,2.50702214239114,1.17618047209538,4.33511123480339,4.00723808747816,9.70870869961581,3.67611756402056,13.4316943993736,3.95278163381945,3.44993591226387,4.82924516266021,1.40304408887904,2.35621420610177,4.15265766036258,3,10,3
"384",2.25456141083489,1.40933831125625,2.87701777493469,1.48907695557148,2.02610499665454,2.923865545585,4.29889337549049,0.914870333045327,1.33666291800337,10.6841918405483,1.20219069216725,7.36710426514157,1.83580252900215,1.38566475285414,1.6402940781092,4.14579640533255,2.43006655358929,2.84729854845345,5.53027166027343,3.71815352493668,2.14536244073586,2.66009222638029,1.71018011829065,1.89016550442462,6.20495164520946,2.45301044305925,1.74381702531043,2.40422603326979,1.55093699344921,10.9843187020277,0.518315965424546,17.217734441483,2.05809494730648,7.54528601059461,3.12625735473121,5.88065250259253,2.78039679267418,3.81328385115075,2.74172674772909,4.52507616029434,1.18248088230513,6.77594997174175,3.33358192386994,3.02176818340421,6.84768078425842,2.36134923347444,2.3927076552625,0.406856829480965,2.16106125542864,7.53401671871942,3,10,3
"385",0.773416764169913,0.588111284260994,5.33393594997182,1.85008167490523,2.32502281764047,2.00301817327187,3.66576348006774,1.4394399885799,1.86005738947064,34.5555871467932,1.92070537484116,4.02065993965794,5.37884922007103,2.70074339801634,2.17422604047382,2.38308718897962,3.72865782637351,1.03001423446632,8.13906687439484,9.99387012076888,2.56876532331475,3.58015809070639,1.58966669990893,2.64434272645683,5.29491326630696,1.7017789463577,1.61413086662404,2.34322432926169,1.96599969139729,3.55573263983452,1.67751568419525,6.90066292081771,9.00911050910057,1.97901588352862,1.61376909194919,1.02804550146657,2.82014971992733,0.602095646889243,1.34172639141763,1.5475721519248,2.04851209531691,2.57356186211195,3.67826317799686,4.32042030753761,2.11351920377908,8.07475242904018,2.37324724303706,2.85464617983943,1.86446923416091,1.68700388326445,3,10,3
"386",0.776183171781797,0.487523236520761,7.35205919981567,1.56958170777468,3.22818457465799,11.0960872318265,6.01286221778795,0.474235782415914,0.908987846602441,13.4413906832499,1.11947090798546,2.37436070793308,1.00672114165662,2.55165996116062,1.78312449072615,4.6971484889802,1.41800738437957,0.984988746559816,6.3346862648314,1.62033652292724,1.96089228912063,1.85840307877031,2.21563455850848,7.36289679296883,2.89294217831125,1.19181914577201,0.762773230560633,1.38903768448897,3.01968462775072,5.0301727903711,2.65572959235354,8.83321115921261,2.68385134319263,3.54270737608249,2.50915124909347,1.11709139570493,2.68068381615422,1.11342158040411,0.642882204170185,2.47291441362063,1.50990130401746,6.38901373698475,3.34333944586101,7.80390836723963,3.20083272799107,2.71530264627458,6.90682140317669,0.691046993823209,1.77670806480657,9.58536213718964,3,10,3
"387",3.37575725564183,8.62309411186819,1.28646073912804,1.09764170263233,2.43628631659618,3.51513382354113,1.86316647990431,0.963033125599304,1.47108503138912,4.09211358261107,0.982836764422194,8.26836509385579,1.81606433820232,1.27568891751769,3.95522363866317,3.52368292267194,0.791496246897053,1.88145482179486,4.47879232321057,4.87948001007592,3.38223246024765,1.23220821290885,2.47456122042297,2.01885179132612,1.42050349697253,2.48617121920981,1.2618870806158,1.43201109089374,2.44760459457784,2.78831206081867,0.3466768227361,1.59239394917199,2.15419923936327,1.31193448509465,1.42562674172174,5.83859281892859,4.62569287835019,0.833994706071007,1.67952523227697,0.564262880682193,2.93273205472529,4.20354894009849,2.73100937561858,3.8677567011662,8.1945539363891,3.64491334632681,2.27617748154493,1.20843267101496,2.25590977816776,14.0398861378246,3,10,3
"388",2.74612346818913,1.51785544174531,2.27163587493415,2.77284129430219,3.18708145535552,3.1767404376081,3.74093747911401,3.33068360115298,2.18439013474578,9.66298963385373,12.2906900624827,6.77985892270205,1.11990275948889,0.803591840013205,3.47515122907921,3.35645775354769,0.997815490003351,3.5658086755579,1.1123201887117,4.82565420465113,1.84561409757088,3.87604272420953,0.989883449324607,1.94936669726749,2.19040552668322,4.17671830309389,3.97084160440707,1.84207155853255,1.88675802953963,2.97506438381576,0.385665331524848,2.65371819655802,3.76044274781754,4.43103040532728,1.33756860314056,2.45633885904547,1.75668130555727,2.29008298188538,0.420812925196968,1.24418172193615,3.37294687265612,2.97122431289963,4.89024863323003,4.41287090668572,2.52367732916059,3.12890140617918,2.59654262697575,0.281091391248982,1.69111272308222,3.24587542098794,3,10,3
"389",2.41567018483088,1.29475007672483,3.63742456693537,1.26167651636137,4.08415085302213,1.89835243021267,5.05586078874903,2.0661213519563,1.4822202697541,6.65660039200803,1.61065809238643,3.37716580240444,1.25468901217188,1.56239394057525,1.0299162583498,2.67197968800612,1.29391292007115,2.99565405297168,2.13244700698887,2.19322666166697,3.38310376755194,1.47122639128199,1.2759080281856,2.85162798000486,3.70204931872977,2.78517978573527,2.52473243808396,2.36385459411536,1.43523435683038,1.93316237917801,1.47471453683332,3.44720255030951,2.98613789567083,2.57770361057371,0.950645454898949,4.4491419082024,1.80424758060388,4.74931834237311,1.65949966115462,3.80872685455405,3.97227967859738,1.82189023768799,1.77747070639764,1.52249470991992,3.0490278216755,3.90501254994346,2.86539220295785,1.36443918319399,2.08294922959498,2.96968355244862,3,10,3
"390",1.70719534389183,3.74810157898005,2.59480578675395,2.10223456735812,3.37355084166726,3.30763627586627,1.72202186702799,2.94641426135702,0.944176994967655,2.32872506254088,6.95720891750829,5.4543109331248,2.61965166844934,1.08773064188965,3.20401317427863,6.49208853149622,1.73293038905044,1.44130413810207,9.4595370912213,7.42158142380115,2.96303524645212,5.26141756954658,1.69539065183491,4.05431475574847,3.13248353788061,3.91068879583215,3.75328349872944,1.1673408472637,1.3146450036662,3.84757579553213,0.255795135532594,1.67759528939596,3.98528259683887,7.8898107503563,0.534294186923377,0.620127394024364,1.39760852186954,3.09453251228798,3.66147839266919,0.924874690758189,1.02494687031612,3.12204582793992,4.58454205311489,2.52543917829313,4.10434355444209,2.05170699211729,4.08947687960467,1.07402117463757,2.47851396970849,2.37656694554899,3,10,3
"391",0.367847329116959,0.659769265598445,3.02431782130529,1.90812870049035,7.93300978858312,1.32030163967692,8.63116175763459,0.220615768040911,1.59292677030788,7.85696747335929,1.5621916481704,11.1057721468772,0.823810263682347,1.72594678055826,7.44790732238859,2.76384045766151,1.54867710241686,0.246757119908382,2.38135687001146,4.05707269022929,1.12003169401487,1.53132963131233,1.60566254345425,0.809675792909619,2.61204040027004,3.52829185987093,0.956571486851179,1.24685217524876,3.74375691459381,3.09293508740246,1.88345576748907,2.99003284052993,2.96690842847066,5.88427108479889,0.745127809979395,1.39575885176349,1.02587288487616,2.08812524080799,0.226118544022773,3.32455825072492,0.995211675878717,3.65000648661677,2.12203844788176,3.75761033524082,3.95157960266753,2.36731682183618,2.83144188592489,0.554236852139438,1.42779556424778,2.69762117973374,3,10,3
"392",5.97575756431017,3.20968023575245,4.42435376671998,1.73860064056125,6.60647898043955,2.26137818415171,3.22678484168993,0.334784687633588,2.10359754046345,3.6663270467131,3.19690188077202,4.41005883402568,3.32867166248555,5.94429984803483,2.47891657735861,4.1494081758553,1.96035747710711,1.5087782052788,5.09843907972924,3.15772688264176,3.16675633446457,1.57167106934533,1.43850804719014,1.98835108950087,1.63902332748787,3.31065478626677,1.26444432004723,2.5840517601138,0.678785572067213,5.70984672468263,0.418079420103042,4.20547624527769,1.59859137005799,2.19750451448693,1.57389305187133,5.0082103766926,5.48583216479887,3.82726268736978,1.77877551140188,1.05424326896266,0.879523702055429,4.74245323840925,4.55530596523295,2.40127032314896,1.36222767049886,2.06372928476242,2.6278698657075,0.649838979641181,2.0319523851934,4.32541542383658,3,10,3
"393",2.15628045548457,1.36946235788498,4.8293061153237,1.30892714694065,7.39051525386977,9.53143999003291,2.2290989813876,0.968278766972241,1.04095209461451,4.05044793442179,0.75822197838472,3.76804554012998,2.33488890853676,1.06984916507919,1.87444853931857,7.12191990792126,1.85565649394637,2.97220422467112,2.12428466637471,4.34506821261096,3.63198491841264,3.82937296454354,3.0606994075603,3.73885966064984,2.94710242469232,2.60671562948282,1.41244070697614,3.48499337320371,1.76399453110436,5.28658662893683,0.600009203598995,8.8078068916031,4.52844446731461,1.79807969408676,1.69733923770115,7.1397856315891,3.31188992076011,3.04248608282443,0.544599512908937,0.922336674979987,1.32865539961473,5.08042958702852,1.62923180600228,3.03326292288053,4.05050674243136,4.05471205531377,11.8391759915315,1.63298877007286,3.99202883304521,3.01081559605044,3,10,3
"394",1.7532632290338,1.88930397917339,12.0913711297574,2.6269894653762,2.58273350162878,2.40195892384146,1.81604410130173,4.19095466819777,1.54445583105377,3.32242060231042,2.8450535272824,5.46082283132485,1.15029077139449,1.44318093426213,4.32576788929352,3.0617312874759,4.78293205839998,2.4666974161982,4.01466511028297,6.07138204946342,1.5444679659247,2.40984188617816,0.973863866168108,3.43852829225176,2.43120122105606,1.83123593300265,1.96336511687026,3.06751215603371,11.8842735847514,3.64996745737382,2.49854910740393,2.84193809589633,4.17713758635369,3.32368621719507,2.4928428662904,0.915647127894665,2.28356787225844,4.03768541358686,0.514316766270991,2.43215631831428,0.878947207865947,3.88552225371169,1.280733104909,12.482003611215,4.26108641953908,1.82374459664006,3.221551671698,0.647519755344173,3.3103146236021,3.63328711117966,3,10,3
"395",1.94074524587639,3.44234608622555,8.4080624412098,1.88430829896426,3.14672283820399,2.85895961135213,3.23419587591673,3.17469877086718,2.3366475080284,3.39551026603776,4.19443642446236,5.88258898312064,1.92125428589537,1.48185640003236,4.4160152140198,5.29782553892287,2.2739218763126,0.449560301393494,2.96018390565956,11.4307628196813,1.85511398638452,4.03005043960614,1.51217060661725,9.78356262502192,2.83973041278271,6.3117472424061,1.53851254210178,1.11829906061098,2.15112319998771,1.62058622272054,2.10777194880508,2.96978770978485,2.30558872696755,15.8831835275152,1.38385094389025,3.03457461020522,4.07796064488599,4.32782495805646,1.17859668055875,2.38273617153275,1.20858378007157,2.49475755794949,2.18237363130456,6.32401118188652,14.90471656628,2.71945653055541,3.76927855175903,0.538419749238457,1.6416102629668,4.82746793775475,3,10,3
"396",2.14207688745945,1.84219345143286,3.34523271440832,1.48106523876971,2.87278084820217,2.58095457320367,3.69318712564187,3.51174729066898,1.45945462919291,3.80998523208953,2.76819235309976,5.44686582870892,1.45753601259909,1.55575093215926,2.72567425416454,3.6293530187409,1.89173032775064,0.528141246993703,7.15066711218372,6.14465610259014,1.43804245287605,2.32568324273361,0.341168260036446,2.70165227441652,1.66088787379607,3.22685221780106,0.622503185235074,3.27626497116735,1.09331715241148,3.43997138613728,0.0743113042052806,3.24853365005633,2.16833044854459,2.8078890154502,1.79637506361859,1.08478889202987,1.360935242921,3.57282954122781,0.242061568110065,0.828936336107523,1.5535344170471,3.7417878796331,4.75102737869335,3.89730713643241,2.24001107282576,2.17467514362284,4.23741611450554,1.47914332331526,2.21913583790554,10.4788864931343,3,10,3
"397",2.11342361109427,2.10456417824585,2.36550005817121,2.00389881979096,1.97589089006464,2.19921756018314,3.18244342631567,1.27561695252071,1.02357343678827,3.21892948687064,1.0224184545501,3.749282724155,0.502388425386126,1.66117680236998,10.1045810750487,2.40680871771649,3.2408579621289,3.22897885241907,4.01008644391773,9.60504937095443,3.76012576069063,2.86243318141163,0.207690088828474,3.9133091928052,5.95675616531121,3.81096236311779,0.619068288651852,1.27721019579378,0.612311262087756,2.58178080268195,0.812304119385115,3.28683244979072,24.2558596343593,1.5877756250628,2.14206142098547,0.199433570853594,5.00943209666813,5.76937492448111,1.67251064134164,3.0020148253105,1.18835115167771,2.76213009132889,4.12880023739919,4.2594821576864,4.06402900742875,2.0000994094217,2.46238983623529,0.461995152736377,2.48235750620281,3.89546486576603,3,10,3
"398",1.78562823964203,0.753950810288167,1.65119919362801,0.439508234282927,4.75967897481424,3.22628150659517,3.11099375890401,1.6764708703113,0.950296383337607,16.6520937726066,1.4092938039917,19.4037440265374,5.15547217563877,1.67788920315219,1.72498986497514,5.01242088377759,1.94114483136724,3.06216969228249,2.77156660424147,9.26043111864666,2.98318306471445,1.34387780939048,0.317295834670648,2.00816823144186,2.40562652609632,4.51144644850698,0.946001684628597,1.23762366039114,0.844060077255759,3.89607293368388,2.8418804923825,2.71106396441546,5.97442937994233,3.28388672995443,1.11985444312431,1.04213253333797,1.35033040084262,2.54834553376789,2.20600176804046,0.352260503744681,1.85872472239504,5.09972891408256,6.07587773561565,6.28651726049034,2.88624307163277,2.0526824889496,3.55885915024281,0.647797914979126,2.5545720251116,1.25790959985079,3,10,3
"399",2.00979529167154,1.83855620384124,17.083816013816,1.07522431755025,3.06370254342856,2.30113480732409,3.53325880752849,1.33253304996511,2.33479056408375,10.8808211017105,13.9381533710916,13.2126388817854,5.89214971661565,2.76869730215124,3.57190245519812,2.54701934848044,1.81596332736827,2.46601784136424,2.46536978358458,4.71016924278674,0.94492672213787,1.02215149114772,1.38867503068676,2.63285296159887,3.07706960510732,6.0869129202069,1.26862915706407,3.33107507348363,1.8995785632873,1.25196207775686,0.597566383693979,2.69104501814499,4.2889286868108,11.0830186389856,1.3311565633064,0.59830715172726,0.27012860599727,2.49124736848841,1.46604453658999,0.718869015195485,1.07703772737508,3.58922234640121,2.45933977897157,1.74008134644273,1.22512038068997,1.52218501996221,4.11999480952595,2.16027113765995,2.17517213780579,5.34264968784478,3,10,3
"400",1.29320830716533,0.96451229954314,4.08088066733929,2.61185183012813,2.87033541420249,2.28180062388395,1.66595677135908,1.77877448450125,1.46923866733741,9.99557772529543,1.9778703510627,8.83058462220254,0.96931140393268,1.48127369376841,2.73834719677438,3.18023471346286,1.864515564522,2.82611346421923,1.97567865695926,8.72362418960979,1.49451782591398,0.97969876755443,1.11793124845586,2.43253725066246,0.423132487636483,2.07371786694768,4.29490696565876,1.86103126085773,1.680610740959,4.57307176630796,1.02111975624227,6.02700996172701,4.11702922735909,4.70273682152449,2.25585082176898,1.92879717999786,12.2448278149701,3.31594055567494,1.17243414007231,1.29997351590751,1.91275110698863,2.39664920773893,2.98318493597133,7.16410748407499,3.7382317527005,1.94365079006181,4.69429580737282,0.140864683679309,1.85829272431566,1.30838179720948,3,10,3
"401",0.943760115557049,3.10953684207486,3.10647822971734,1.8460245609248,4.18024057778826,2.3563503398216,1.71205307883166,2.64742845210139,0.355793666762807,9.17349218150311,1.86998604408516,3.93998483911273,1.66935273276829,1.36829547785579,1.85825655833631,4.08011013436905,2.57087064399442,1.15466218039428,4.18849824648597,2.31288195847158,2.83872891304466,3.75302530122795,3.34155558451995,2.45337311977195,4.9210839854792,3.47270481288831,1.56519327524052,2.00006426445092,1.25623148338543,5.17183710119139,0.775107721917033,11.5425001229782,1.91080882913491,8.8537583576178,0.539386430751002,3.71070092783273,0.664965313534123,1.93917371301389,0.83397088929699,1.54448539274562,2.07811417065523,2.03491149193429,4.66801769868547,2.55987463769184,2.78430813981493,3.29354378309908,3.16670550997447,0.517749356575295,1.8347375395891,2.04892290718333,3,10,3
"402",8.4183574393688,1.60702564216618,1.541444423734,3.10959025382224,16.59001762179,1.99580437285367,5.26538117681496,1.79888946605719,1.19451139334208,6.34987978759012,4.25572943503192,10.0236754525889,4.69571877759764,1.45146406559105,3.26168226987011,8.77018363932855,2.77219410128211,4.12678708798778,2.66294564786915,5.69482635114361,1.55536110243123,1.82354650786658,1.17700163622188,2.88190529971721,3.08986818670289,2.1011664557333,1.28497099252633,1.04630301536694,1.50716282509562,3.54214719969666,1.65145551695619,2.07635434164196,4.63474692439015,6.51409539487991,1.44386116798537,0.607019454457021,4.98347021064726,1.81629891500501,1.32680966128062,1.78557075705541,1.07865095344326,3.90930236333148,1.9593883886586,16.4994118836869,6.34759983124363,1.63631070018719,6.03547721613201,1.12863916098913,2.14586935123339,1.73372792123248,3,10,3
"403",7.56437035467578,3.66538934063358,3.90103504561961,2.03508055706826,6.66723898562645,3.12785957397933,0.790145089411552,3.15015661326441,1.09156229528791,2.79362214307284,0.775857722428033,3.38361200636326,2.00548967967479,3.34701129920884,3.80274922211638,6.02951745991098,2.7851619384102,2.61120289011189,2.17925156622833,6.82112689913641,2.94157812820367,1.43451128899787,1.69846529180535,3.14568351027222,7.94276251622651,1.81388393371997,2.96622385174948,3.08221827485071,2.48192198750885,4.70492082029002,1.09567203635309,4.55670231174359,4.75889885950643,21.1342540594382,0.743899431624997,4.47163907192023,2.92531691180848,0.991026410260453,0.301488031032698,1.27169408485553,1.81288731511937,4.01777883961851,2.54134853675616,3.74672768208859,4.05253099587588,3.19920818572464,4.20888113699142,1.19186986066181,2.28576761087258,3.12264140846488,3,10,3
"404",2.27523798029967,3.61215453264305,3.08550284900557,1.76008009641635,8.41502224601487,2.50841691510975,4.8106524903647,1.88283668389846,1.25090414667059,10.0029029917698,1.65941930168268,3.14896162496683,3.82376910381261,3.59978824308762,5.70061468275519,5.36351504762153,3.46801122323048,0.927272955084089,2.76439365341257,5.46369502647724,1.13549830706787,1.3381178373355,0.566515247709622,2.05092937906553,3.09677768373087,2.62778529856897,0.314735154684989,4.95077981908992,1.66139204099036,0.885083812429378,0.311757055488798,3.79342861342281,3.5708145110816,11.2585154306055,1.4470189729955,2.61002169619066,3.45687531445512,1.14638934092508,1.14605023029131,1.94989218706132,8.34241979698826,3.22483688191238,6.09488128594325,4.37717708383588,1.55143495831525,1.71781966544525,4.04147651263469,0.360538054154383,1.70686830467772,2.44084999908437,3,10,3
"405",0.593392587616853,2.96458165623369,1.96432112431913,2.17893621477915,4.14625953555081,13.0559450956341,0.912986127261856,2.97915397975065,0.983046423448591,13.2868956197197,9.71478952765875,6.60979899959198,1.83134497412841,2.09468406707056,3.72461343816638,7.37589451750587,0.91448790806207,0.915739328198135,5.72049123044576,8.65170562311499,1.79281386182527,5.06350786726463,0.377189176380222,2.93327820008602,1.87549284164508,2.54547192386433,1.45312808892714,1.14964282185148,9.66810694891064,2.8484186462081,0.889376063347043,1.46453785777997,3.34920824767197,3.23582298845558,1.90901257828148,4.41513980157442,2.70824879976946,6.43634831909732,1.33119027688042,1.8855533806037,2.00118948193668,13.2658103169369,3.71574153434738,2.95249098104446,3.32060996673913,2.14795333770029,2.98486131488605,1.08587954424836,2.26928410359226,3.91696379413568,3,10,3
"406",0.163164245940607,2.58290308341424,2.16000819961975,2.78749495834409,5.27837967274621,4.70552940070109,4.35052468690579,4.06973648741256,0.910879973090287,16.3483952558947,2.41000333932383,4.39064045608383,2.47120045107141,1.06721890777477,1.64697637488377,4.75696113930415,2.25696984533876,1.68245028845946,3.84916384087561,5.1635473248691,0.94290457843683,2.90987681665819,1.95763261295288,6.45853380878761,3.2223901751252,2.68152775617841,0.938980828584807,2.3449688630983,3.31546836461757,0.949818551737349,2.66638739937501,5.96297441167101,4.65540639604279,3.47386124997722,1.69728515671323,1.81817620714068,3.00027719030724,3.97852596650036,0.299762698145061,0.31469001761105,5.5582718198625,1.78039232826675,3.83160382631669,1.04771770392505,3.99500280309087,4.19391918902986,3.7109481560473,1.08650260578343,1.56940262787837,4.11783290419837,3,10,3
"407",0.513953123651961,5.6534507569988,3.55793373459089,2.04338698336,6.61636620151712,2.05731947677005,6.64822817075486,2.21065258084078,1.40199338219088,2.91449964459053,2.29727224619606,6.09478088912375,6.44578502502641,4.09458679957848,1.61269125536369,9.1681195633657,0.86883451039264,3.7997581512391,1.00642018596006,3.73333481883082,1.86732401647069,1.70633888713168,2.74000745764417,2.89089817710935,1.4928422588587,1.59477169451395,0.532738262275806,1.75172967259185,0.997164866696711,4.17232741497023,2.15401942874261,7.12695143159299,2.76507618955382,6.78882316996703,2.05163611515335,4.38970169676869,4.43015103388081,3.04216870043239,4.06412953762867,1.19868510679397,2.01933273010545,7.52257164125211,2.60568792618813,5.34322389784402,1.29716502514561,4.27832036168884,17.9500079197763,0.640265280255035,1.35963693517361,5.14394862419139,3,10,3
"408",0.755160842907404,2.64846117554811,2.27170496968747,2.05379396124015,3.82963589252808,1.95611846090173,3.62926461927495,4.8564200543518,2.30621964355325,2.38233047904073,2.33822502918717,7.57644098184693,6.19703314898215,3.88439739327711,2.07192500099783,4.04333724171968,1.46236578036458,1.74119321602938,8.28804717219687,5.01795891352986,0.402848420081803,4.41513154204244,1.0497222468764,10.122136385684,0.409279457636552,2.53790455106991,1.18776649007597,1.96636899574023,1.11886208311223,1.35227230394723,1.67233239894878,2.17190361916356,6.15461530132082,1.37582133716038,1.29761680962506,2.41235398439445,9.80898307156191,2.76742224702909,0.537253398734305,0.600254099550092,0.867723162432409,2.45395220489069,3.42230589242931,7.0772279421039,3.45425875192249,1.07395971370256,2.20659532540893,1.84294857707688,2.44357512262183,3.13846501672992,3,10,3
"409",1.91592337082616,10.6966449945669,2.16054688502907,1.28329019200575,2.92780151689175,1.83211885001531,4.8951331345517,2.59866567446531,1.13370476452202,8.96657497373621,4.61290379365485,13.6030063154592,5.16665672279681,3.04525285029454,1.02320770386801,5.14241707398797,1.62084359168235,0.79694059742049,2.68212884195626,3.30254180797823,2.42270213391742,2.91079312617695,0.600258045445416,2.02539905707423,1.30802144631293,2.15463342029985,1.28956121832983,2.77033226004359,0.701100758675356,1.32545094590702,3.99176107244648,4.90185693118134,1.8686198114562,3.75349114956513,2.09455125085095,1.41354089463774,4.63232578273155,2.24789597736181,1.58352162086168,0.729161633642636,2.10133075420168,2.52524500081134,4.16557873256533,2.4435964044826,2.62494475399467,3.93946530355742,2.31700317416931,1.71615502890896,2.91098766933376,1.08196034177607,3,10,3
"410",1.52098886530458,3.14976315529963,3.07148625970649,2.28750743374335,2.09319799206956,2.0650455037017,5.6881360466834,2.66476512884494,1.87293782122149,2.07177945227022,4.13249760593635,18.4690473127484,2.47871166475767,0.704389254870087,2.76634575237729,3.22755485218473,1.58577884449102,2.01726117028589,3.68121401980392,6.98118549539026,2.86524971860559,1.6002304204222,3.37832268238313,2.88396047670331,1.68474159419439,4.7306491501527,1.34042575750219,3.33246604399285,0.536907519807335,5.52930296060788,0.911974290399378,0.763771525375823,2.04869481777396,7.26022607751783,2.16758814429379,4.81175252737757,0.279223432057478,2.11953391769314,1.37747078548584,2.51113008189693,1.22415605810983,3.20626013569656,2.9759549526007,4.31865177893607,8.24244499535213,1.75368801689076,1.79786768889971,0.493805741183115,2.57642844701237,2.9221453422938,3,10,3
"411",3.69650606742965,0.97468996884468,2.88821058250557,2.47581692817246,2.63659924752605,4.22507086624025,4.15739407142407,2.38824773289487,1.26980450965415,1.67094527038605,9.18982353536028,19.6183626404371,1.26682714291637,1.4503429379142,4.3480569056812,6.73080127859523,3.61634836003915,0.924968981291631,6.6995229914253,4.1918094259176,1.90868508617007,2.42525220239154,1.33703884025835,2.43218975787053,4.0565435233222,3.28009846266875,1.39266749082857,4.03145227856187,1.24127709384527,3.5753395884648,4.11339381335042,2.3612257215652,2.39709641742764,5.23822530265427,1.32160378611669,2.81480415648463,2.63617440866756,4.4941894319727,1.86769852400132,1.43861505036702,2.83751705626857,5.06513239970088,0.726593314446304,4.24908131137421,2.32050747425392,2.07941646096404,3.26972813113257,0.435042769379702,2.03795338681149,15.0162817606351,3,10,3
"412",1.56783351662134,3.11789943710099,1.86463843844613,1.52566688746572,10.1956683305917,2.06859911440043,5.25006171226309,0.270438821261761,1.2266710476124,4.00512643025813,3.09512268386833,5.09553176102235,1.70711740963407,3.34071726289422,4.92340379926695,4.70370755746221,3.40347793449798,2.19161177453254,4.14242967640949,3.40274053932858,1.60994400724967,1.97941873071746,2.94703328000905,3.33310910095778,2.89612654858023,1.51146952910637,2.20922932098695,0.973873587469401,1.25953583936534,25.7591562600036,0.600906460190768,4.05812534967798,3.35052523883444,2.22145967600133,0.451486221610355,2.99395290227551,1.25316432827666,2.02428322006491,1.90033390643224,1.28208583445622,0.899517971925652,7.31533948137889,5.72370932159796,7.97277071174728,2.71033237371034,1.34632581030436,3.05598869087089,1.19751139474834,1.72343964998256,4.13653426049101,3,10,3
"413",1.33337878509067,2.28577013579095,2.03682984949858,2.386730889703,12.7218542810714,4.59137708357186,1.88566753340637,2.61988083755356,1.93801310506197,11.591035012498,1.63449565273634,1.34036844543333,1.50850803233294,3.13819139908233,3.37685964508429,3.26261142477626,1.06727584871299,0.333373353225109,4.124006488818,7.40790214675851,1.12025321452043,1.92734990904175,1.40433990895459,2.21067776487828,5.51526180383136,3.15148695100715,0.497038957755342,1.39252524444641,0.742304553556229,4.9765461076815,0.781782724919332,4.2427539624116,12.2294545475394,2.31715043160002,1.79119557651497,1.51324495871882,0.937928592995142,4.62546708627767,0.802834515039094,0.707536891531532,4.23182705071955,1.48756682898457,5.86157985982839,2.4144068992422,7.78594177195565,2.06779928437064,2.65002993209732,0.53780807763587,1.46082058504345,3.4332255493837,3,10,3
"414",1.74597172092767,4.27349597539813,24.0661949139791,2.51288263103131,9.5166968830073,1.4906394011541,4.99229959910248,2.2146917555558,1.45451372842326,7.13950285335716,1.29830815360794,4.67653306362893,2.71017206501626,1.96999322750205,5.11889644100421,2.56069522105105,1.04655052854473,0.437515586987068,6.88809533349133,2.19540441948882,2.12544742225071,3.08064000523546,1.70331214047925,3.90672424331531,2.82322660848859,1.63342586740077,4.13444802717359,1.68778691685964,1.79310302470439,3.22928944787991,3.32102493603951,2.01338481956706,4.62672565256239,1.34714028076588,1.63707077318773,2.27946551567544,4.13519883839627,1.59903798250728,2.35801447926852,1.3965667724916,1.22371229539322,2.95991069691605,3.64803214760268,3.13225892286767,6.54622577730849,1.69827337359059,3.97943525942975,0.482606455841428,1.81944862349458,4.48258652678528,3,10,3
"415",4.41983106688452,0.938673823576807,1.8621433708682,2.07859581258954,2.76951227352797,2.55748816213248,1.76047431077834,4.75273853050776,2.36086002972143,2.63283605218919,4.07856377473262,3.04873650585385,0.249966662436495,1.0710122435598,3.45773294028026,3.06329512123517,0.175099246585314,0.302866588343019,4.1790443262589,4.83356447513204,1.83950345859087,2.63029975792201,0.574842923986268,2.16370135353939,1.2436116806683,3.35236857496989,1.81700491644283,2.30286542757131,2.08849106647102,6.11845936446591,0.596381769879223,3.42841026905005,3.07343792485702,11.9149283489268,0.315443451169419,1.05701377328901,4.85177261815819,3.55414434878622,1.91042374568185,10.6615598327646,5.69636135752934,3.59901459887884,3.02842734976766,1.66134196265008,2.36608535752802,1.69500395527394,4.65550058914279,1.67201779393065,2.23792749697846,1.28406170057166,3,10,3
"416",2.29792521350993,4.51220289676162,1.89480551119595,2.94172092435065,2.65434504484466,4.04674218776031,4.06454785543391,3.92923365824746,1.12752755826824,2.48748911388091,6.80321322081641,4.26636736755344,3.10707777130417,1.05853293908321,3.63968150904368,8.23647728057642,1.39593233234105,1.14990925318484,3.41771438654899,14.4556908788255,3.07331167664301,1.96355398868461,0.701827853831138,2.35978117321754,2.74173200463374,1.17472530325159,1.42241561982079,2.701194757834,1.68521347998506,2.61081900339379,2.16122172514733,1.67879149095228,9.37867440226038,19.1605334807591,0.715812331766732,1.67254696926353,0.23723103998226,3.22230863935111,1.21518435445744,4.03766973139361,1.62054276249235,2.91902169205236,3.15913920981837,2.23366600170318,4.0606985969561,3.62401599962255,2.86568641156796,1.65496328904514,2.34916680855912,4.26156847880364,3,10,3
"417",1.46666381122723,0.783390557018673,1.76106089741102,2.87746040512807,4.60980755803334,1.97435539854591,1.22408300469107,0.990706956864873,1.7999439061352,19.5694164508039,7.81988547471345,2.24319240836497,2.0341155342947,2.57380879938544,7.92704211433439,4.14527149496018,1.58751609056652,2.34304432049384,3.07725987412706,2.18489803366438,1.21553997871867,1.70454266096509,3.0935141898883,1.9166884941625,1.61111828050554,4.47198958641615,0.541348917439126,3.1335400149954,0.459548942103586,1.92875958981417,1.14848045359094,3.4303987056644,15.3095634979777,2.2555096704945,1.16192132726224,4.12099009272292,2.48704888717267,4.13405979768481,0.721303005617395,1.78591897360834,2.02947128932748,2.28317128940851,6.09474740999261,2.45838576179827,4.519879420253,2.94259569274046,3.54634744337676,1.64591283747773,1.40848704145004,1.40116719392956,3,10,3
"418",3.95873512797032,2.25648639474721,4.58206096495772,1.55957694326342,3.57988462232749,3.69089596881085,8.60302479608975,2.26214844415225,1.87332259555584,10.75009518845,2.56090721256656,4.94298125946117,0.606024858022545,2.14535596690848,3.40036275479007,4.05386809277427,1.04063425116739,1.08639333926126,2.67359275350345,3.77720187478734,2.54491000524541,1.88966230032113,0.258123529619365,2.52807586656941,2.64946510213354,3.05908168877305,1.52351266680641,1.27390796033654,1.5802733060431,9.49729664899384,0.931336001928347,1.75160997686053,2.29185749628461,2.79113431613925,3.94756243603478,3.17351666320839,2.4091589892372,3.52108378761381,1.67643553476593,1.97993937449613,12.3807206521902,6.87401319338366,1.88553363345298,1.12357835034233,2.78003547537242,3.16339472907359,1.97047725432046,0.485301974807327,2.01492872649274,3.31300248765393,3,10,3
"419",4.76367218077536,2.87719881374641,2.89056622960099,0.839153876766118,2.94834661837661,0.837842699592814,5.80134487312704,1.29460917773669,2.63319176945176,5.47841873555267,2.58674668825798,4.52333391883448,5.26037087701288,2.24053114539454,3.67859159980926,6.99146780212564,0.630865417836375,1.32915794918766,5.70453099045398,8.27834407678975,2.23284219808467,3.55018440451258,0.147580170080597,3.71332007765974,2.71240051849629,4.46545092081131,1.31254105062127,1.80920020286174,0.732417415157679,2.97477822118827,1.53225342565104,6.05253557681235,2.98461702738528,10.0667155970779,1.14048369490234,6.35400950739911,3.3846508450057,1.73264250104331,2.49497817330499,3.64531878385948,1.8805579892684,9.28611675437455,3.89331528305391,2.30892547056901,2.42499100123673,7.11034564171921,2.54770738144163,0.343517878768703,2.72699967277281,11.5008734113745,3,10,3
"420",1.00787908480523,1.62099980782214,1.55966314831875,1.56807636462021,3.59567746381318,3.77805972395139,4.79090698042456,2.81417879744273,1.57801461964178,5.02528228606948,0.768947849323903,3.65140985947584,4.91022201531368,0.439621008840378,4.20550552926632,3.15219083007833,2.40357061579442,0.387615710062533,3.27777561059326,5.26316628027179,1.80837693116919,3.42609052438438,0.735860896240026,3.2259896649828,1.37118442126882,4.12969582546633,1.97841071153764,2.64532548468856,0.786226861948758,4.37515445470377,1.00207717055168,4.56268960369004,21.204040021471,4.34122834505478,1.34999260245232,3.53854557265058,2.68799361316708,0.604810853228866,1.49046876264369,1.41789428852286,1.01134464553412,5.85297967879401,3.61980701209507,4.29962840206802,4.69633798651894,3.34604868158488,5.52805531041495,1.87467937655643,1.17523801699801,3.81666464139155,3,10,3
"421",1.79996537914073,2.78054413554584,3.96350655119288,1.5906733950828,2.97435988995177,5.51123777566632,5.01119847040108,2.5279007994517,1.89279110758167,13.100365863173,18.0783451071671,10.5194496149738,1.59494917964908,1.86096240076383,5.20950093865665,4.70084466866661,0.834161526160675,1.23215852031072,7.77087906386853,6.37401186116234,2.10827074604784,1.77594581762559,0.738875194010616,3.1530714136847,3.21827423073014,2.5550258040594,0.953677417163986,2.93259726645333,3.8988091835186,5.57483993037863,2.44752709415645,1.65020378760999,5.42072297012418,3.47933297109083,1.14288042593336,6.62657851816476,3.38960724242821,3.44415306854609,1.7468555887512,1.75116127458493,1.40914650487528,2.32106847544257,3.84077685046905,10.1835178129149,2.1415219425914,1.89087618946859,10.4338520233784,1.15963935749792,2.99375069620716,7.24382546019821,3,10,3
"422",1.34628427098069,2.7367635840992,5.47473244847563,2.22428325760647,3.91768752604807,2.09280660438132,3.54390729676663,1.38004317101902,3.00739415133624,7.09397428759044,1.67951619285646,3.52225416036345,2.29661806454925,3.73608222300211,4.56416274563339,6.38429171900409,1.43400165370727,2.46325747023544,4.0169984280845,4.78521943214842,1.09463253849637,4.41494813738108,2.11996099015392,3.40065691244228,1.87452056924196,2.50504492049859,0.927188431590011,2.47924829905848,1.55808248317466,3.15411387170436,3.40885114065782,4.47086302111942,5.50456774189393,6.1756066039358,2.38542680518712,3.0312356521365,0.701027809800158,2.94126417686434,1.28324626587636,0.742391311556581,1.44693689294287,2.47490423621274,3.81737571849229,20.6485131787333,7.31004569384018,1.43536666890367,3.73364407636075,0.400002399237265,1.32749521281989,1.30817902070551,3,10,3
"423",1.20855586075939,1.92896539525032,2.61010165010426,2.2410345872693,6.88929571093754,2.233586452412,3.75580684831258,2.79256154512907,1.04649326638228,21.8265400132469,3.90212460299358,3.36383596152196,0.319651445380421,2.03419261004765,1.86799057371515,5.81926838866794,2.08424602103505,3.18439564276097,4.78312592828708,2.09947310883609,0.81801236117296,4.98367596178588,1.08374488751006,5.66341376522408,2.82811495345297,1.50771474334756,0.888395049040927,1.05259608495699,0.997801997138757,5.18441495683436,1.8303309343649,6.91712061451784,2.98111376568506,1.91289895029982,1.35462632547785,2.23529656037391,0.701770109192905,2.15960166929348,0.516686546352857,1.43284502195179,0.744037875386111,3.37154683697305,3.27171724074677,3.08670579335683,1.89637043671353,1.25174994302786,5.21421993049692,1.51247368230861,3.1676571386679,4.08660763116012,3,10,3
"424",2.80275301296549,1.8871969650764,3.39360396077493,1.33658480868483,2.44697765189127,1.8322216856499,3.33729302715518,3.90834386375009,0.942452657478047,8.25832346108952,2.211063122003,6.35555132996727,2.63681718452468,2.37373517924515,2.47479104949258,5.20197791452631,1.57988001914553,3.36699454086158,3.0911847680736,7.62334281809065,1.21009334218667,1.83067433650191,0.925842674843917,3.06730911450299,2.45199530440358,3.82349571670304,2.23744291921177,3.01519063422121,2.68501076371903,4.62217609412557,0.756306823708964,3.62464623114316,2.63320493497231,1.4634400923286,0.728938677532632,1.06089413597428,0.731616896433186,4.28553503276612,0.866805655526476,6.54771863181721,2.87582305814141,4.72200323657195,3.53645258316829,3.13501564090714,17.2876359072645,1.75276530494632,3.39672899460173,0.73350456491859,2.59919021996578,2.20823394118777,3,10,3
"425",5.77265631169238,1.47780421436261,2.28551809879238,2.02644965384915,5.42286448145122,2.36447383193575,2.32823512634591,1.81346721358323,1.80431268400465,5.83992520330067,1.93498521681002,4.2153283349018,3.25002763946727,6.63236172364719,14.9488021484448,6.29200962473627,3.6152243879192,3.58787973128859,37.2296478443269,5.94160567539222,1.48252665308784,3.29983867505742,1.48269738296165,5.22869450824456,3.07740412468538,3.07655909433532,1.9336121022685,1.73121154253201,1.55534099248269,3.42367132526865,3.28995454732478,4.87328118326218,4.82628995007271,29.5689033086457,1.32841857464229,0.509236407220982,0.446605653040853,2.95786096968704,2.08782098262702,2.875541308542,1.58113295024812,5.42942100025178,2.60249421256643,3.67211974887619,2.76377325137944,4.62239485729666,3.51489906633226,0.26399669056205,2.9893342145848,2.5029326925796,3,10,3
"426",1.13651224976501,4.18770389705972,1.4203007837718,2.26747454894557,3.13348527258186,3.75810569918556,8.67702793123393,3.317714288972,0.970925084075796,2.57067646766444,1.75946483084858,5.73208664413023,4.84304762883045,0.880748145297683,3.40537066100105,11.4591612428961,0.468137461633496,2.02952033375685,1.57754674696724,2.32956355296235,0.9777899712236,2.54807759718006,0.50392904123013,11.6988657267053,0.857627382426263,2.56254482040386,1.75649240449511,4.36249691446656,1.53645168323443,2.74073120125651,0.687066073385501,4.81520895181819,2.34773702556177,1.50227371784138,2.80724579524857,2.04869129489586,5.20067928751719,3.85141442597599,2.03639895799599,0.713020899596147,1.1288390712266,3.64673660610181,5.68560266834102,1.86661796462933,6.94354632790491,5.64973424643587,1.35370827278992,1.95861717530828,2.26671902204849,3.98040769950265,3,10,3
"427",12.0521709261016,2.13737828316268,1.82408345931696,1.2224504053534,3.90939100166345,8.58692686066527,0.789993967777606,2.52922435605701,1.19739298743053,10.173722627884,0.812904599082543,9.81119612224374,2.09072271487617,9.39130472990876,2.06089178067506,2.21398460189563,1.47664272351906,0.995482156062023,3.19562200770808,2.29788854897439,0.808163579565757,3.41691267289364,1.28518602035088,2.27446148473672,1.34744338930233,3.67938995434608,1.73721285842298,2.41446844553809,4.75249362227237,1.51320525041286,1.31208558715054,3.4883709453894,4.893483499788,7.35866311743372,1.53466975099361,3.45440587853453,0.616624044202757,2.37560131171852,1.4045780996117,5.754006846385,2.4834497947967,2.94735074978182,7.71186357333377,4.35534752251603,5.81205692552313,2.92560753072665,3.87315375289016,0.573944159889378,1.40012929439439,1.90007103451451,3,10,3
"428",7.84579694921167,3.98195032796147,3.43710795556174,1.46721411995194,4.9869787308367,7.92036588092574,4.33258824868076,1.00397787484835,1.28940256705175,2.78826964730223,4.8936563785886,7.05663027681578,3.95060348212827,0.827319348996851,2.26208896902282,3.72424716616006,1.26307140192605,2.03250242923458,8.91890158221232,6.29397440723529,3.45977025754385,2.44791435197616,1.3569890779354,0.517340247501679,2.24037491245996,1.4704596351288,1.22325936871057,1.9267403870988,7.29029016229863,6.19819602848742,2.63982449005432,7.64080395420079,2.77297555143965,5.32492184147212,1.20371983776156,1.31000802847758,2.22896947558587,2.60986113549544,1.95969998763726,17.0528233477788,0.852522335160877,3.51155555116154,4.7266902349001,5.0180620183155,5.19782327206729,1.76623722754381,2.75949418402246,1.04491816807966,1.56160314615371,13.2272701304534,3,10,3
"429",1.44043230035655,9.58815910358017,1.50603294632507,1.58220279315054,2.10473418306422,2.33549500276901,0.435961695278138,4.06040370887878,2.28207769175476,4.74475590289406,2.65298180549459,13.2613583005638,2.47105536683298,3.14915394418692,3.32239365273829,3.20517821506559,1.89899522021637,2.4295078812084,1.40805850143238,4.0693348799792,1.66709976408909,2.77679064871412,0.827583632658973,7.4257170148128,3.8702417419017,2.50621301205403,1.69605272654,1.16320296726075,2.55831090697216,2.14129209016006,1.03184513912652,1.69344617197752,2.94206892081365,8.83837469015531,1.12345345476546,0.722687481730197,1.66136780703661,2.51890277620596,0.892478011550803,0.411213590921954,1.07937972500723,2.01063516897079,5.42436268848942,4.4240416633381,5.31687472135475,3.71775832960038,3.28918890227425,0.434154479922755,4.28403403966874,2.18776533153584,3,10,3
"430",0.592895308568751,1.49167591956888,4.41657772201775,2.42204940197421,3.1170609666738,3.4395234807366,1.3376163895931,2.92510002852455,0.542167399049548,13.937076438401,7.78537754024775,3.37991839539455,5.43205173031892,1.38369406682894,3.06762312825674,1.92935771197531,1.14649326878706,1.25101335673975,0.696792633461676,19.0074949464527,2.24885863802606,3.47570697442799,0.207161750875141,7.24720810644042,2.89226384329173,2.0905008626658,1.3911226887235,2.67184963986758,2.51484717337621,1.63104650573033,2.73318158685694,2.23625720455581,4.70711882643473,19.3603229300711,1.40173428526241,1.52228372963034,2.22105599891834,2.51113318679351,2.86019232251859,4.35416598503678,1.37033204227583,2.59636086069843,5.12572185309178,47.9631427019903,11.3356113189046,2.61200455165328,3.99654330009126,1.8143353802392,2.42109521499895,4.13189441890524,3,10,3
"431",2.24276658283778,0.845673910948073,5.84040527825541,1.70358231141037,7.7041662686254,5.93627391701693,0.828574965707754,4.5918631433588,1.98248393645659,3.32778558939654,3.43867684050543,8.39766639183518,1.00297283932739,1.91889911589219,2.89477003282323,6.20246087826305,1.83584081739419,1.54376508935578,7.97623257732494,5.45534249066588,1.67359267791682,4.35188611336208,1.29131580601932,7.34113780124247,4.4473903886034,6.12076487743024,1.22288102550791,2.28601540634252,0.362607738007484,1.38661714838091,0.812399667236527,3.68591050010658,2.19866159828998,5.0717051368234,1.20991814943385,0.570272997598196,1.17238131937847,3.64414719633437,0.45338309757651,7.84377915232423,2.46227358128863,2.10030691173037,3.26073904008247,3.8701845899689,3.78333394144382,3.54195718298261,5.95983576237372,1.87439944364267,1.77487732906677,1.41831066580648,3,10,3
"432",1.70826840323293,0.743489651558616,2.29544730025359,2.4464749045639,4.6367879211839,4.273321801911,2.38975434737939,1.09175931340795,1.25238678601845,12.9612979238652,13.808461901904,4.42727273345465,0.787428285379872,0.731978112646143,2.00397314933808,6.13773318251811,0.276084169810912,2.2927085921437,3.53874189227634,5.1097467562815,1.15164580294592,3.31500709744082,1.39353979146368,8.82532260548526,2.65022391931476,4.02553790736335,2.18747578017786,3.33503872522068,0.702572794268581,1.84099721189852,1.35095719021216,2.74454319473822,4.47623940107741,2.14017112596065,1.09065180098471,6.38525444091603,4.08778017166736,1.86863947067711,0.395515583558452,2.00304165657578,2.39888378297653,7.08952751108972,3.82711044444792,8.61366446908576,1.1965323947717,2.43681754024214,5.25897063591851,0.201540614320131,2.35929081962613,7.5400960507659,3,10,3
"433",2.26129989671317,1.38601237549958,10.0437431067364,1.54243337759758,1.12380549935838,10.9187614287988,0.458825178393542,3.88468471613896,1.78866687832192,9.01679082386794,4.05678749900626,4.95337663802715,3.91995371726729,2.19076888551755,4.73754239921535,5.35137377841928,0.864541653649561,2.84925863941229,3.01452508203376,1.87858164591537,1.95874170518984,3.2851805668815,0.834787101486005,5.08458999718071,1.1525883210465,1.67351045946343,1.18560329838092,2.24734421599258,2.08228479569243,8.25624059462315,1.82438213545845,1.77892753068778,1.59230557836248,2.11236260799144,2.49981560521995,3.68309229795592,2.65111135855071,2.74835491766057,3.10679441438227,0.838766881359155,0.765806423663757,2.74669083597674,3.27218615437542,5.62129628232138,3.786423439529,2.35705075121743,1.59011875700779,0.756163302439668,1.94150457946269,3.57620038625383,3,10,3
"434",3.07319815223748,4.38060242338771,14.7278607663183,2.48024176487092,5.46647655215413,7.18787287855313,3.09695057196714,2.82308290927874,1.47675597317701,9.33335172443869,1.48973588628737,4.94283735107626,6.99236803942762,1.08819110857782,4.21331391442281,4.72405894657152,1.32305112080932,1.49403911245672,0.945371958354297,4.19412851779777,2.54699672834855,2.71147275379557,1.92502044535437,2.87847297352156,3.58527758948227,2.72140957185478,1.12071582574407,4.661933616813,0.617035273192484,4.95797132239648,0.905426941154492,6.90933533931142,3.55026164811052,3.31940397012424,0.928269651114654,5.26832209565288,2.38682500414351,2.09886964193604,0.921393382746888,1.98740432295288,1.33459240229532,1.84964392117111,3.66256177983711,4.59975258268577,1.484184027672,7.81277240336702,5.27236427076287,0.888496197385095,4.77047957092061,3.54600293868432,3,10,3
"435",0.52593581087678,2.80947113933574,3.42165682228674,1.857968979181,2.04759707994174,1.90467442295269,1.76439827525527,4.52107987781549,1.19779042018779,14.474972429467,0.746978876755192,13.9308449322007,0.411996422634531,0.52474826811962,4.11034439194267,5.18663455159523,3.38484979102832,3.95079844258273,2.56400850194765,1.72636013916144,0.408637184312488,2.11417755443947,1.73891216921516,1.99048292200209,3.56053374251074,0.382969153269361,0.823791348607949,2.81135563354989,1.22701658436106,2.54337794474364,0.475635264296217,3.25941557304187,3.71864322527207,4.49420167428213,1.42484658386778,1.46707903972292,1.30772444842992,3.50496034120314,1.32658673911565,3.7785518387229,6.16782770506008,3.47145761182967,0.349250859681675,9.57637367369071,1.5589205759096,2.1320340169929,1.72815196219414,0.81468470880955,2.14083131040262,4.51756598483078,3,10,3
"436",1.04207626381027,8.94395514559934,3.03421207652672,3.02529922451948,2.90243058091346,3.03497560717244,4.59151261196032,3.08809114747006,2.52369975340002,13.5278085366172,1.14057699081852,2.25173708850756,0.724188461445768,6.79134776621633,1.14502387441826,7.43242237678196,0.899903033631784,1.53157641435313,3.4201310998443,3.92084694519643,2.95068473362109,4.04868532574528,1.03414458991131,2.61672848278961,2.19338134574803,3.17575693921605,2.98902081869736,1.40549860100491,2.51388994042444,12.0967994092229,4.16996744977586,2.48667816450701,11.2589878170391,7.48892184959627,0.61605048341456,2.97271225069316,3.52401797275686,1.91316194712888,1.46566329895507,1.50495381723054,0.877426542396644,5.77001447815249,4.40318359510847,2.05525571218312,2.09122278025051,3.62422258133016,3.30944962441834,0.324716699945468,1.41479144088715,2.63660267022541,3,10,3
"437",3.13751819713714,2.62316559040634,6.26879158894669,1.60596603513452,2.83310638672548,2.11395806731142,2.1951533567142,2.99957145624085,0.779216811467526,7.18243988559734,2.85837554997911,3.4768619060973,2.41341063218066,2.29335349417526,3.97336818709448,5.04691225277107,2.67390944059748,3.65135821893149,2.11477968752233,5.37171934624578,1.64094598838802,4.09793123656058,2.12362823489823,2.08382487597619,1.75170519632475,4.78885993440652,0.412508840526557,1.63940212714814,3.52874536719453,13.0326184957279,4.3808188976771,10.9020433985125,3.24536807013105,2.12641658962896,0.430127482492741,1.35466731038716,0.434605548595895,0.627508690523842,1.86833063298554,3.63714308320716,1.25030751350534,3.17555491441774,3.99919566806604,2.93972497650535,1.57770776419479,0.993536922843313,4.51660374542595,1.72975342900555,2.48518962023985,2.83451703693842,3,10,3
"438",3.41665836310812,3.28317368797922,3.36965264017247,2.01366387374978,1.98523342746498,2.39424502450261,5.6562893540542,4.8304634586505,1.22093128740954,7.11301414742333,13.0541189983606,3.92119452695687,0.784687148973716,2.71922955679083,3.84037888876877,4.877635249079,0.819048428587849,1.76952073886643,0.840528387592718,12.7049785821464,2.21328484320629,5.96297368251072,0.389047316059097,3.24152638967986,3.78442388167433,5.17621711303776,1.32725740435917,2.65196750433046,2.0315545949644,1.62713829980181,2.72423896046654,4.01057426100845,2.93301121948168,3.17341230490636,0.811780749610355,1.10813179606173,1.13372390875757,3.57755774847476,1.84170919561571,4.55519979733971,1.06671237663466,3.54010596821719,3.91718693110162,7.20086300756663,2.23278676691722,1.72606644730925,4.54179348384907,0.853466919263579,2.69724922488119,2.09895331567133,3,10,3
"439",0.964873926191972,0.82259170732642,2.18488993030692,2.13629385986264,3.11954875608479,3.98635825154118,1.76775557278295,0.412867470455736,0.969195957132075,5.01498484425487,5.43530431220764,3.92439367289635,1.00658384481991,7.12704670110141,6.39463867618436,3.17697017484573,2.05715807593893,2.13073856798622,0.694421631549793,3.86207633058968,2.80915641715179,1.42802472899965,1.42886966998619,3.91792377459895,2.80238952043098,1.27590616454808,2.44506460688412,1.96255593832516,0.991905739573114,16.4968498886699,1.59824247160623,4.74165419212036,9.11794927426198,4.44924345601266,1.53307764677157,3.48774363612276,5.13009220984823,2.46631331858153,4.82606873964683,4.57435160139351,2.54320055904429,7.28185696863177,4.74638702026651,5.66959324276728,9.11637055807292,1.80184490187307,3.60837784730255,0.6441104646154,1.54887563524062,1.31235643571241,3,10,3
"440",1.77264111517365,1.4038147714163,3.93362116206249,2.14428682881301,1.31123449321214,2.10129631838088,0.841442093483951,3.5355221542128,0.927474216295776,4.09557808456993,2.63703408752004,7.29780345404853,0.706172351862142,2.56983325672009,4.4983264777016,3.9262334229029,1.3941244002781,1.34074789622736,0.701906901495169,7.82723499108256,3.10534603066483,3.48139130448155,0.943852592032999,5.21276415508524,3.02513096458733,3.09783706207368,1.30709015056657,1.56976138424173,1.97900696646025,2.51982604487429,5.80372488694985,2.72554932980776,6.01388475662116,4.24634328026029,2.37042800530619,0.57772065844399,2.38486869229572,1.94413690720165,1.24766935081289,0.888719245205246,3.99696631177741,4.87680614215878,4.14236873783224,4.3394167231041,2.3682993260811,2.28645996691214,5.09262365410839,0.608952262321891,1.77190722511708,3.36008126103711,3,10,3
"441",1.95547465595888,6.24367005856784,2.01633913519877,2.20723953951908,2.35220315784248,1.35752629755954,2.48436902147414,4.3900946202091,0.608824663098897,9.12421257470349,2.1752643375635,4.91645938953198,0.419717910238468,1.00870564518291,1.78934516876848,3.10209127654842,2.05679333203134,1.64667516926979,4.00331495303631,2.74707910513186,2.6403788169202,3.28172581323396,1.41472721517388,2.45972993662504,2.96783510246217,5.14018974669943,0.835823622041435,1.45667288631943,1.04683527561476,4.73915797183295,0.686731882856471,4.11229775358356,4.07418501289911,7.03850683828284,1.33459627872409,2.84409640684769,2.06702468455827,2.45422637417203,1.98068329861621,1.13509836582308,1.90962559692258,3.96042708294558,1.85964863848544,3.09679935562142,3.14922958596189,2.08470931468437,4.25399688982212,1.93938694728831,2.20997461180594,1.23562806929737,3,10,3
"442",1.197122879084,1.04877285480544,4.49272603395847,1.52597629017106,3.04769528326977,2.80947225569457,9.05916298756205,2.86344691189138,1.53006724408859,10.1851368155862,2.92922486620187,4.50015074373775,3.24521216166879,2.59505259711804,1.30280530544572,2.2720025340955,0.968772021608991,4.2322828987279,6.64136453300487,1.89287574465318,1.53865763211253,3.81763167452527,0.678756538470118,4.49454399619007,2.71340777058698,1.4926970807742,1.11936196704414,3.07485169041337,2.57683256663758,3.17507489336038,2.0830814007221,2.63430129353994,4.07678142874892,4.8542840784596,1.33193678629445,3.20208435323845,2.21111599062652,2.88812286972581,2.2028759005951,4.92988165169642,1.03615089290335,2.65205479627116,3.15323834613507,0.835394412415203,2.74008716768581,0.564098317893927,5.44636180574738,2.24230251889601,2.3228828793845,12.8435358551189,3,10,3
"443",0.708635748127753,0.631594885565059,4.2973949089921,1.91179978465844,2.3111217248783,6.06629856256265,0.77023766677507,1.25307882942112,1.48233739747848,4.65678936788228,2.79205784400931,5.93174971300676,1.11620311455429,1.54102454216194,0.833169622665467,3.69643812013269,2.93410263412686,0.244602294777972,5.11539587326646,3.68978998151551,1.25896899630477,1.51790125049438,0.897890237665266,15.2728992806745,0.904944486509297,3.33071182864229,1.31977596166341,0.940004825870745,1.74740207708093,9.82064933822226,2.25987016483544,6.625648237788,3.49760758926591,1.79193576498334,1.3650812921538,2.56722068726476,1.29039052770809,0.923924966829612,0.609649841060479,4.67983293082127,8.79407225212831,2.80532836838508,1.14419868472554,4.34834872196989,11.9643907122903,5.96947377516133,5.00522520817238,2.64557539770924,2.09887814809285,5.75689944579159,3,10,3
"444",1.31500597200648,2.31572290665592,1.51420374444864,2.24844811183499,7.62386977318316,1.69609108781919,1.08200478308242,3.08668571151812,1.80905462589854,17.0575318044253,3.77347767968598,3.95334324820091,0.57653253352934,0.887937877311749,4.84004382866071,13.7079375312518,0.610793664769966,1.4017933543123,3.060520215045,5.84832787739523,2.43976824322523,2.30790530682903,0.852195333139814,2.22454341610004,2.65869612807229,2.38340009423948,1.05548783490764,2.95570806502085,1.16410222714081,3.50342554614226,0.864513764382696,2.74143660567597,6.38375977067802,4.58541081861078,1.69171053613232,1.26977914203348,1.26672916169768,4.52492406752025,2.34869454752245,1.343051147826,1.48972984608951,4.30480730122405,7.31489719211035,4.99408149370098,5.55761260616578,3.49872269637747,1.8042378834038,0.898022632206897,2.76404370497915,8.7552865497891,3,10,3
"445",1.49809377183763,2.34816068188041,4.45131558648281,0.936001932884602,4.37602083985226,3.47488878587673,2.21283632820995,2.25152141138323,1.22955766607044,11.3790800910947,3.65842950526658,3.36474492580097,1.79758172587581,3.4662816785192,6.93467713660055,3.77436596949677,0.677416944766315,3.48956335793994,0.893999874868701,3.40128952959454,2.23255353234897,2.55549541701634,1.0220942553151,6.11460016439107,2.3195739077864,5.89423504129694,2.98184792533603,1.41637231324977,2.68629834736512,1.28073283593524,4.53788208422596,1.09497284977615,2.51309694723346,0.587110513601534,0.325282053811827,1.07162388643761,0.128598229891701,1.91031968095881,1.08326965456217,2.23784428578964,0.628847445683782,5.66105382289648,4.41708239069498,5.73785975870881,1.96995706597597,6.74976448330892,9.09704939355017,1.73721954093963,2.45916219006043,6.02609382504223,3,10,3
"446",3.59117576383072,3.41928846128759,2.08479063139041,2.10995254387995,7.51981361669006,3.23496929261513,4.99406138069289,4.96221414159887,1.66668869838036,1.81407878280363,2.26824406188863,8.60217784682356,3.05623746312224,1.08450078948978,2.01347095433729,3.86504938695025,2.22230942098995,0.304256772753295,0.991172791620267,6.72666348993571,3.52371111305375,2.27097610507193,1.43655112682635,6.83754548414653,3.20045609758098,0.931951969242207,1.2993478711304,1.81145406983027,0.349601942020021,5.79843656468881,1.54934935725991,2.26939138798747,3.37826583725977,5.04027812013285,1.37917699669349,0.982501097958839,6.08931678566364,2.2011844522965,2.13123390776813,6.42478855194875,1.61507970366742,4.36419158854105,1.70434341303473,7.44304964081714,1.53935722444992,2.09422684598726,2.6791496558722,0.640854835896626,1.08226138177862,2.10590742771489,3,10,3
"447",0.933717355265713,3.50735303169487,1.20280952179863,3.29744254128815,4.7702435810822,2.60756455741872,2.61415020836399,3.294158757193,1.64211497096157,9.7637673821935,0.893898938387653,6.85777516168945,4.68207885831423,5.56817367056348,1.92185830152403,0.963206835775758,1.25095499027004,1.94202004409016,3.39057388272661,3.76663669852448,1.22653664547833,1.86574120033452,1.14827127570137,3.24213091263838,3.18428670774599,1.26782897435953,0.634965244827559,2.3199795400946,1.45335022764862,1.87921478150601,0.444905039319746,2.07032659189069,1.40573262703783,2.05620202955584,0.828032059352072,7.51787234947692,0.481313646060838,3.98806922806487,1.59857053669701,5.61816524780525,1.81923458003383,7.21324502387709,5.01319309799293,5.4099548696138,2.56143089699742,3.89093581918881,3.7660195543872,0.462837612812248,2.68761974073422,3.70440253917088,3,10,3
"448",1.6524446448528,1.60225197387687,1.63865720768738,2.08859772963567,4.17365373734324,2.90973027489569,1.30911316811882,1.04932080976518,2.14980275147732,18.8257249626248,6.27926744582237,5.6962215292051,1.0996062432228,2.52674352972263,2.88872223911568,9.34613574923352,1.76919327724475,1.88266170829423,2.46696528977371,4.41687568813094,2.32673381910183,3.12466936498526,0.875047233721718,1.82110474772081,2.48407980623678,1.6046570104582,1.03652323373487,3.57359379168414,3.38338154753376,4.53623591178897,1.6882452295769,1.37858733020522,1.82633334429893,3.03808151198396,3.13404285033879,4.5555191455467,1.69861757431033,2.66616144919364,2.12996476347537,3.99033729091025,1.21416319584612,2.85163967573229,3.27650388597545,3.01815327098968,2.43403134520436,2.47056460714319,3.80509341238675,1.97566947422809,3.48663510644732,9.201849620184,3,10,3
"449",2.46814447600224,6.55706559318159,2.55920851345999,1.17730445574916,1.70478471937457,5.126700930655,3.04435088578122,1.32514507777122,1.89740773055832,7.95198211742634,5.42175568691158,14.8366680457638,0.895995643201038,2.73980565593658,4.26947446582906,4.85476094641898,0.613007764855358,0.635567758841486,7.93519752144996,3.92352806690841,0.849275009749442,1.96703652089356,0.609002705324823,5.01617150275049,2.18023481353833,5.01340436703713,1.03361506990021,1.06129500372344,0.610207118785338,2.80389462038499,3.01157027692041,9.26551928009637,1.40591640199721,5.70933236198235,2.07067392306374,1.42939887841197,5.08395213065769,1.14105806739515,2.95740960789796,1.53581180791926,1.01583178987458,3.35830836572088,3.14747660255337,4.95132229311577,1.96577748780444,1.24627750505964,4.04415802875678,0.689315640279744,2.50662021014225,2.7826860993095,3,10,3
"450",0.38246684686364,3.37748828135822,1.51582230916877,1.06744361901188,3.1577650901719,7.18730010849705,5.2758353688643,0.830908088937956,2.09471182575437,2.54308557653206,2.10586682643624,7.23057307725483,0.378636418052364,0.921968774469048,1.34393505799554,4.63429508278507,0.700364093215226,2.48438098456549,4.6639870287066,5.52764423886407,1.74180483696862,2.11861680563641,0.8249055809111,2.18747085336081,1.87507194646236,2.64377874403645,0.949944491728666,3.09506391127458,2.26226461376234,21.1634392079236,0.998278619947115,3.63320722177877,3.14273573772983,3.88631100112371,1.8821860774866,4.38997106171531,0.804024174109493,1.86453355813427,0.844325483112057,2.1758609781585,5.13016417905426,2.64177304725369,0.289853126253781,4.44006815616215,1.58477747106999,1.95122745437039,2.15928014856752,1.56340958811229,2.22786508153814,6.44157621818912,3,10,3
"451",0.971844448943456,3.98266917713265,1.37499239289341,2.39094787438391,9.5925405550916,2.06954892911725,3.27594263433627,2.12344246676896,1.68159188771342,14.511310532527,1.45621647789486,5.90458909319073,3.30838212186404,4.7493722661802,1.82113945121405,4.23764916747267,1.65941418882243,0.940174066912111,5.41943547629385,5.23195488524749,1.52957206265741,1.266225542457,1.06734712773372,1.87229515939746,5.36528757887661,1.67442235335364,1.84023584838406,0.795401549944564,1.08063635265929,3.11408813233159,4.94856319632094,3.50597823138632,4.1149629214443,3.21351567689896,1.62891601408825,2.33470581398399,0.684826650065,3.58775855604614,0.587956226000807,0.946992838385281,1.441305609392,2.95850772119455,4.75324688051011,8.49270208358182,4.16439624066891,3.34741985055242,22.505299717428,0.350217306262658,2.62246026671066,4.13474782113902,3,10,3
"452",0.590516020375001,3.40554031506765,5.81608904459758,2.62933427328925,7.04791547869623,5.41269175231988,2.56307705656693,0.639654410455789,1.16024854687707,9.9750838998572,0.685977819697443,2.00404345829583,4.34538060218647,5.70370407875811,4.86118282670672,3.49997658360437,0.796705864188598,0.450262091466803,8.00061149603337,7.98510903755715,2.24227310990905,1.37086751316163,1.93660753926484,3.30341384844494,2.5362753703368,2.42917256564944,1.99671346335693,3.54189537051736,10.2560840862685,4.87788370682501,0.759738181667569,6.95823124253857,2.79872828729346,4.8231734553569,0.954039570972781,2.13247794476979,1.97743929995846,1.85153217280058,2.4677099010641,6.50764991812139,2.10551678984517,6.1267533148072,5.13691404516117,14.6048131731309,1.80676143172881,3.15567268640564,5.84079715684912,2.28937100154416,1.63045631053964,3.79896012073202,3,10,3
"453",1.64208198585183,3.06091259662131,4.05476595148094,1.41419090343226,4.75432335385426,4.84239046956758,3.172576525261,2.25822598429138,1.02482652544619,7.35252191422351,3.27441893769332,5.00632776167206,2.44254844304369,2.64609992395012,3.39545149934813,5.91828563042131,2.45686100647812,1.51820240838857,7.27839659341431,8.50592953449568,1.98843163559246,1.51608020810348,0.774098712034649,3.09367499821191,6.31446797637937,2.2801643316725,2.51402122266109,2.08579131042785,0.725928363902796,11.3002107208228,0.834147229050892,2.59918082999791,11.267413055761,4.09050140356369,0.603617346615066,0.566349144788825,0.806569795775564,2.80675656706515,0.287819268795416,2.19593192040572,0.951840091196412,3.5359164210925,2.10238631494668,4.1799021195652,2.18085745022373,4.36459496643144,4.96489163189128,1.1352697172751,2.26301536708574,1.56838921054095,3,10,3
"454",0.744361330491696,3.28158391262501,1.8383451406913,3.26293653935475,3.13155560776873,1.92146832438122,0.994323196076092,1.26150164533683,1.2618254475137,3.99215378579512,2.60590633110316,2.57915967152566,4.45375063268365,11.0626828493448,1.04504046789763,10.6637508926487,2.19105478605399,1.19098755226268,3.91731814781354,3.67112804504375,1.35033513290467,3.76116620988668,0.949782911629402,2.58174396999055,2.62043071405496,2.39928103856523,3.51672918442824,1.05299275671553,1.34921058363572,4.45027521873865,0.640163633598405,4.25436113151127,2.30998847577703,3.57158348269119,0.984545191797792,0.664683223196601,2.11352466312039,3.15771667155182,1.59446765606461,0.909743323129658,4.66907402146794,2.92180889564926,5.18737643078803,6.10317579282928,3.03846059292719,7.7924855651668,2.25778808556225,1.69082681274302,2.23005913816615,8.61461519486066,3,10,3
"455",1.70813264938284,5.32495256322079,1.68328333870816,2.29061050202604,4.77845963419232,2.39455820823137,3.33898072830954,3.06553649876822,0.939222838355357,3.02462524486296,1.13075224609681,4.46612431259464,2.1501919894336,1.89774952939538,4.20061375813514,3.57965013487337,1.69350969664617,5.15036766673296,6.6436143991004,16.7743612329176,0.581242713696207,1.94180095124915,1.0313895062948,12.6985211588103,1.36385864444455,2.58660430275051,0.726271021526041,3.26916380710613,0.846637780253014,1.67099014993274,2.59366828553125,1.57247792790542,2.23818491475612,12.2843886560922,2.1143565581111,1.84434369733971,4.63376322485621,3.88871328512085,1.30681134787617,1.0327661812624,2.32227869027002,2.86164658933056,2.5379988972682,16.6167422852286,2.82310976027316,1.38206297018231,2.34155422568626,1.65875348902146,4.76534474196428,6.1351793154047,3,10,3
"456",1.68726302234748,2.98807187869397,2.42290957660418,4.2744794540816,4.93823360888471,0.516104926342905,2.93010148681357,2.54977140907848,0.681543483869714,9.42324905372479,1.5547067176329,4.94093265217945,5.96938204796934,1.86017350606519,2.4850531560191,3.09148434261004,3.05402668713887,0.392849208366691,2.69864479911807,4.11447090737177,2.01876156192276,3.82103878373827,1.28848769456855,3.96045183160943,3.60842192321803,2.79054199888086,1.31195334232713,2.00624316808401,4.41282387301281,8.6506609110881,0.668589478410226,15.7546781246599,7.66714609449346,2.69437913634226,1.18054585836068,1.71268208937413,1.93284920715696,4.22664869976422,0.896569378450964,0.468947511516085,1.29119996142467,1.0608658092355,3.72629755271328,3.6245802277002,3.76729508161416,4.45824174722772,3.94445397602229,2.01750933000114,1.03299167890412,5.6718986563214,3,10,3
"457",0.241171030756153,2.58096015982356,1.40328389287658,1.74938823059266,1.83446846199527,3.30483455344686,11.0331442750218,2.82907830932845,0.759484469357567,4.85766207642299,2.21203519336769,1.72076103837911,5.20922828065774,2.81587587746084,2.9737164103745,2.32792372329724,1.43420162950579,1.36495021287683,14.8276096791822,5.11773953821491,1.20585806476637,2.32917176491609,1.11525143038167,1.68791445867303,2.93734583872931,2.2822842690069,1.89768163442484,1.80449156824795,7.0425388368419,3.66550248010396,0.951463905622084,3.71485833951612,3.23353362504653,3.85715888627368,1.85169404792953,0.312854743986099,0.469087785509894,1.9012987927623,2.41035034990524,0.882073082777911,0.707453671170528,2.19640046664471,4.44341984085112,7.69830410105932,3.34710947098355,4.69063073212536,10.2027562866311,1.75587975380437,1.9220012431547,2.45989982738957,3,10,3
"458",0.793499922149954,2.80557883292273,1.48542984912259,1.07234584193767,3.12252138358873,1.8691187338103,2.73552695500951,3.7183578554344,0.741278276756154,15.5422453756515,1.18161388038762,6.38135574345917,6.6115992611045,3.06016590788955,1.47157681954164,3.79143845139556,1.46470884706023,2.00013116886571,7.06549883955852,7.95831525650566,1.57917384009836,4.0047739344545,2.29177074124833,4.64972398044361,1.38414791741879,1.95362733482195,1.02082703901108,4.27786784064063,1.81969499281149,6.78553635800417,3.34607735223661,1.91887766286815,5.30987226080221,10.0854689622423,0.994867022012433,0.224913187702696,7.31470987342767,2.98772769880237,0.862006554721109,1.07088666851139,0.610773343756458,1.91716331803585,3.83823067636243,4.24441136205578,4.66212653572383,8.2338748854953,4.84095376436767,1.64184173473289,1.58985050965431,1.84341404011033,3,10,3
"459",1.01709851908856,3.80033287310769,1.96074500947541,1.67257332105651,3.39343800934066,1.44533488643466,6.207669065737,1.00498238912469,1.37603798773058,11.4872044547526,3.11457754603973,3.91732800949569,2.17425255792554,2.33247361925503,1.81957651599397,6.30763579446708,1.16617470740687,0.847249807547457,5.58227608949886,3.72126521362003,1.80663217014805,4.05234366937823,2.9180433377347,2.87257023975577,0.659548911604304,3.2393195437511,1.82219199727232,2.45284203082801,0.476864011448381,3.73443768152387,1.04946497235818,10.6972639601677,4.99349880820006,5.53165969922477,1.00859904226431,2.83165532997902,7.08240156290477,3.14971496889951,1.69016989532822,0.626906957873046,0.956006238171109,4.30570497251547,2.80339978537735,2.42538766307572,6.22454368747177,3.93699333880822,2.98976185743761,0.886857394754213,1.19630963445599,6.42655726446758,3,10,3
"460",1.73574485002002,1.31524683504661,1.61491082678477,1.62998437268248,4.94963181013708,1.44067262437371,1.37425849771401,2.85528068971457,0.867459731167647,10.0680142572506,2.81125732171244,12.023429988548,1.0871397396381,1.04573051736275,1.8589961303263,4.39937062306243,2.37413386902085,4.24523785006282,2.89000184169142,6.8872507646006,2.6973207058817,3.534808633909,0.77380580148357,14.9583720110862,2.07843695094609,3.41184729906905,1.32407013409955,2.00779364178048,1.38755591092967,5.46199500000292,2.59625455139621,1.30852289010279,3.72286288160638,10.7822183063449,1.47487225727057,3.56911317485619,1.69301470249936,1.89032979286144,1.66790763260408,0.267729054316588,0.928321449643057,2.90182427518583,3.11987469342372,5.52694953607423,4.95909629632518,1.94624460476395,4.07864282181481,0.244396491615731,2.59864639526295,10.960960236447,3,10,3
"461",0.947130205191875,1.6483330211593,3.35081728794701,2.22942058900393,3.16067458926627,3.27736369357954,3.62002677661305,3.37396114350439,0.915426669880634,6.956014038801,10.3235901386185,2.35740535120515,5.37442809638585,1.2226864315628,2.87143054329432,5.1893285691966,0.841026196315459,0.482736330527595,2.61458268489625,0.981604493962025,2.04609606642276,1.50962549680412,3.52122334885694,3.46895582280779,2.99945512790491,4.22499568281406,2.50218821862437,1.53904167356034,1.91575886557137,2.56890125496224,4.15963145553997,7.34942465972874,12.6775793209573,7.7502416345445,2.38871779672649,1.02795636471021,1.67453289830894,3.30795849097269,1.61532237596168,2.07690395082876,2.0662662989195,3.38258394598676,2.85996679162683,4.28410493270439,27.4350642600963,4.82628486426394,3.91175516037578,1.46466455615458,1.69114321254136,4.93687645111497,3,10,3
"462",1.76745005201192,2.76965659445412,2.37018217133788,2.27822932009076,6.27221625755946,2.30464433776827,4.48335566959649,6.71704747697116,1.34903869715649,8.391398418656,3.13662564917491,10.8478074148984,4.41659509068865,1.93232389057335,2.21709164307825,5.07142598344325,2.44118110347545,3.05067855436669,6.74756832589546,5.45970081753117,2.17960664222989,1.79466374466759,1.28084630407386,3.7353810474756,2.82469136253959,2.91726462226524,1.42355125362992,0.847117884247118,4.28821487747362,5.45546275266326,2.57074366886843,4.14118702641849,5.52423777604693,3.38016713353781,2.2480970875415,1.23306876202006,0.630333386296735,4.33438418335956,2.05405379657853,1.36961846852895,1.43283552801986,7.15962248267187,3.16907153873788,5.21474399784287,9.50202442111923,1.08347620161,3.00998761404043,1.24923880108975,1.79122997998193,5.02185903877398,3,10,3
"463",1.29501310387416,0.718154085811209,2.15224106538137,2.58100436930482,4.03377511033095,1.20937905175594,4.08478380712452,3.54508124655251,0.50780945311998,6.66545034083434,0.34518045949673,3.09017363858437,4.02467160636383,2.9908838808369,5.02893314341653,3.05917747187466,1.0022683179854,1.376978555688,4.14940110985009,5.95251899530082,1.85022953068498,2.92863708209733,1.17233079650813,1.92360121483456,5.44487083120177,4.47422948066234,1.82140428061816,1.98030277067997,1.01060306358812,2.58895816562269,4.76571028553478,1.55738769138612,2.82540999132382,5.19843698726243,1.30132708779123,2.30287119881919,1.47470140262235,2.35525653514906,2.33060500992192,0.616388008560929,0.949755945420359,3.95577095155051,2.50144379978595,3.88721428389926,2.82740464345936,1.86203190823698,6.02338614181978,2.66502028860681,2.46242501951553,4.45581011729994,3,10,3
"464",0.963539910699964,5.52527109636864,2.91519632685332,1.37185051113103,5.68079938533161,4.95285384711628,1.96799710475353,4.57413026392335,2.58062911653604,5.87769253103382,8.5605396885452,4.44410924941944,1.04163294661105,2.62328565933032,2.26896373428384,3.41095989087887,0.797165658284384,1.45282266697297,6.0986924880134,4.29235889339978,1.3718119085578,2.78984570198303,1.52202859043063,3.833748689823,3.49248254815288,2.27672028872152,1.62772814895954,3.17651984309865,0.392762458870848,4.08630691219314,0.175621294041701,3.89466650555689,5.92578623040839,2.13538836457015,1.45793565451569,8.19101799679275,1.52464414899093,1.88831455706246,2.87437212566582,3.63815560814038,1.74481777847128,5.63783326231928,4.05043808082456,2.98089153800862,1.46112685500113,2.59676124686886,3.26418296364842,0.984171721043994,1.62492430850274,2.5598795257514,3,10,3
"465",2.0380628886122,4.07993311475143,5.62336928299373,1.57752104536911,2.78104167551391,2.11791384458817,1.43824231196673,3.01329534985897,2.08575785923722,1.80502407694977,15.8880010411943,16.3028185305544,1.18780318368353,4.66293393904871,1.926381785801,4.15459943995264,1.1017348696546,0.925404795701137,4.94790717968108,3.00331028785087,1.17978703992431,2.62398328406588,1.54295501398067,9.25640649292997,5.17554329947909,2.33773458418816,2.19302078679942,3.51053367801556,3.03098566597912,10.8961035488619,0.863148369516426,5.65007259342331,4.07161846460638,4.29630294594505,0.413833598532374,2.30115194504967,1.04076205139096,2.14643167790557,0.121652052678402,2.67655673240355,1.80857122580271,6.20090260734494,2.55639912939391,1.04399856150263,1.70431668962137,2.56033531209618,3.7790800385279,1.34159738957973,0.758224286899133,1.14185203704368,3,10,3
"466",0.525538343182173,2.57125262522553,2.69037649429565,1.78583226153311,2.97502862576027,6.56791188561738,3.85470299072519,0.890361946410654,0.59133374178028,2.33330894226479,7.46065856477806,7.43007606928018,2.58559672742228,0.894384376196067,3.87391970370446,2.70390773373879,2.61964211297265,0.840826197035898,3.5985249722738,16.5237546584794,0.914563482090645,1.92409904902203,0.71084499232626,3.90356377532377,2.21719101104323,1.68122197935606,1.71770479939807,2.04773452632831,1.48422358455059,2.27117000059379,0.756296911783492,6.14433094471552,2.32601957719203,3.45721385773004,0.914049198318598,3.01966038438725,1.09717674255035,1.33535776866276,1.30243950495618,1.4598131072513,3.2402753436409,3.39873253550016,7.58359760498027,4.40455606344438,4.60898906548989,4.61620134078975,1.82852843086264,1.10381779174857,1.14951728978332,2.04109328924772,3,10,3
"467",0.809174225228069,1.27874595026189,2.73133050430814,2.47317876883627,4.93094926698846,0.449623930207706,1.4240469902218,2.09638865771304,2.74939893828046,3.35054611040705,3.25173640784061,5.04716311051903,5.83273059512001,3.41574380936635,1.54987399885193,6.55431597184049,0.565066129790711,0.721524692358223,3.56930936703369,8.6455675423599,1.58792570322199,2.2681746737832,1.22342354360671,2.29484496073456,4.33213655941451,1.70159232596962,2.38772103145791,2.78502893065812,1.01927688990485,5.34302049381786,1.09835517878601,4.93773741576431,2.43782994863757,8.57322614830538,0.892815913205044,1.15116939547379,2.87409932677144,2.37618625355088,0.695997931896347,2.31576007947804,4.31358652466483,4.65455608111146,3.92507641519386,4.81018453974997,3.07478401292143,1.12950385600262,3.40849954520205,1.94104778347824,1.81092741417039,2.03420399963225,3,10,3
"468",1.74306626534533,2.2722636135821,2.50675448685902,1.22035683007366,17.7213190230232,0.458086297890839,2.28075867267924,2.37099922809581,1.00327456576519,13.531515626844,2.82100183825222,2.47593940601379,2.8045980664192,3.35982424732374,5.95770779682581,8.60795617385096,2.87799539742873,1.69658206479915,4.93664522921541,10.5433966180066,3.32598835977259,2.3846344820996,0.52078334107072,11.4685606888071,5.77863663970711,3.52540578033092,2.19935234765663,5.58188676929411,1.82808984170049,5.31462701003389,0.832973712210562,2.30206523870464,5.16184714745016,6.08485600663954,1.86287077464176,1.97416250148039,0.93772112457217,5.72231128231517,3.9213086523711,3.98693954962235,2.27716895447331,5.5494546733117,5.9259770326691,4.96071609698166,2.75177093855756,6.22418488189984,2.3157420715877,0.661175336600072,2.35368558797865,3.64058024670788,3,10,3
"469",2.10992994384485,2.42448418022117,2.16585961992958,2.1906929182159,2.07430798648318,2.2040790092583,3.83168412368715,1.69937299683074,1.32456926085791,11.1537666685642,3.94593462816219,9.38134227540715,0.699054709751453,2.91229678196911,4.9745122487876,5.16058737174533,2.61490157968084,1.27477309689837,3.52908957689976,6.96732217224159,3.431347359799,1.33207066362925,1.51161288763437,3.78383294797006,5.37265641428286,5.58998355362421,0.72417264524372,1.55264375172585,1.44310446612952,4.57465081079214,0.679361735680403,7.51024359064575,7.3321674134371,6.30078176226699,2.26180067807045,2.80682374690262,6.69952303896331,5.34669548442843,0.515159691497024,0.723516450425474,1.13545705489067,0.902075272119953,4.38570569939575,8.73502168370214,2.47909387677923,1.13265018939632,5.06321796142192,2.07152453978276,1.83640279702365,4.89203818491117,3,10,3
"470",1.14355776369214,2.78605514917406,3.2717666251092,1.72449381409534,4.93241848995019,1.64415161683225,5.92351249219927,0.172085536317986,0.943567740125851,12.3701615929871,3.87238611270554,5.24782578293066,5.07544942771104,2.41412082840321,1.28253933701756,2.40749319625159,2.0225116857103,2.13068273268196,1.08353871772364,7.02970605730095,2.15288246619117,3.61427793044093,1.29855804232698,2.39049487626601,0.848892996112465,2.8297902874153,3.86425144543069,7.75711700166358,2.40509882426234,4.46187813667314,1.92911987769799,0.855612237406247,1.90325914093004,4.86945726503876,2.5404260643459,2.36370991143816,3.91114033901475,0.74913055243271,1.08351597113296,0.821329232266425,0.682270617121764,1.92216926601327,4.79999832574501,2.35251340045637,5.69172985485052,1.67691999493847,11.7692669593402,0.882404041956374,1.11759820564577,5.84931976375001,3,10,3
"471",0.730740546881974,2.60150304404212,1.51229508277601,3.98405981398095,3.24315211329059,3.61510099346004,6.79315273862233,2.48103963980798,1.30633024880868,8.88039302419936,9.68040669904683,3.25062349941256,4.15130344371121,1.63212692104482,0.619454560981604,5.60287467305149,2.86664868206475,0.90548566210439,5.82309236752633,5.760266555332,1.31781831878156,3.69980263224105,0.594231301274259,12.3517858811646,2.99046028248039,4.66897176307652,0.860747551472902,1.6202856031514,2.76492273270129,2.06229816486952,4.58008870219865,4.48203446799994,3.92327533762959,5.17340943116953,0.89518406602384,3.64763717514192,4.04426953820909,3.9777293772757,2.20234753518736,3.25458660867431,1.04416016969114,2.8591279503877,2.92591306411903,9.40498459375636,2.45283735359652,2.71447684285464,5.33399296640946,0.87114662176536,2.03121038756527,3.08969756776067,3,10,3
"472",2.20083358598142,3.05509237515496,1.76129020454997,0.888786288744205,2.82286459495636,2.49211953734396,9.67748806896695,3.04421355893761,1.17127191111657,5.60067315375682,14.3360943880711,5.5354014072998,1.63607953253656,2.08390676022875,2.7661662416615,3.37760610147236,0.881274551529226,1.74652886150587,2.71183030247483,6.96404435863197,0.543636928786264,2.55950923111184,1.31988792437021,1.88514932609875,2.56234200963584,1.15479758372827,2.15295081440484,2.05282831196295,1.55246538327343,3.01393986702458,1.05372077206606,3.32553152668485,1.60488455061278,5.18851076716672,2.52489114144806,2.79557975508956,1.66598268725905,2.10458028323517,2.96695327438411,2.06735359361061,1.81227302295558,6.98747176529919,4.95677337966891,4.4643784852926,3.49875526975141,7.15891680897746,7.21428668023584,0.44648785365866,2.18231064862895,2.52955891924053,3,10,3
"473",0.534275140704478,2.68256606852653,2.86380672094496,2.36459929522248,2.43878851665382,3.81360565537396,2.15902573564487,0.389835048762146,0.92249962329035,6.10321767606083,3.05078901595459,6.09759423394403,1.75257628859633,1.93448194541819,2.11891990745525,7.37354018599501,1.95320574369063,1.12240938967285,4.72723018748811,3.87395828596117,3.1288755052121,3.26353271594902,0.673847499190658,3.30567831871627,2.74102538709614,2.15795444733066,2.92485363092514,1.62352604682182,1.21095086198921,4.17319776798973,1.5814168042377,3.07816532336677,1.53724240455429,4.03542133222702,1.57104126318533,7.23822774875985,1.7881878940694,5.00372546029427,2.92439326295925,2.04644492634365,1.04389566800451,4.50531999614264,0.811120245445144,4.34443768199109,5.42675694201762,3.19811881890545,3.09607362647091,0.612929350814083,2.47003709130116,2.13215495065236,3,10,3
"474",1.95417192267376,1.79154265649998,1.50525327782705,2.05283637951014,4.26218610225876,6.30076164907953,3.4346377008956,4.50430451923291,1.65360638003297,11.8975310969291,2.56511991801797,8.65513471836742,4.55793399626107,0.769562925982167,1.86833334195637,3.22238108286007,3.18491719972479,2.64286228225189,1.42573786200962,3.15779071247823,2.41907970813183,2.62197162478682,0.483410710848101,1.80522349451834,4.05659210477858,2.19302962928329,1.56280267195877,1.89750288580577,1.88446617718175,3.25839928235511,2.59585553044816,4.29370501182962,6.60662625733423,10.0910530945257,1.93835558747441,3.44792491251354,0.651735509730769,5.68218780663114,1.75967320063828,2.75793671108018,3.56779605428334,7.91816296310843,5.77304156702996,4.09964500522409,3.41963723826144,1.72554601681758,5.45703561530168,1.66100650250639,1.20331862170983,2.07553612426225,3,10,3
"475",5.11044922129856,2.02189091742672,3.72713172733634,2.25918640246531,4.08465959876148,2.07721491914392,1.96023061708528,0.186150996427329,1.78206364526721,10.0583669208965,1.32721513274315,6.39868302663628,5.21532767069036,8.61119644170964,3.43719244105856,8.15431596675879,0.50315689960349,1.02872290496516,11.8767157068842,6.0548671282334,1.7910689404926,2.00442641699975,0.640047296008843,2.05828074335667,3.97325119573188,1.78606799259069,0.983650479940661,3.32138534559756,1.86756384072316,6.28632881168944,2.8658373226289,5.37337085706379,3.73067261570604,4.17837915038802,1.66476288502601,3.55740881358188,1.80303375287135,1.63249517814207,1.58210571079372,6.70984360682795,3.58268860838443,9.33334588579485,4.12304204464879,4.57208870634733,2.60836740385227,2.53600363305671,2.92451896358709,0.130357209073945,2.49429986660972,3.32346221855896,3,10,3
"476",2.00204715991366,1.8489587819429,4.50354707346789,2.81084482533959,3.84994524711927,2.50107991081095,2.56996977602367,2.68622697884765,1.32622840213545,8.07687734188742,1.71644967831928,6.01588994420768,3.65480400726134,11.5190285816403,7.72666949232601,2.84560970446828,2.00305641950015,2.17878205751219,2.86208482398481,4.22715853309152,2.07968857789817,2.61352146028064,2.04838445835468,3.52035592381822,2.35872674946306,2.06492497430997,1.3558411192773,2.56611700242204,1.48204556219212,2.52822687240636,1.9212706752466,3.89924781445104,2.84357314702409,2.50748807187748,1.45692796235816,4.31299290682415,0.975000844415326,0.585815159977782,0.363787719708464,5.53669536513389,0.711461222207769,2.07174826931075,7.08923437898297,4.4918028364889,7.15284546877866,2.06155213079473,1.77025513202129,1.59405938280595,1.91814744925429,3.1184904947539,3,10,3
"477",4.10529409510508,2.64430810441135,2.94275676294924,2.03966977557905,2.65905687966481,1.57363290572579,3.49842955004425,0.810710110677472,0.688861324490994,11.4806171062586,1.90592277569937,4.03428543937444,1.72798812221775,1.0017170286093,1.89545678500001,2.99470885279694,0.55916020740116,2.74250859298883,4.79831194571807,3.93466007069321,3.47148612605643,3.68724138514891,0.940736465515975,3.14207704319668,3.62445312390196,4.69768792586485,1.44883538178294,2.26490811486764,0.847057524989022,2.34655565380645,0.498141431149692,4.23791145011182,2.3366221212767,6.28934850488234,2.58641622826718,1.48117224205969,0.2342077862415,1.53358721679282,0.330739932429985,2.33352597950019,2.48271185314218,3.60358427950371,3.92455562606726,3.72572946656282,1.87369485457511,1.2044887143131,4.37180413030727,0.871396787597173,1.28458222495258,1.54991331589913,3,10,3
"478",1.57740555041134,3.55686845994273,5.52906089752599,1.07856156273907,3.5683129624966,2.90908932185069,6.38598518187518,2.0178180511381,2.92600628633616,4.64017641564476,1.35269740247069,3.39346784317392,3.7099038441794,1.54016659976215,2.28534127140979,8.26701027195661,0.598567280897536,1.78949329017096,2.53172236300085,6.47254405406309,1.94880384252791,1.90839813173731,1.30720340999463,2.73249514115908,3.71068650478646,0.670910378571717,0.374639917775742,3.24433146540037,0.386095933429946,18.0600796460557,2.70952383537667,1.29222611860927,3.35297326855555,11.0964062985199,1.28066061270466,1.69569579620673,1.21974800730794,1.40351343069312,4.15903643526125,1.59036648762486,1.05173631420172,2.00229247130751,0.390404897116411,2.02437644930984,3.06507128203227,5.98523977805357,5.79058156019756,1.19848896216045,1.97123472554503,5.0187953576146,3,10,3
"479",1.01222400926268,1.46027973522116,2.35101761022128,2.46619005286331,18.1559856774862,3.73331749606214,5.01182305385068,5.2391305065772,2.29400198176036,7.01345958468955,1.27834676837773,7.77224961342341,2.16983614836819,0.978315897205948,7.16477231535526,8.29411733013339,0.865001183635065,2.76280829827531,7.10330720540176,9.29728853570777,3.10781444194297,2.07168528966217,0.935816706495028,2.1165194661002,5.54147225227254,1.98863094781928,2.24439453389178,2.20223081237281,7.26353775824203,2.24091925979485,1.90545903761965,2.55899572182335,17.3620335785882,4.34372225406943,4.77145056413163,0.774136163385266,1.80265801657253,1.9932442338185,2.98858132219819,8.77408074666852,3.5745412175051,4.00355940434085,4.84376473851105,3.70115116168066,11.2003815294454,1.62652089073865,7.56749131002015,0.65009391813982,1.82532372460484,3.38076412491744,3,10,3
"480",1.48294059622867,1.97485487956559,3.27456199733318,2.09041246451123,2.03288304013928,3.86925272315183,2.13605913857258,1.82095643901249,2.0385478269619,12.0720272630212,0.902925086987157,6.59636366641883,1.85123873550667,2.96509914182413,7.0970222176412,3.88256348437458,0.618483422892173,0.386769473108082,1.43530578069974,6.73906901719961,0.830895676413479,2.05605572646125,1.34471068371681,2.31084885370628,1.74904056097138,1.75441755056018,2.23516871832918,1.9683076854306,1.64082776281579,1.92888515341865,1.16307379998784,3.04591988587433,1.17782538752297,6.64183381732527,1.05732442708783,1.54355986456877,1.67621755586484,1.98018094155116,0.122023880276634,2.46542114380405,5.35566925213426,5.06296835520123,4.45434882975023,2.49713776038158,2.45780623097098,2.19058362648029,4.02822508046123,1.63572402538266,2.86811290177808,2.94888254912076,3,10,3
"481",1.81294550276442,2.77134980697232,4.43794129951756,1.3077430291368,1.98036179684788,2.78475710486386,3.14945129482471,1.8488963484725,1.91001155428802,3.90256366125408,1.36356450504988,6.14037353474733,0.593078703027224,3.31702623787015,4.07953281031796,10.6349558514309,2.60063644759925,4.12042532243107,12.7000630359965,2.03179576247173,1.95729935252783,2.47625272313468,1.23185672370586,2.05395600169506,3.72054696522808,1.16729386865694,1.60005240831829,4.40816964676628,0.508749063686773,3.86808934675874,3.3811309038409,2.53717671942393,1.81116391144408,3.85910152107506,2.87224674956461,3.54507656687559,0.354910170134523,1.1619747642741,1.31426570011595,0.781112591014807,0.87584533216654,2.17654625092364,4.33532033411805,3.77314638055385,9.56602324707696,5.59422973588149,3.03979925671853,2.60175658512133,1.90586576544499,1.28358462576347,3,10,3
"482",2.87490799264003,2.64634576669736,7.41639917171644,1.8304982374054,2.92365545914403,6.20481831898028,2.39988025131647,4.87170814031214,0.977024131173355,6.8590276270318,3.42772472309719,4.17914574366245,2.34537897555879,1.19211085646644,4.85297148705375,6.59171710729979,0.589844563191409,1.31612565969815,7.67360053263295,2.08187676288603,1.99235078274236,5.37352740282128,0.679542252860612,1.41710204732515,4.48523284616479,0.965508978422214,1.56503056520918,1.66762992210634,1.82251215238844,28.2694804927181,2.86307937852748,4.62645192454483,2.30439520161351,3.24881107046099,0.929541545895476,5.41065654586802,2.93709086696496,3.30829468126953,1.71631097474807,3.94306612199333,1.92012849347624,2.09820884566257,6.01033213998461,1.35713639313471,2.47404886730268,1.80946078396916,2.80596245481317,1.76856860208982,2.54610363138864,1.85042925294311,3,10,3
"483",1.58729964480909,3.12993731582347,2.01544600639434,1.34082493802209,3.3382575058848,6.39514012979304,2.76618621997661,1.5194952483604,1.34021290334353,6.32097431089005,1.88827961743028,4.39473664432007,3.65233116631808,0.416342920115901,1.65676021860992,6.31528774832965,0.93871111620191,2.58411737018643,3.95278383552358,6.89727133314907,2.13437350507694,3.75998783734739,2.73354576350391,3.7922071741206,3.35548057745495,5.42263307603164,1.02545578356656,1.74504179593085,2.28855573121126,2.70185666810317,0.411862175988471,8.99449002385465,3.81011565645175,8.55737128747857,2.76856916524901,3.63227626001557,0.279550427871453,2.54601456014201,1.81045766759615,1.2452117326894,1.6413046266683,5.63658564200915,3.01391344245499,2.50512288286724,3.73349435247948,1.84139625326036,3.61534019469564,1.5506894430207,1.80453741383817,3.30486971013673,3,10,3
"484",2.73794160425416,3.3799062086321,2.43505724085194,1.82647511408303,1.99424851469954,3.53776107296577,4.04718351013786,2.88765377704236,1.78438917882212,7.93144290464931,2.47723197880899,6.2817832551102,2.03061787828888,0.926924994086823,2.25399542142719,5.32636143387635,1.89224596806593,2.54500060396329,2.05124055128584,1.89202570873026,0.770861111618965,2.22995996678666,0.427218204297216,1.8397111897399,1.46078389934725,2.79891425722369,0.851619840447365,3.12093188087308,2.32261002270985,3.53746382979339,3.20517151046186,11.3142721581135,8.77338127705563,2.34387870472637,2.82875337095938,2.52163489615049,1.06252051200116,3.03469420717148,0.910889163795206,1.37122872609095,1.6109459306163,2.95205154854763,2.108694808729,5.30939285621395,7.00749165222742,1.54347777982829,2.03375199933459,0.556143950162039,1.83440506151529,5.07909578621911,3,10,3
"485",1.06008784490962,2.15221530904368,3.52367993823386,1.60108629815715,4.50139229481679,0.739146131779531,3.79355206326195,3.2619204167995,1.02760955332038,6.04219087503129,10.0481265471565,34.2507067865112,1.78201121443031,2.1730869941995,0.595019052377787,7.84239790361863,1.50933205077711,4.22300285369925,4.19768374683756,12.2242651879591,1.75234843355678,2.39843976176599,1.87881558637576,1.88066531126911,3.89708526063204,3.83239623940872,2.26145161696951,1.2328855892733,0.94091896096404,4.20685007695452,1.4491311308339,1.73370930407391,4.61747258977725,4.46102927719304,1.44221790444088,0.946480763965651,0.292413062015151,4.13240418775307,0.469892348160469,3.58290906651616,2.5420276471971,4.8353051000496,2.4771396552409,3.13244854037588,4.35044475530269,1.36429838795424,3.21956053998976,1.24929971398741,2.03720387157625,1.89365138335636,3,10,3
"486",0.623928872855576,3.916189814215,3.01876153465317,3.71303997637865,2.1237384220059,5.2240311837891,2.38757278984981,0.982840663239306,2.38822965382922,1.24073215782153,8.96778804011282,5.23091391335825,1.57088116393358,5.31765193889297,1.74359415302776,4.77041103244687,1.21427865760152,5.15927709112609,9.17679920731014,4.73068075675445,1.91525536117923,4.50186637238836,2.99409582169243,2.66839217604552,1.29283893762823,2.86525177458487,0.956975284455158,2.78437551893368,1.07822910043644,2.90908229174952,0.605654836848235,2.73146216725975,4.10088536312061,4.89316866011635,0.506352031231909,4.51134084757014,4.32705665525829,2.05764594961036,0.847322128548407,1.89800386826816,2.62390412716491,2.42717323807309,6.42960033016792,9.48207191140186,2.82445825312096,0.946055811815016,2.42760586721062,1.77571140224459,1.21252082546292,3.04733565991236,3,10,3
"487",8.74928703311993,4.37267775969663,1.70048789150122,1.35855624881401,2.03175822073489,2.07616357319851,4.11862898489701,2.98279287632773,2.37345550286047,7.10210494091395,3.87649789858255,5.51300332028816,1.87519576993499,2.27103502565041,2.84487386885164,2.8507039389098,0.849464904836985,2.26617203153614,8.52295347637604,6.14537160628142,3.34980634086702,3.17639515450948,2.1204576350574,3.04445580517351,2.63891626479935,4.38266263366783,1.74213994201257,2.0093530443448,1.63197072991704,10.769785887847,1.45458664012149,9.79442139926278,1.30839057342826,3.43259626218403,1.77087962795108,0.705720755434437,4.03460267558422,4.44570910142492,3.17995764831347,3.95085754592871,0.702785567326397,10.6000514987254,8.39649008872611,8.02939454827918,3.27756745173871,4.68858467685235,3.46384673972495,1.67734536075559,2.33042879360447,1.30413412562611,3,10,3
"488",2.55276335071997,3.11691191848025,2.31222592447333,2.93631571453156,2.12068637752084,2.52923990768328,2.68479125326755,2.59406453953189,1.52179922833281,6.93947752004649,4.99905500497445,3.43267381699724,3.47220721199745,0.857877049452378,1.09180826581983,2.19689183297311,0.997578089741741,0.483676390766153,3.65697339856757,4.56264719672406,0.975570385228656,3.14468281949283,2.36562124394315,3.76495001142589,1.16633082178483,3.48828778897461,2.10758721760021,5.02883400649188,2.25083673174092,3.17585236099549,1.92519124999473,3.3454213518232,3.48314511921574,4.27042534354676,1.23406787523966,0.293354673473285,4.35773128280631,2.23956269262456,0.250768885757032,1.27310187726236,3.24648704953991,1.86626785251933,2.78888548317161,12.7528105990334,1.49715462705143,5.81454010560608,6.4466261382899,1.74330226437973,2.67841578173919,6.14666005667748,3,10,3
"489",1.00153092091839,2.01569721917562,6.06542803209081,1.9660139459467,4.51192470535054,1.40417539205952,1.8803157906232,1.27166820040477,2.14293217087147,9.01284170258728,5.68619106737442,5.57411342597159,2.20337816259073,0.747564850154273,1.74181279983404,3.84031225512153,1.32264044110371,1.12728121922287,1.85984817401059,2.03023747917437,2.22276984454531,2.88295289513844,1.41409059158391,6.28701798839189,2.00102274292745,2.19260737353241,0.61785814399122,3.63894452724066,0.863499287946531,4.80038259620385,2.96318508899917,6.47398807496654,2.70391615031454,4.08711142570036,1.59976855783843,2.56468779440812,0.707401460020627,4.17547720942745,0.495689353720479,1.75036096768916,1.07489896724804,3.00194318388583,2.79811321427793,0.737249919252769,2.96443560168181,2.67585458676793,2.96839280406087,0.128170804071238,2.48454001171814,1.11150747081818,3,10,3
"490",0.96829978095918,3.73894610532249,3.37573842313854,1.33492158965933,1.48016284525325,2.48919212208718,2.64633699719481,2.13304594663137,1.17221947656599,6.74643319616592,0.85838861846986,2.1547689823867,4.97754742555505,3.46645301939793,2.77439476241917,10.0338875242394,2.34012140505846,1.99398681326592,5.06698845647777,2.52983576441477,2.32399725788649,3.82525706243884,1.0181486252208,3.78122646987591,2.00617761844483,4.18913648231562,2.84461603616122,4.47672101822579,0.458085608669605,8.95670390986567,0.482493075884076,1.58382162528225,2.10030100693282,4.37735466059164,1.41078839859265,2.73034410488231,1.92826522867159,5.62186487757268,2.78186622988751,0.853621424862821,3.05931624213209,3.26482512448469,1.61565144106247,7.12657820153547,2.1654540581095,2.50125458839603,3.26143941128475,0.324828339112446,2.65445576032309,6.12046128032008,3,10,3
"491",4.22727779791905,5.21579146768029,1.59274980327769,1.72318774369171,3.55740675895552,1.09534252653792,0.56015799750205,1.32032820922702,1.38570095028939,9.23692009924825,0.992056156313633,2.91171930330658,3.91826058360365,4.62313206230125,2.56031212365969,3.61561704137561,1.24021902329506,0.763617706429383,8.94521329164787,1.72848343378259,0.779985846808382,0.691668368605997,1.61995180073123,3.13323338919678,4.09976088463399,1.3324977218491,1.93221305179673,5.27361151483774,1.14130147147937,5.98168744174053,0.724526488611502,1.31935604060336,4.49804478343738,6.31072801552983,1.26494709660723,4.50945295518315,1.24978723874074,2.36853302104413,0.763650665972718,0.8595778698674,3.71746483383725,2.33803710215927,3.22594120538082,2.11756795873098,2.62733193832113,1.86964524133718,2.31797321009881,2.02144054006184,1.65529273061311,2.1865776094615,3,10,3
"492",0.786942260469565,5.28699164244809,2.34980228663154,3.59069891099381,4.84007842033175,3.24471931215006,4.15594813955539,0.720211417802251,1.86673298133962,5.10363508006763,8.69206852302431,3.10750371825386,4.54623623147899,1.53968352605658,5.3108624035138,5.62342308488598,1.2787236336731,1.50241429271049,2.59993415889688,4.52999332942234,1.07444193671657,1.68993710785464,0.758635991633069,1.52680612594099,4.06112306184727,2.4186129732246,1.47617483873563,1.21235722429133,3.33431090479078,2.53226900241576,4.67673760871052,2.64446940365736,3.87641822608826,3.32151496613432,0.867295628811412,2.96946277428684,3.67261224614415,5.66978371735043,1.18054347008072,9.4039217294901,3.47041383770572,2.19433423648701,2.91960261943397,2.14397613440617,16.2149890828662,2.40605038848491,2.4028634726766,0.691071989676818,1.73491500894567,2.97740441002426,3,10,3
"493",1.00899108262534,1.88535022727861,4.33911454604595,2.76961781943623,2.97225966312447,2.9226109902084,4.87383963481047,2.16232041140537,1.47552534696167,4.29332307876666,2.9032047460484,3.00497569101546,0.550213988433359,3.73953363932478,3.36457259902717,4.05073049575779,3.54083606347701,3.00466652866712,2.19729097509318,3.87407911382179,1.19782240181624,2.3980842531482,1.75831861873617,4.32808419187786,2.99698050309816,1.17353369624449,2.82630894174225,2.04362365399566,1.36387297995323,4.03679161297409,1.76541926272515,5.46891466672763,2.81638122183283,2.52432959667593,2.23058958443665,1.24622874911615,3.79492562173361,4.14813038039909,1.78200512860248,3.16414601168498,2.11589091092492,1.88063796481935,3.09302677592852,2.65334973967551,4.5948742025315,2.32529746552359,3.07762477266646,0.757137478418876,2.02836466675679,0.705499767080479,3,10,3
"494",0.857811867054179,4.92911877391321,10.0150297964394,2.81041436770142,11.1922359838003,9.07432428010254,7.07192345017735,4.57343685333516,1.51281268387916,12.52906916624,1.57077981028347,4.61051706437602,1.7626899811788,3.91262659905515,3.22191644085352,7.47043797926325,1.07204230826357,0.984964521459329,1.98612119291161,3.78962908515545,1.65772257770747,2.53251525766203,2.35730258150683,3.32020721747976,1.74777925836469,2.62103921182454,0.984148508817893,3.62667733136746,1.16700789240915,5.12264645874113,1.48190653099007,3.94571359875854,4.73744724688826,2.92279106688886,0.628667957938931,2.53873273104391,2.49842735371632,2.01181398233219,1.2134777420641,1.52461959243501,8.95101774353514,2.59612805916852,2.83892722992919,2.63554131651975,10.4006270942156,4.25858473188398,3.80143071819795,2.09510481883945,3.12674777595432,2.63399112645926,3,10,3
"495",10.0034206250157,3.33959303150693,3.90706177218572,2.48782285096921,6.96655406390696,3.36745378871423,2.98961529637096,0.966763972533421,1.51155273433851,12.6658387347816,14.3514597724517,10.1930170933513,1.22773850129117,1.76721129813791,2.64063344636734,5.30744937200311,0.153992144010048,1.7815479437985,4.42508396346655,3.3305026999579,0.166931227709448,3.86761403944822,1.0433531007793,1.55360644262781,4.2675499668112,2.72685901270019,0.893849459287665,3.07825028449169,1.05566757338125,3.55071466328547,0.656430402297186,3.52948734116704,7.49562945951373,4.26962931289518,1.7922563128595,3.08836875218927,1.32296552944898,4.64734350777588,3.01011270879796,0.437548295216907,1.4292570851376,3.20251056397311,3.971836916364,6.46193558596456,2.72577359737137,1.9140958882871,2.44091993963567,0.255753179447028,2.45165632630138,3.03641055653876,3,10,3
"496",1.22657686342737,1.79533522842979,4.57171780881555,1.22755771974343,1.67676486970173,2.1831516743264,4.63049008931853,1.38548316629213,2.42644351610727,2.39435154912795,1.29034368050191,5.30902425219975,0.939514124900965,2.91749074842176,2.72265856599804,5.94660470431865,1.41853743275021,0.930231741573339,1.40784885100883,9.46834852756331,0.803051399556293,2.50839591014742,1.79277001545996,0.912982414092602,2.01948032224971,4.76193898179919,3.01092347233779,2.93395762368035,0.852634015215781,2.95989054189502,1.29005968959044,3.97571733485874,2.24979812175365,10.8850220037387,2.10262442614594,3.63208717293546,1.05743415193962,3.7296754559127,0.394252333039751,4.15702724499345,2.56820641066835,2.48775016800364,3.40077968063321,6.77367313027186,2.26337055222475,1.90864701977843,2.73554687128328,0.537634396093026,1.85187058005829,3.80084764815896,3,10,3
"497",2.04268092077575,3.06214196055054,3.36713446908537,3.82076016854383,5.08063678534974,3.13435084928502,2.0809811316497,3.03291499671954,1.39214830073488,6.18246646138752,1.30784960583002,5.35562149095779,1.9366898746752,3.23100383538702,1.47247498476516,3.64606233259069,2.03765171957289,1.70874698994267,12.6551157150332,3.56422135344871,2.02478846893932,1.55799906063687,0.632430166368196,2.79813296298603,1.88791262673145,1.82078507201382,0.549714756668549,2.46622629894687,1.04643876302645,2.99110544492977,0.530098652987714,2.30439261926392,3.15243992028204,4.99028286121825,2.41215885881366,1.02025881003392,1.89106978553392,4.43462118418441,2.65897108706904,1.33247620348882,1.37655175962008,2.79964225601241,2.92200308309449,2.55607619643564,2.23201507047194,2.25597644229412,3.71921015124599,0.809975103447199,2.37432518101183,2.33119006196399,3,10,3
"498",1.6637684168093,2.84047686199292,2.93142131593311,1.73224412015107,3.19369876141085,2.30482261651545,4.49388603770786,0.770039928911235,0.913340329538284,7.89904542949861,1.21709876174823,3.98490490598705,1.69089454830037,0.3684450988459,3.39198609510231,3.07193828604518,0.413693869821168,0.546135170530619,2.99900507769775,2.48822341149191,0.950682788002851,2.73913369506713,0.916348584381334,11.1717703974244,3.47786784221788,0.783651530369964,0.74522802932993,1.47991268332718,4.73937935712714,8.43194291229363,0.641484788954578,4.83036099058612,2.37498967072874,5.14955057279301,1.3777451943251,1.43033390146206,2.86081798587404,1.69482495997115,0.428612290679355,2.33719489719466,1.00743927138421,3.79037916834675,4.13126447385282,2.7854849785783,5.78584394415662,1.50773442510928,4.86042740766385,1.21500552660561,1.93013311819046,9.1784661181356,3,10,3
"499",0.997527972508419,7.45585971115562,2.00542189262892,3.90986517868638,2.83424601597081,2.30379760802655,3.31673981966011,3.25778970938031,1.03967222287585,13.7780653371059,5.36613971483608,4.86203228397522,4.48376316169835,4.4532726574953,2.75207910859638,4.51523542813895,1.83886091649442,2.15103673532684,3.86106428712355,8.38162657856903,0.837016646058061,5.66268748094125,2.32928652024541,2.17240149378535,1.281970666948,0.992386589102976,1.00932716533514,3.18160904163409,1.28799126414305,7.28850370286669,2.59794595107145,1.32076493952648,3.10241459661407,4.04669596796557,1.66615652243995,0.742239431459486,1.8871919930277,1.42925451613995,0.926315900697059,2.83563043044324,2.72601778999506,3.66231938623697,7.25361903409066,5.67995767111476,2.86906865645651,4.78464766931395,2.85395602665429,0.468724718629856,1.73563597256077,2.16152718112459,3,10,3
"500",2.69640807960843,3.2498539670006,3.45924618268518,1.88014813511154,10.1646033308772,1.91501900939445,2.835401740316,1.88458083904945,2.29211839319985,2.802840493884,1.63030893265397,4.06639878827237,3.50560437400452,0.975576622047631,3.39342598455784,4.25297247821617,1.18029133662568,1.22948143190919,3.86094690726253,2.99111073276391,1.52835715039386,2.34513143961296,0.674176075080354,3.86117454599347,1.63710274989247,4.52983055924909,2.02921440928894,2.55824517860234,2.72656984403169,2.88033256549804,1.53314275296162,5.16870080667337,2.32569904805253,10.7302524739981,1.87953233940439,3.22076968558911,0.906931107552701,2.18282303979447,0.358780006882424,1.45896006375054,1.47405803060642,2.34282257664194,0.974066942538696,1.11694742541928,0.900423065380755,6.17886023824147,7.21907973779882,1.75766038876307,1.97478487214505,9.99166417637887,3,10,3
"501",6.59274421701476,2.85002340895881,7.42605961791817,1.44999453749086,12.6499971972535,2.14061789257696,5.15293435263886,1.59283682786832,1.26488639447027,2.53659374024568,6.62660547325598,12.2024476449482,5.35443685727337,2.0805947194935,4.34456339333322,4.81337167072523,0.932380159186023,0.970801275552914,2.29231235541283,3.03805318803444,1.52539558966446,0.932727304298083,2.88006020253425,1.61420807409973,7.39319765502389,1.41069978422509,1.9481927529924,1.3636704288161,0.712042661357991,0.982252994119307,1.10301800684716,2.57435490750332,3.90898182553431,3.66919311759688,0.36670918759063,2.25365273734064,3.30477600953604,5.35718066478871,0.757587765115532,1.38320998669477,1.54921262542036,3.91348612828653,4.05010180690834,3.40838851662826,9.53166052317887,5.26406852035738,3.61269361699541,1.32588689570302,3.51390027273448,2.83440742178604,3,10,3
"502",0.740279798783109,2.87157087312282,2.81267214540571,2.4518817887775,3.42717961255132,2.35698286279868,0.80502933574442,4.2509427832535,1.23293146149376,7.45713659762221,8.25833878553881,9.1394951545927,2.13533418057898,2.99071549351683,6.53984311717532,6.98046510188292,1.66131427557011,1.93411548131715,2.77461768855454,9.95973216304105,1.31676235433131,3.11511329481647,2.08072405775568,2.22696873697105,4.14693718591165,2.61912547271272,0.732341402963157,1.01221502390295,1.65064659685214,8.43623886450661,1.01133753554967,1.53997885686885,1.72299459472523,5.12144403411545,2.13252850101877,3.71978268449799,1.32889483289319,1.89004078475537,1.50426529385895,2.85999368714853,1.71045360339928,2.48470647622841,10.1045992365332,3.50559345139518,15.609026984515,1.78528512648236,6.62724761386828,0.638083418467117,1.93781911737886,4.57101379504802,3,10,3
"503",1.7480989930858,2.80325457003677,2.11605404096183,1.59497383502352,1.80100500822539,1.1048799105717,3.09695049818559,1.15798476472972,1.6397977585218,5.14116486856881,5.66197940282516,4.49190302194202,2.16455826123212,3.48980187701619,5.32989957654439,6.6368282660567,3.45736707106002,1.4973763648063,4.10732168054838,10.0516172978909,0.702748823855083,4.81699438198919,0.0861766033278657,2.62691487423508,2.66823858143153,1.50315106321208,0.779669140673411,2.74079547261996,1.58135965587422,1.97625534797104,0.313776440754187,2.91944785597327,2.75209775717078,2.22151332893212,2.22783407872346,3.78090982731092,5.13502071669997,4.98426939653977,0.261055309465546,1.29084530593998,4.46694303128497,3.13416312294088,2.50200319877013,5.97338679447744,0.869770597259654,2.22884015370839,5.08355289586893,0.62475161147443,2.12562330781631,1.06585424213797,3,10,3
"504",1.83405592343373,0.23174516987421,5.99429710129586,1.03926506056457,4.65341533897094,2.29671699951952,0.854220169634937,3.99975235043463,1.82794339098547,6.52663362978337,4.8922819813686,8.45692298323885,3.73699650878371,2.06597397244025,4.05603874711805,2.66331586127012,1.13259961609949,2.33856206296187,3.16960950430032,2.56200145576497,1.73679422684398,0.924979093268241,2.61340179810717,4.04599335044744,5.71939253132918,2.48034967435062,1.23495627435552,4.2634665987227,2.4508431472822,1.98885321597268,2.33694488910009,1.57142144805532,6.77687211188058,6.36158486441737,0.363267563540758,3.70225821720165,3.68563476230316,1.52716192629847,1.87492349593586,2.03419563293121,1.58729493935108,2.91627078927737,2.52427669328175,7.25258607984242,1.557950628594,2.16074587693413,7.35356694434961,1.48303809384419,1.57878798063007,0.936801519640517,3,10,3
"505",1.52704150872149,1.58438952105574,1.8045940597127,1.8665611401191,4.29841258820485,2.19728747075769,4.30994842239117,3.46479045888567,1.92454021730001,3.55215901290524,2.8227788499503,1.77234033398058,1.7911799029815,2.39961766855706,2.12301473975155,2.42538412158451,0.950220111192326,0.929230012588584,2.74939293526522,3.28421289448917,2.73758242147306,4.0873445937818,1.18093437397262,1.78142216596003,0.745824256387226,2.15658956840354,0.49707301450397,2.0075107632943,0.963020338785672,3.22633062843158,1.74445408364772,1.77627762833528,1.8560292693755,9.92466939448538,1.28869411383961,2.01753021808239,1.4102097236628,1.83894273635805,0.934319678941333,0.526564796017308,1.66957777686141,2.12604736848561,3.53982636552974,6.87984710445226,4.23149747207262,2.13498495635339,4.20710871017392,0.423586857260484,1.40944487775729,2.2710269571754,3,10,3
"506",1.09068482325084,4.21826307198247,1.73019014856814,2.27580885996368,2.91249317907454,11.6142455548156,2.92807203907939,0.605564479848949,0.717143442496473,4.46835668423648,11.6317332735415,2.67341450726325,2.65767685884338,1.32958533946767,7.9837706695613,2.6913122812221,2.8418393438146,1.49481405678401,2.67157485766482,2.35343181000243,2.83307004689717,0.963604926167559,1.27944594725107,2.60838986597848,1.1575081841224,2.19031127017248,0.503119439548654,1.24934594419941,4.17558578848013,4.22892514316805,1.12403115977098,2.72908351088345,2.71875579042183,3.67599598212756,1.18619166930837,1.11853952893856,1.74788274930365,2.19000719113581,2.22120768650101,2.45968864331859,2.04069851416038,2.73915838634092,4.64910676375584,6.19290879436568,5.44776759906641,2.09572628916152,13.1203409863988,0.469103785427848,1.2358245295445,3.06740002501983,3,10,3
"507",1.77382445569131,2.3365665851759,1.84988390049398,3.62325989786407,3.15369711969247,3.87364344777663,1.41069954883836,2.39078211984189,2.26896762882004,8.11404185787446,2.39717110352122,2.19687705329983,3.69346046817824,3.55583371779724,2.16318044941775,5.90933431141734,0.732128072740124,1.49774880588553,13.5726068448092,10.0114958062542,1.4070641533732,1.25159447452667,1.08674891338423,1.80571390553891,1.14800753905178,3.1159406765637,2.41852334765646,1.61899234779662,0.71676829531168,2.69764754917878,0.505112892049235,4.86176389877044,3.99738534341052,16.7819616276688,2.07978060803128,0.75803274074985,2.44632418975646,2.3996207905419,1.00064511533335,1.59343409471493,0.721766903358557,6.56966286040975,2.60525738431731,4.19199456103986,7.34911384962399,2.38415997634731,4.87414113262196,2.22673683471203,3.33608941677986,5.18017637613048,3,10,3
"508",1.11548028583203,0.821954507888809,3.94887136100127,1.38479044790621,4.74327815471828,6.36323019234327,2.1214758562891,2.84839310027897,1.00246192665989,5.72182961988884,3.71746136447824,5.4772884613592,5.42984143466137,2.2620406492958,2.41609149937577,8.50447984617115,1.52041856368803,1.14102437089669,8.53803546970836,2.60746202219952,2.02229253741589,5.22616414762453,0.309734295416819,6.91836137287818,1.24154132760033,3.67738013055352,2.03858464568405,3.08210143963682,1.02660841680195,4.92146551552707,0.871777558466869,5.48668427264755,3.74636720411276,7.77227409976759,1.37388166721336,3.20997376793455,5.25804834091353,2.85461810530389,1.95770999132488,1.05528626499287,1.29296108400153,3.31641261119514,5.418702181727,5.25885656116118,2.92958227908716,4.92163925763056,1.88793112343672,1.3040602341459,3.80512535684061,1.15639758205453,3,10,3
"509",1.37545000187951,1.89335527792195,4.39295985822525,3.85706462441819,2.43367221158005,1.6237045091801,3.80810126033177,3.00342691307731,1.45507558771541,9.70630364561241,0.751053624098776,4.01559338957541,2.24885312497103,0.422686810787538,4.04825221520804,6.57100166953489,0.82472362010872,0.88729085664183,8.57946205709925,5.01962048224463,2.14279886657827,2.66922008769562,1.0705646726441,4.46978097065152,2.11230120791683,5.73428230471203,3.18974013637116,1.29229762486618,1.50975251149745,5.35315054449474,0.919451523430894,25.7066645543957,5.66178560394431,2.83819462423898,2.58685987653196,3.84882267383942,4.589777520225,2.57613526324446,0.650708434483075,0.496903473774348,2.08152491244618,2.27893451392901,2.22301009979231,22.1828485658362,6.19169705417966,2.45855691339977,2.00899912135686,0.689300253121324,3.00552934818799,2.63358618425673,3,10,3
"510",0.521510086661127,6.88273665406358,2.0417689052419,2.30973819998841,7.17027544418341,2.0424250568192,1.02658115509425,2.673341510049,0.944001174003667,6.86265510463775,12.6310856955125,3.09097981918646,7.04474211014777,2.88659410496678,1.86202489878437,2.58699714469738,2.84293881436225,1.72555572429337,7.76038116409326,2.8840962571958,2.84579894759089,5.2783081537485,1.54838124464454,8.89171144426161,5.22845734000508,2.54061217047726,1.59663857756185,1.16439149831868,2.18420960743945,4.51626653709659,1.80199184079079,5.29685516868365,3.8091372133038,2.63099596957805,1.06371438558746,2.71595285243401,0.354864899873267,2.85403442356755,1.45503422978698,0.664760632539004,0.964853791433723,4.82751640297794,4.1038418815529,9.29480010241034,2.30056385048481,2.19335205353626,4.86309111259779,0.934467499017357,2.86955679916055,2.89208006229667,3,10,3
"511",1.39879555668514,0.550500401094308,1.42255268699041,1.83175071084855,2.84061058087985,3.76899778750649,2.68403178343632,2.47578815902359,2.0006608470744,16.1300917327391,2.34533823651445,3.9095495594908,4.09037756740841,4.50981939365679,6.93447284689755,5.59296279624231,0.843033069450293,1.33247807150803,4.87781312817645,1.93676484829751,1.52403753154919,4.33893413825866,0.38505480989475,3.58233581878082,1.10006262353164,1.97420902458521,0.950206601150404,1.77299039655885,0.737863157083369,4.23431066587379,0.889062764532728,3.99733841535831,6.69899524944019,9.50674299884912,1.30799273292453,2.97497564059781,3.12195485270434,6.47214577485938,2.77837300248932,1.7092876772621,1.04020388747831,2.14857838112025,2.70998315779832,8.48378868377338,5.98358727131543,3.79731225798218,9.18968765571184,1.57447548837766,1.7278374456165,2.91587489305679,3,10,3
"512",0.835715708826337,1.85083351778524,1.72369818156875,1.6080539674157,3.35605788462073,6.72979467755834,4.19859598516654,2.35216156264412,2.0950268799504,12.9106855975264,4.19322006286882,8.30528031687994,4.70849589416563,0.748475819725028,3.02780628730707,2.46033082193191,2.03939246835841,0.98782634455674,9.45224335769481,7.57699711453612,1.85461291908005,2.18739648890635,1.29639703368837,1.61979494164117,1.56983071538084,3.13271488429312,2.39598365155905,1.74265615010399,3.32086684344895,5.07398013081035,2.08783096489325,2.88271500870363,1.64788828235161,5.71426610622193,1.35787021409811,1.42023478722278,0.459574880853144,6.3362769829621,0.368403826615511,0.808774334250656,1.02898848096909,4.01914454636603,5.00402433487132,7.55895837741623,4.91130758574588,1.90560905856288,3.26327863820711,1.20431949284675,2.29350122794828,11.4425185588289,3,10,3
"513",1.25075603516046,1.07352537858048,2.12343593699689,1.68887401875144,3.30234520214239,3.40334538428087,3.88101162429618,1.23458200379799,1.96345066865837,5.41098244526195,3.14580447804912,8.74747202583626,1.07173721022258,1.77438676518382,1.86459666765174,6.9053603676669,1.14897835784166,0.982150590630895,2.11075916841274,6.19512048179364,2.65063491460292,2.11861962113525,0.661987032303703,1.58747761127784,1.22067748518416,4.56035772315381,1.03492075488447,2.90619338583161,1.16843598506475,2.28382886898491,0.761758741730699,7.13268777992578,2.6888792218711,4.95879847165939,1.16278242846995,4.57687067096245,0.841389830566263,0.49109423617466,0.794028206008393,1.79181262313375,2.51679954112977,1.24939816584725,1.12008017124112,6.3730157803738,5.04077175873977,3.39309241583646,2.72306600759324,0.615086462369851,2.02002179847143,3.62795964810014,3,10,3
"514",2.49068988252507,1.01264171109562,2.592585149796,2.06930184589627,4.21041141247896,0.86050256228709,2.44442306605165,1.13012483338604,1.17236558478035,2.88504668821125,6.78147083130519,5.23695281595786,2.92166568313929,1.69637656306501,1.91219822500204,4.47945315889884,1.21587346198452,1.09834345097711,5.14386436401242,4.4537022418392,0.893837973869649,3.18165161827758,0.788035105019712,3.00490665399384,1.59969665668419,1.80883073084131,1.43662022464103,0.937949073920334,0.846412786748335,2.36098810956733,3.16983823149047,5.83278665255868,4.58219535262381,1.62180945136164,1.76719262540534,0.230535337047935,3.52053264814223,1.66692206070792,0.448613954209016,1.5955070261043,2.45026741230114,2.17568693283675,3.4931203850362,6.21794972768742,4.92170935705606,1.75244810507352,9.46692505758078,1.38413626105754,4.24415684445335,1.4054337396785,3,10,3
"515",5.67175671264892,1.88761992331686,10.22010082817,1.48849098352462,3.61975476789448,0.790419005735587,2.0643483502586,3.59129364459933,1.09147405463765,10.7564445591254,7.46243398136534,2.61888798457748,1.40861178669962,2.51028252524204,1.96268337079198,3.35049385795814,0.6894759073549,1.03639073182185,1.54084492585055,3.04052220207892,2.43540485871787,1.768018434828,1.03663178096678,2.04944576991508,3.65475368034673,3.7448809459474,2.29847465104922,3.97181063289645,1.17194742172511,3.67957831536976,1.3511808677627,4.47589837817253,2.93804750310937,3.12903458226092,1.75014901387475,3.70614644604439,2.23547846529363,3.68884316896793,2.25770445365117,0.544526915889593,0.725480438494688,1.77764350573273,2.69472853619763,3.82190812049135,3.20465352743783,2.63975805142926,3.30728158706449,0.542086168284539,2.58377929491818,2.83642164313111,3,10,3
"516",0.39193861406686,3.96809358875356,1.70515639736598,2.06547259063998,4.51903733241082,4.41730979563701,5.68699830913365,1.83461952278264,2.63520457160242,7.23055315273179,4.34600025464899,2.89862918371961,1.62224716335127,1.62495121207428,2.37800059391442,3.84610194633331,2.01307564942416,0.769348677285417,4.80746665910632,6.10513656034899,1.64116244390742,2.226160200939,1.1571873823729,2.14198609084542,1.88329835834313,2.67200572637109,1.19492738462286,0.941398369284023,1.60487792781687,3.65357762894157,0.498961858388525,10.457694667012,1.70951698182841,3.86428648224059,1.32328708592156,5.238338638314,1.49119144643518,1.80763664742757,0.512431177368671,3.66582375391284,0.747348274740306,1.9160356755664,2.57322776033182,2.26663266272165,4.80194722496032,1.46097753471742,1.77798724319096,0.910453770299746,1.3665965077549,5.08019444648756,3,10,3
"517",1.89902767234507,3.12331594908501,1.47999413573988,0.867435617803729,4.02009068415722,2.30959799051565,1.94399912687289,4.37617944620372,0.911760294616405,13.1132679178432,1.20991897818359,4.22386200325038,3.55843414767379,1.27294372083284,4.11280918094388,5.48767996712707,1.54563737950404,0.717579153090932,7.59595088826037,7.96117934789372,1.65763955226198,2.83917488211635,2.17723614366357,6.37470694811432,2.74007933034817,2.01018783019976,0.543910176060135,1.47865341664171,5.91723993073088,4.10664446870972,1.23052265148495,3.76998341344747,2.41932224702827,4.73094262513656,1.50365072524053,6.36146078842325,3.56013252958296,4.13857558060991,2.18773743272476,1.05853956922818,2.14149622340726,1.70791976902981,4.57117639530116,2.79749915022679,4.22109117901366,0.84863171265047,5.70278297461144,0.71069355654189,1.45033656900473,2.3446396870507,3,10,3
"518",0.602576598433257,4.63301155259647,3.49523227699288,2.34326603823195,7.27263119874868,2.29702856036177,5.05602480579372,2.732808032271,1.04563324665024,12.3832866147966,1.10803289347661,3.65236060076232,3.43583256086245,1.46840749298961,2.73986622272722,5.18014971867621,0.748676225480948,1.33029112202238,6.04735041521067,8.88387923552425,1.54765438047095,2.9108122759521,1.10527690500313,2.71392693936067,4.71347031065704,1.92599769339437,0.938173411830166,1.98737860991491,1.21196470596725,3.68753813628539,1.15920358952898,3.89963242857368,5.43883873736147,6.06429057346899,1.86713259768862,2.9638933245983,2.00674879857103,4.83679964502204,6.01782383688054,2.67963117238116,0.649034233357637,2.65937534994515,3.42922133838174,4.20527199990495,3.00355783883929,1.99015857378296,7.13858454465094,1.69441646686988,1.32493423555721,5.21506844145444,3,10,3
"519",0.605867731708344,0.80607179757313,4.39918963881269,3.61843571084434,7.03656668217312,2.05409222108334,2.57559758264423,1.63941993838753,2.04470465675508,6.02287306650697,1.77423374993463,3.63889023870139,1.32921931281363,1.75288978151154,3.60043354064985,6.00664979216253,3.97091980386859,0.934761332573303,3.3363405899849,6.14370776338878,1.43651497721751,4.62232735477027,0.277807244104329,1.86000533220281,4.27318913983825,2.47921470585372,0.621986063938921,3.14668407261526,17.4088464486401,2.57379309703585,4.17619541921798,6.88507155697667,2.91623761195555,3.90737630255127,1.87817164219236,0.665633026775827,2.7675333749764,4.09583635689172,2.28911163783528,1.76516325953002,5.12407030113124,4.41337377506771,0.999019936357551,11.4376289966627,1.34339902473497,2.4506442845201,4.1665615775606,0.660107536185025,3.10661977031527,4.59653884030375,3,10,3
"520",0.692121750884694,1.62119123189578,4.83895726399738,3.1211476788215,5.88916556856424,1.38909176091397,5.24447436735538,2.41569578058121,1.03049469588793,4.38354869822993,1.76334417226938,2.00455210127143,9.13050750256206,2.5865681864773,1.29121034036932,4.02427476124369,0.981005406244676,3.2751143128968,3.93809232784767,5.88679591693571,1.22049012857304,1.12225975726941,1.17156804157588,2.54614458030246,2.30731032614347,3.52001808155628,2.20731173533456,2.48746899705281,2.90280632560906,2.28729345252135,2.46520881230094,3.60959390091657,1.75276361129589,6.93055986625851,0.843377313050405,4.78047845203142,2.61231470030581,2.46934012737214,1.54949225892157,3.47112368019369,2.09034822366516,32.1159833291037,1.57453031139911,2.74154150072433,4.43172429984633,2.7837104900833,3.04145340106491,0.686643507358586,2.76821109691158,5.63751567306353,3,10,3
"521",1.25415999319956,7.6012599227742,2.16236585559063,2.17696336668311,3.37577046922281,2.20896559587671,3.23750111157959,1.54491522491958,1.35075583542625,4.29552815132053,1.52733182549092,4.25824343138934,4.98973484732922,5.45359325207465,2.23619841132369,2.42489284742179,1.56647712371079,4.54434663835019,0.777723441634246,7.38327263773185,1.77360344074599,2.64706897584005,1.91777712474676,2.44391933262832,1.74489660088726,1.98013743975147,0.779014882713776,2.69830741227647,1.2565601967863,2.50415382762782,0.470484124919915,3.83529144935959,5.58547649354967,23.5277083384249,1.8886714136659,3.35449380645407,1.40486227535513,0.336285329482334,3.0444395859747,0.617973900040531,2.08515271895194,8.50732533527678,2.94109669829779,9.60919658620132,5.77239710869266,6.73294795923523,3.00990488236509,1.82698823085503,3.47330908511262,4.62515309543048,3,10,3
"522",1.0352048359788,1.72156632212746,2.22674378202097,1.46030145886427,7.62883335547947,11.2670547101044,3.98446346690632,2.35559946812351,2.23256496301235,2.38654410732024,5.48413463185533,3.84837769962824,0.823474172472797,3.55393458340318,12.5573112515359,6.23758709245289,1.13042741894697,0.834604287864322,14.4246871639839,3.25419236259544,2.30287541458151,2.51729133470665,1.10362262076201,8.32511093348974,7.78056182447705,1.86255322739847,0.240015371904431,3.34523780018187,0.929332900050923,3.21921794591665,2.16403366009049,2.45610529187305,1.7892472100603,2.6078947814599,1.2052645562855,5.60030615726746,2.10011681831822,0.235192170154347,2.0877905465349,4.41105687461684,0.938526380943046,1.24276184823352,1.85967928597127,2.72510402005501,23.7998525411469,1.42069764859847,7.0811355493865,1.02410251724402,1.81039136582991,5.85485296709976,3,10,3
"523",1.89066376332944,7.7379043850691,3.07084096978868,1.0491620242572,2.98375832286304,3.81233797659471,6.69896039844771,0.812376223417685,1.6408196749768,16.0475499329623,2.11196671696675,1.13504972310621,1.76681217788599,0.403230595135222,2.22528341392336,2.53866389683759,2.251784144411,2.56143281887288,0.792733720527978,0.796797515467697,3.51350547985106,3.36242829543492,2.61285763473221,4.8612375884704,3.31280531598628,2.58075685932918,3.14812493562666,0.943059749996579,1.349797996186,4.24181373496908,1.67746097421435,2.5956914139611,9.54716447580113,2.336713576325,0.838258021706607,2.59466154190661,2.16161330788491,1.35490985530741,1.70992105573505,2.64247278672227,1.76399842699322,3.68867743215602,5.71330731429332,4.13383188350307,4.57298315431021,1.37944325780838,4.31768823455485,1.1065855703268,2.17091627003423,2.67522366856606,3,10,3
"524",2.4466679781756,9.55250577162399,7.52730279283456,1.28787642744288,2.86307427622421,3.38659580337522,3.12706407892621,1.93090263072714,1.68089913635794,11.7130242118203,13.9675971017217,5.72461840267213,1.54168852464125,2.15167677856975,6.30836601035483,3.2185846247025,1.33605967851895,2.21250912705958,5.31217937234815,3.56630916854518,0.7610081118892,3.38259090332838,1.36643400960751,2.45360654652501,4.2938274456707,2.74218861093124,1.64180888067536,1.85295625216567,2.04329442177787,3.65987147509266,0.685992273039645,2.0861286241486,3.93445648858378,5.74983321577188,1.030239368266,1.01607876235494,1.8492048823916,3.57062007188437,2.41718860977958,0.410814992772487,3.45538725632988,1.59316245611368,3.63756061486921,5.32211109031963,5.45757719124358,2.76748378964055,2.31170898398588,0.306772235317098,1.4889003779858,5.8976359073409,3,10,3
"525",3.51318080335646,2.04339454755505,2.31382515173116,1.53772300254707,15.1805409004566,3.83308551334785,2.93615464385441,2.12412827793074,1.22222183287151,3.21428392213309,1.23325983066179,3.33271292889579,3.85185143507328,1.0200101548295,6.49141421657709,1.85765961075011,1.96516216365035,0.771133609425698,1.95371144012709,2.70163690082873,2.71282557318585,4.00324070864902,0.616015270310504,10.0448749098007,2.537748715718,1.00429457922836,1.20316165137349,2.8658792391505,5.18243659046089,2.32069259787806,1.36640767048964,3.5206951891921,30.3071766953382,3.21469442548525,1.6510810488112,4.50394575771988,2.44968864091475,2.24207139456174,2.4554592736008,1.25335701180438,1.84068384356876,1.22788209373639,6.04422267147147,5.77141232020441,8.09596819156025,1.60037459255658,2.06833888643802,0.435897761390592,1.17290419256535,5.32242786038259,3,10,3
"526",0.936051447466211,0.597873738283874,1.88831195802292,2.52906828589709,2.40601701405426,3.36468663102929,1.00159744756136,3.5280974392899,0.595196269620948,11.8187350124866,7.43513772555182,2.68057978805887,0.415571554146932,1.88677605932248,3.23112493529813,5.11163161883151,1.88208590390775,1.13012166663321,3.22169410710638,0.851018270616525,2.5029998869961,1.75093199362015,1.79432550259391,4.34709585471373,0.923630391653663,2.88484572789503,1.94200080024838,4.05132590996248,1.13402468382717,5.25586557950947,1.05520690989535,3.24064128393527,3.24341211400294,3.55269403160446,1.6528156596016,1.12316009343512,4.49617051991561,2.02975082071277,0.81049913262703,2.18722819944442,1.4194901295789,9.59173815483799,1.2227546365588,3.21917138818622,4.82299285709181,2.53424892425766,3.89965504732143,1.23233022159807,4.75645991016935,5.9986477574373,3,10,3
"527",0.437693800118843,2.7758741931514,2.4810820056247,0.922313512771032,3.2636980382335,2.89015349434364,2.30733604430851,3.01828416560583,1.62395204829868,7.78283538686971,5.80866138493455,4.1595766503642,3.08554839682816,2.30943936960575,1.91014512739768,6.22313486085144,1.6191104677291,3.24283702052242,4.34754533847826,5.78442423639831,2.17112508151426,2.88632772114492,0.828048547540726,1.86171037315145,3.58002017009556,3.30188830310796,0.957614319501384,3.42808492526556,1.00896501248259,4.7071022210928,0.74856185565629,8.83412766518803,5.17180514664164,3.17093965197173,0.702507122754093,5.01258337233724,4.34996613978823,1.54131385455343,1.08154750676552,0.855922517236911,1.70160859565032,2.0612908766992,4.36158552648059,4.87662813323365,3.04344777137911,2.34287992998257,1.80267540244797,1.6271481908255,4.41757840800596,3.19346225710198,3,10,3
"528",3.52788927245435,2.99026425619861,7.69888970210128,1.99163882841289,2.89460524579053,0.783024921076435,5.77703220608188,1.34090039880974,0.907065583728177,6.58513737564585,1.67737722814864,12.9921225678233,3.78888401134348,4.19251304000262,1.99272839593129,4.95913091079904,1.76375397971151,1.69260956478741,16.8121151455243,7.44725393323509,1.31803407254053,3.45471212395952,1.92454936509419,1.77898534235417,2.37952349802107,4.58791094591274,2.97014976903371,3.23399935750916,4.34284527307286,3.66062447481409,3.70280473264371,1.24000051129362,3.78867654408134,13.6683401439893,1.8059507242639,0.47808914325624,5.31691332722019,6.0068860181647,0.507501991787752,0.605209214913105,1.70010318439163,2.18131665610882,4.49659924338621,1.89745126780526,3.41066362071841,4.89115922852481,6.25968272010506,1.28787215115192,1.85654647137614,2.9033464498691,3,10,3
"529",0.958637970175817,3.9929460149018,4.23623074051395,3.05447183829941,1.55598586629695,1.78714368926364,1.92570341325297,1.78466607186577,1.95845615559116,21.3009806028201,0.312926546238797,4.19650524297674,3.07026966414329,0.852762082819171,4.59174063376512,3.74564681253153,0.837599457710754,1.52820315953794,6.67484505771058,3.3346352736699,1.10254055035931,1.8994044608174,2.97716393081805,3.33898715797053,2.22268596913511,0.875051430639687,2.31232727096406,3.18364729063397,0.757031301649783,7.56300548535266,1.04417068060951,5.57399511484816,3.10873545602754,4.01571548477436,1.37284778881582,0.598914098810557,0.250312728507611,1.30629219122907,0.488726629952914,2.56171190722172,3.41100720230365,1.6336871015679,2.42525569086743,4.13494959369956,1.85090927847512,3.58688106935621,4.50445432318825,1.25494983675451,2.31186984597799,1.78715464611037,3,10,3
"530",3.62056290567328,1.42054066912288,2.62446779523168,4.44967591504753,1.16466058316017,4.52198172706154,1.4473829481826,0.915724738812573,0.942417220526678,2.58317158553939,1.97210094883109,5.32711759779751,2.14958512332095,0.733364930679805,1.84827099101812,3.65134828113207,1.25181699160509,0.916150446035985,12.5934048285688,7.8319740821118,2.44505272515972,3.79404385655098,0.983128318664538,2.25592828216049,3.97019497904242,2.74146279796114,0.453040820653913,6.15737904075669,2.26330111986798,3.71887468235569,0.919333396453897,5.45701095909501,5.64316019436589,4.48279004868772,1.09315983858696,0.453413535861659,2.41646991954949,2.76165984004829,2.41049651208884,2.87868909468374,1.79400142188264,3.10897550670423,2.35326708923933,2.61925865964026,11.8237153292005,0.910058463841502,5.72549035441876,0.630807478647905,2.59886166416551,2.34590303384014,3,10,3
"531",2.58682709189993,2.68243869845661,3.94829075570499,1.28781887329224,3.8448984063237,2.4173421742661,0.976437891814266,0.357041768389772,1.30593463880881,4.1621507764183,1.39373750481074,4.41344480363347,0.522564931603782,5.33466953087443,2.55490838080575,9.93290451637156,2.55031742581732,3.87184329746189,1.17820163911658,4.21839326146518,1.79691634316113,3.0656566505597,0.741580812319587,2.17849724803492,1.11311358481012,3.07609705744945,0.688579378715036,1.16655708721885,1.13710133890121,8.37047269642905,1.07156112329561,2.31537923558195,1.40522452943374,3.3513276282927,1.60924722230596,1.94046095984306,3.86014765786825,1.45901768218683,2.42284032393305,6.98045853889716,1.46157360036229,4.16294562262846,5.71848795415451,6.50366362938591,2.36952137327992,6.66971661899569,13.6702052414449,2.54931520533771,2.64439875777421,4.40982622081205,3,10,3
"532",1.56500922535932,0.521448288093518,7.17674445026358,1.82779037522254,2.20097555632775,3.11519382272285,2.64889615751346,1.32529996026528,1.05736560377618,5.06227230692182,7.90542967707464,3.35230619136077,4.20527589262068,1.20836978251928,3.60754667838457,5.06484311736524,1.87300385929334,1.27310626793121,2.07277663711318,4.76919079534088,2.36947877927214,2.06724795570538,0.81726253854796,2.92286020307134,2.69001990681155,2.98876842760806,0.271610635050546,3.7320095301533,1.10658488953068,1.78615602572071,1.39384475588349,6.28526716250691,4.65165426288373,2.95523321140996,1.31538213035203,1.29626597883245,5.34237806328719,1.22785276524281,0.375547032001193,2.11976521172835,3.10930307239107,3.31385069082472,3.37207778424024,9.72971159795467,13.1103340575712,1.47907340372776,7.98554297626466,2.11654548671296,2.08293763570244,2.21288874618691,3,10,3
"533",6.34852327206143,3.00994903069546,4.39814396490498,1.19932069947159,2.61394100520975,2.88282400347053,1.91131553602701,1.58567463260822,1.02612126457139,7.44482992987587,14.1186391161939,7.12900169949903,3.10206256857176,3.95518589482048,7.446935937154,2.20689865518281,2.75957138155682,1.69619160472986,8.160554765954,5.06193435395484,2.13211288909302,3.32276998082851,1.24583035881369,2.91681985568242,3.6350595965466,2.25189811349276,0.454400772012123,0.980537694159105,0.659446326768444,3.31314268167759,1.04103100040315,4.58514411869387,2.40918067602111,6.9087729575078,1.31863457587364,2.04937525903696,1.67941423999369,2.7588676821029,1.85615915823235,2.71653297355133,1.61969190306314,2.90812272755916,3.69954635619033,1.71747465792544,1.98081735324938,3.26824041733465,1.63617288116762,2.48844700801204,2.28691024946057,3.39735724691702,3,10,3
"534",5.61621398254223,3.59282904834859,2.51738167868624,3.10082055846771,3.28383291247553,4.08440019875308,1.56479177536053,0.794213040115432,0.95212524224129,5.79038122607096,1.06464157669483,15.3210138270162,3.07262403578294,1.52011955791455,2.92344000531657,3.35744766699369,0.952740786144643,2.63730391819609,5.55833157547533,2.67578523186479,1.05170183101614,2.53628294308548,1.40879131534767,1.22936569364559,1.1321895829,2.21328673790424,0.741437092516735,2.32021898157932,2.20319296760534,5.28616699974742,1.52830568856554,8.23421527510591,8.69337240180716,5.84780486257299,2.34893068581192,1.43600056140495,1.30179079219035,5.45078834184412,0.267345248294,3.86462112012902,1.77179964330548,3.11126069932691,1.81817003249888,3.12581803086026,3.08379352505296,1.46744271797167,1.84276515945244,0.830405801634654,1.65811781466625,2.65840530168293,3,10,3
"535",0.598492511012379,2.07393890074583,2.04170305062872,2.02734364606476,3.60369972654542,2.17095783525168,4.59930447928241,3.07843982520299,1.50628079134172,6.36335734448919,2.13903402221915,3.50943752718288,1.05358911555897,0.622962153457604,3.465595301951,4.67325770931099,0.901188117822298,2.45883821567135,2.16463388846732,2.30189773414474,1.86064490297,5.41679957292589,1.63017197300247,1.83499329329038,2.29183540365834,1.84784045109337,1.34711238907411,3.14682767958153,1.09124507172768,9.56752948457499,0.985620207480179,4.87556085481559,5.56130665834859,2.28088275030213,0.612302843189678,1.33957572003251,2.27846750523886,2.16615164902297,1.5322696634014,0.795052039704316,3.14913093487011,3.37163659772562,5.08823698135917,4.24453364188468,2.2561353243808,1.73443756414889,3.04701800077796,0.396989909974204,2.73367914683265,2.65476546769103,3,10,3
"536",1.57927091693461,8.34095739299527,1.25349712037002,1.31024643689924,2.85604026866079,2.44170776727902,3.2024424116803,4.3457328983561,2.39736093114703,4.50140696832796,5.56681673137662,6.46058935545991,1.5389444291659,2.72912724504243,4.32288749024857,3.98649760466195,1.32155917998968,2.035112705556,6.7339005499434,3.31678268739083,1.20978070486898,7.00570611451071,1.69467280609581,6.36570982210249,2.35823904090809,1.67770545160129,1.29481708048602,1.42126077825129,6.46951092571641,4.39524568119552,1.34148711619661,5.09746988696229,2.09242065882245,2.14723737084484,2.81660013744562,1.86922272982118,4.13009395768478,5.08328114778435,1.18928338754911,1.99391346825885,0.781959903650549,4.50647175149589,8.51759676014932,4.74352229116413,2.98548434434501,2.24273295382097,6.15468157923112,1.8702137206811,3.09713786066313,7.66276506302504,3,10,3
"537",2.44420049137234,2.60567136449478,1.82319213408247,1.38306950213749,2.84733861269614,1.60604916424417,4.45375669080211,3.95822034306489,1.94495339293195,13.5659392690411,0.412243813267167,4.16267882909325,2.14870084435593,3.49908615634752,2.23105058217851,4.83262297133727,1.73071069455651,2.43552855446202,6.85296327622998,3.82540787569087,2.39257923046241,2.95567733154394,1.30730470231432,2.00768535092078,1.70817453653772,1.42167927912399,0.393870001145045,3.19647984943637,0.804794278599424,2.625741846799,2.83105892489681,1.60505917557153,2.35467267213108,3.7591754215828,2.33103660966125,2.15585704923446,2.71223715131916,1.15554733368418,0.566403162575222,0.643567605225935,1.12145990151913,5.19018084829718,5.17310865568062,2.19824196404268,2.10947547503185,1.45010648246887,3.15904698252677,1.51848182828652,2.3833959033846,2.03911247695616,3,10,3
"538",2.65693485303745,3.78446549424566,1.71112364163884,3.85555862856533,1.90996992955695,2.44511547489523,5.88190858684761,0.72639486939955,2.01187981215829,12.768490751845,1.62336889532102,3.03406397602651,1.02852518887368,3.02360946748089,4.67767468853658,5.45802000311301,1.13547402517244,1.53191947357363,3.25140373871655,4.87616376934562,2.4159178794206,2.65507799707861,1.4251217014056,2.23549496386902,4.23452543109307,1.81192757518726,2.18059274158881,3.95069884940673,0.976533411344207,3.71324805699438,1.48539356601658,0.820900153386001,7.23474382952782,4.96938640156167,0.900012852136038,3.23235558698836,2.41302300071722,1.06128725339826,0.559767229383048,1.61978947849324,4.2858007738234,1.17078467552096,1.64692796414826,2.94766535575358,1.55945063919235,25.1698221500227,4.14072496387664,0.789195860107648,3.74760023495846,4.80946776454833,3,10,3
"539",1.20233656254892,2.19779304484881,2.28177160164651,2.38801747910914,5.02627428473635,0.950552027695397,2.60874585945482,2.37972759265572,1.33066239406624,9.84917904426076,6.55499384260499,4.00372344206116,3.99227053129987,2.18369450062159,1.53551497086444,5.26860836585127,1.41962064187449,0.280708932466944,5.59271891105393,7.77360404304119,2.06093231027823,2.85891245693254,1.36929757992858,3.28073317559006,2.82896972493265,1.65439957313871,0.418319930655014,1.28484383688433,2.33194318579173,3.18821638593925,1.93877300653019,14.6707252977501,2.39218496191794,8.91534576006461,2.11197567877132,4.2890981228304,3.65926760470845,2.27967609669537,2.05848150187464,1.75689324921554,1.1702870703243,5.73104570350202,6.26059969894236,3.68243770898998,4.2691142280899,3.4346581712758,1.35364743474965,0.40036450338685,2.25756954505953,5.39193705021818,3,10,3
"540",1.46173215010897,4.349617906357,4.05486972035556,4.21842334117968,1.73241022547301,1.45402219048343,4.22770476905438,1.41520162935625,2.00454332296299,8.72813221371164,4.17748692226717,13.260289823697,0.830189760056127,2.74156116901836,8.01957544482654,2.66305707554462,0.835654501405585,2.52614277060978,2.18119742158314,6.00745933144674,0.764127264101084,2.61495666896506,0.600746882301859,1.89814335904188,2.46890048238799,1.70401361820813,2.2199194392091,1.53306562142469,0.494165998703743,3.59062079846354,1.44071254818005,2.90042060371798,2.5497311782764,0.513115103237799,1.69573198097077,4.04965795527641,0.848028762569677,1.6912859452066,0.369092121293752,0.912256231238826,1.02693116927334,2.87390191101543,8.43919443701292,6.36498259601306,15.0782091394838,5.01578302587937,13.4926926514499,0.28005485909949,2.48327773549643,3.2024886213648,3,10,3
"541",1.39578080760759,4.23433305184751,3.74314706018295,1.85555560183159,3.07011097377043,2.92229666515132,8.11857994574205,1.89142633728032,1.25766553760339,2.70949043114365,2.6287703757007,5.2817138374028,2.04101176648031,2.03725939766442,1.31229856788693,3.75291423315879,2.3843328354809,1.1971887933957,4.44572617640685,6.0688737886758,2.61246103520237,3.19736719066942,1.01970027308411,0.850107100237415,9.90971562825357,5.43584410803011,1.01881978514412,3.46934590464897,2.49087313480051,3.59103298099494,4.44995213149583,2.05915194627694,2.96847850529323,4.41492664055263,1.77492530096361,0.907664936877616,4.18123906826448,2.53355226574329,2.36695066119599,4.01450180093865,1.57183503558096,1.78713154389759,3.62455701705277,1.01139299259087,22.5357449579772,2.36828667161225,6.79281544928243,0.519194441190468,3.84488683236213,3.38388354582134,3,10,3
"542",1.00440943880564,4.79197517024838,2.38544345837505,2.45499332163715,1.69603120909281,3.77104875358361,8.07423681005291,3.0600103145133,1.50538374653328,2.76770312738187,1.13737298387498,4.72823944729696,0.359787364346902,2.84025794306042,7.92616353712485,3.70055238821572,2.04417249609622,0.407484151480803,3.22884580121913,1.53449583957599,2.64939483187278,4.96320504510384,0.683360469319568,5.33119324276753,1.42917823803637,2.83866886844201,1.20279159740352,2.28450968429384,0.882815689942076,6.20340154352745,0.323927503652003,8.4655290431891,4.21157278872364,15.9171766862461,1.95323352646171,0.683245364852647,1.01039731170472,1.66304130480661,1.47624231766016,1.76167656885242,1.0840611742219,5.46852868491947,2.33307126940324,6.83344566449241,5.0310513192285,5.97187865080499,9.79416275784557,1.92120897555311,1.44993673503387,6.32230928362186,3,10,3
"543",1.16515484774789,2.45058094025633,1.48021191439149,2.67438725931847,2.75489245943254,12.5465961017038,0.670393976400517,1.15644434491399,2.10478762493784,4.97471286693783,0.816600082971019,3.80926804375493,3.66197497467323,2.68862238106844,2.19422769757743,4.95121014148238,0.510757811467192,2.32589819228175,2.88646993499339,3.05351081657265,3.7761790637101,2.87917477524851,1.39546260046262,4.12877764892962,7.96195747904457,3.14174465686639,0.990883459374352,3.48182959352672,3.16262662628289,3.29155345126749,1.00585406560817,2.53506085239526,6.81850356804969,3.15697067114617,1.69642549792178,3.95958576565577,0.705930086641667,1.51772326878563,2.69908566891652,1.02114054620872,1.06099499155236,2.26069941191921,3.67148977837347,2.19895420070797,2.72661069790152,3.76850923859121,2.78025424128354,2.49327890156676,2.87569018664761,1.74849210605114,3,10,3
"544",2.16611239102841,2.0054356742058,4.16712957971245,1.54406347756956,4.54119554304866,5.87407104104537,2.63378897971637,3.27345436281301,1.569062121397,13.0162379148506,5.25418012614665,3.44177041038849,5.29966995138178,1.93640928222142,2.04996768044037,1.84775208554869,4.075813167017,1.01330256099794,9.48237732265672,5.65172262504769,1.76634647172412,1.76576324181418,1.23876688688108,2.86225598837384,4.25568957265434,0.784664856290918,1.3893956404733,1.95726272193686,1.74365595702252,14.9574171885285,0.190009138421608,3.76964120601471,11.8615347625749,6.76726788026222,1.93443645126536,0.781602715414538,2.83202541133287,5.68915846595806,1.89009653508932,2.08695936310866,2.69576657741813,12.4830686952569,7.30434675378744,3.33882312839335,1.34606833240535,2.41341778253579,4.03236366710915,0.136832687342768,2.37844933292369,3.81909135310118,3,10,3
"545",8.45027971943866,1.52331280460179,3.38000434646189,1.68540583967509,5.55812765261904,2.14347480064905,2.4384964257779,1.40171688429112,1.83865743897828,3.03899240462417,2.79309308128836,2.56374967211336,0.383024584051564,0.734701789980437,3.10969305654653,6.35419096997872,0.598751041027372,0.413021788097241,5.99414461641355,5.24300449905775,1.7768755921012,6.86131600312935,0.214413407154101,2.62091289335212,2.30931844021782,3.58040591154698,0.74962581238695,1.95686077674078,1.09972533495332,2.05080665314816,0.57698556184055,3.35250400653999,2.04832020553687,3.26604835832671,3.15309109384586,4.42045097730722,4.75916721868545,2.06906806638404,2.24161592222792,2.20372286590414,3.31613465368548,9.75710448224975,3.34910685217836,3.11481909386058,3.40881056748897,2.94795013310199,4.65726076505182,0.174994099755508,2.47952335197653,2.71976340670271,3,10,3
"546",0.797695268427739,1.321979445297,2.37752069383045,2.33205692682025,3.56647650076703,3.09116330688759,8.53218170521165,1.33479588088232,0.929794740879197,8.83336673889676,1.03472658689592,6.71366500997185,1.20306243853421,3.78886093480826,1.62204014502294,3.9941187745653,1.87438701230175,1.54508574318872,2.00810207084791,6.06952652055349,2.17578662153534,1.72175330704641,0.455877906322882,2.4911236765812,2.56997158368151,2.23450167569369,2.50830038469647,2.60725774425668,0.861735652650438,2.48579764970909,0.386301218194557,2.60872349172119,6.81477373933546,3.22207523889628,3.00545368260568,3.62850328034511,2.23124004914915,0.248470101074776,2.0648603294511,2.74994931689004,1.83232153901315,3.53622629318445,2.97819949269757,8.93267261537636,8.49558329887171,3.2082681273636,6.63508307807424,0.448653136035476,2.31323559678445,7.12935479755986,3,10,3
"547",1.41696416355261,2.0062618631052,1.99579826779825,1.34612997612406,5.03520367588843,1.72908833748782,0.681677203622127,3.04029813172317,2.01002123170892,8.04648116728694,3.7882657620725,2.35646157254538,1.49940199411055,1.12655750954506,1.33205287773047,4.41338803977952,1.27254396052208,0.625858796899615,6.04188337780875,7.10573835397124,1.68789288574089,4.36229050450024,1.69302687511451,2.84130137515399,6.54829190045167,5.62670559588539,1.07252746937412,3.2753621023395,0.631362688813717,6.0697836642074,2.0669639660186,2.37740922747487,1.08538474802669,2.0828124981265,2.80634637644766,1.92157482684977,0.255110235027703,0.550475193231807,0.43389827638963,2.88853306326531,4.43949788991519,2.9843866732097,4.65739158643584,5.77409785702566,2.50888671403995,0.701079114985452,9.52588562965391,1.29631530521335,1.64576298309711,3.09835497117058,3,10,3
"548",2.93031917024742,1.98404112303075,3.01146020252478,3.09996124030954,3.6144677085755,4.49799120167701,3.06408987326044,0.421563977998254,1.67898457634921,11.746059019004,1.39076251036368,5.3150289348555,0.531925893295909,2.28238006200285,3.5355330895484,3.42305607105207,1.45945759697578,1.68324351853695,3.49396659877829,8.53106159705645,2.24362589789483,1.44452307559264,1.64079631187751,5.30282466979966,7.05197924412819,2.24823350006179,0.560295054750015,2.64325479873721,1.91355028934871,1.1949301572461,3.27265371599271,4.46162981184098,5.00522167083506,3.62712186164892,1.80366507547718,2.32747659363683,1.01086416604132,3.55624853036235,2.52019417211414,1.52831001875672,1.80564531700534,3.2461587302011,5.78724064593338,4.42823213238745,4.44205530063402,0.570260473255715,3.29888882555647,1.59455881527494,0.730710884551252,2.4897925619526,3,10,3
"549",0.778120534928288,10.2708598858944,1.64862736879285,2.68037922522428,5.95150469217763,2.02313140033418,5.10334599492368,0.161685214431769,1.88432006785151,5.3705275996335,1.97327753964811,1.82201572736229,4.76289398167646,4.89533055785269,4.58354068711007,7.58706864702754,1.59163455340339,2.07217974466792,9.05665635125098,2.00643318521911,4.32911620036912,1.04803703493954,0.208220913922232,6.66389377383931,3.82092365236259,2.60796826510313,0.635100650522242,3.27760585654777,2.49148129283032,3.79585207736961,0.909575975664402,2.74750188074069,2.70819827977574,2.22321355301728,1.0974597599206,2.94815504858876,1.48157777434864,4.43583080244365,0.260615046842133,1.61513259504695,1.99567574613803,2.77843153994108,3.80533767103198,3.40292047857187,3.98946711069284,2.70210525491869,17.3087839241211,0.769038710114625,1.65433966243406,1.1127044873935,3,10,3
"550",0.80389998294009,1.38859632750611,4.1566809507079,1.80589684073567,4.61126233339145,1.07088003038464,2.82748398090201,1.99556161239697,1.38359251157828,4.63991402794422,5.03503408143458,8.62740695927395,1.20714700894034,1.91997773957869,0.61564400218542,5.87822547940525,1.18763171093571,3.17368217362982,2.78103032716416,5.42194919141556,2.50217932029478,3.6058110094396,1.50386047635778,2.60233816319307,2.83761494416302,3.12707277585972,2.12643677396888,1.24129627513682,2.0528983465526,7.77078285886297,1.13975746991765,2.84764640536616,1.82988562873579,5.43339483492685,1.55682950987518,0.632281405765592,2.61567717091246,2.93438658090975,1.46882976988908,0.810612678735233,0.786728410764724,3.5243081553585,2.51366130324354,4.17824114116219,4.20471294151204,2.03472535871425,4.25104977628627,2.08301870340264,4.93246862587525,2.09747113862683,3,10,3
"551",1.59927657719158,2.10265377266309,2.16475598346539,1.49501845769738,4.29520583329125,20.0734699598821,3.11282483148083,2.15096715196149,1.5239916456943,3.98320155480644,3.71510389696069,5.32181207742401,1.53362922436952,0.857505802998912,1.54527050330882,1.70175362918925,2.65810710268319,1.55535774174624,2.01537408639817,2.54272049469142,2.79475700906213,2.23887420465043,0.448044791978799,2.0057118136705,2.01732887188006,2.96714679740777,2.37145643706939,1.11679500402829,0.718776151953667,2.33754597729927,4.22556065464657,2.57097828731799,4.61143529055089,4.20297074768814,1.59053846872245,1.79881774052616,3.63171708893785,2.21013201342496,0.487515186026502,2.59075825090646,1.39035182192693,1.22983749306834,5.17717786732717,4.62502030881693,3.16528801054581,1.23871751179938,3.47071264401224,0.664714610162251,1.77030594714591,4.26916124394446,3,10,3
"552",2.55849975751259,0.679902084809862,1.46887149432408,3.40843185663228,2.08401065562535,3.59977419448657,2.7064661714016,4.49167150748252,1.04648973737291,3.68154653960251,0.700234975291564,4.93133348920948,2.19287049868012,0.594548660868448,8.11595632315286,6.42437801799488,2.57633927473744,0.54440217602639,1.4799439122456,6.73682804275523,1.91810077348297,4.56687550379487,1.22510778579632,2.45409978077113,2.699945159147,3.35157756372836,0.868218980942629,4.37315832847582,2.50035089193355,2.81018798744474,3.12631786014249,2.10312610134666,6.05234372020816,6.74284257275189,1.98970339868318,1.78433270025641,4.44559333441443,5.51071027333523,0.987871837581861,0.878837524934841,1.93387575975201,3.27695300856171,3.62215681410751,3.19476075228511,2.33665627650702,3.36990924084642,3.23982162092688,1.10789479179107,1.28785102518834,1.4046664302149,3,10,3
"553",0.872249289894908,4.52119932806958,3.56476448327752,2.9584322158828,3.19438924455271,3.8225321587144,4.90870947774672,3.06025888394245,1.06675536517343,5.53182276424946,2.75940564638824,2.87078467974134,1.06164953639761,2.75301302806805,1.54918970431025,3.0255180655567,2.40367855808732,1.14516894407296,2.74868315733973,4.28594752040974,2.24888940734796,1.27442685413447,0.838527925465352,3.59509588038718,1.6577882931472,4.94647044829446,1.27661962401509,5.60526653308985,0.902105577010192,2.20543633556677,0.985263848382628,4.50232652972404,18.6849734516692,5.28839171518438,1.60345405095474,1.40301668245633,5.72427060630289,2.03099350211202,1.45427911489549,7.90793534357696,3.29375524774246,2.76544804110147,2.83666619952951,3.0260626004462,3.89392697687086,3.77425013595756,1.74109547933681,0.653939997497972,2.41247124512032,6.7170226177316,3,10,3
"554",9.67160277046812,3.78546891685768,2.65283594131625,1.51919065811614,9.89483429547088,3.75945389676723,4.90111396403738,2.88961302629952,1.71978482841432,4.41893468759131,4.26610228515312,5.18168118447388,0.769086409251499,5.97016303558235,1.32009865848139,8.84951542394264,2.36122212005861,0.755288632030909,4.05768842469426,4.35095278302351,2.38542021839117,2.31034524627805,0.412823180333468,3.40935727575762,1.14223807084244,2.7382815922849,1.87930694511349,1.51726550818569,6.32406998518551,3.77229300807908,3.63119255571733,5.61667315140944,1.80488615968148,7.09089359588582,4.75166399280858,0.914418392909726,0.45678090358026,1.70174784265998,2.33997490716606,3.57574179727683,4.07782537114042,4.6735352460273,4.7518585950906,10.0480281849014,18.3168365408838,2.54684833209884,3.18292205623265,1.00582146614076,2.16287021806384,2.42006142115022,3,10,3
"555",0.6705520447484,0.245221386317649,3.24233300420715,1.85511728035988,2.48596343221238,1.633516687468,2.41503984363666,2.50298988572061,1.12714208563907,7.63448161732062,13.3284886458315,4.03873319214194,6.45981122319241,0.908364285315426,4.92579378019107,1.76592206527361,1.71505429010803,1.14712203733237,6.22282703078953,2.79683588617183,1.80782870417014,4.00595802973958,0.294154314892784,2.31173023766214,1.73659748667793,3.97833024138515,1.05832481161369,1.92957073012111,1.02771098874256,2.94055433166207,2.49927303969184,2.26068679205392,1.24894888220706,4.48020523288291,1.26578767463534,3.01879740855144,1.11392136777717,0.683548413622353,0.904872076697346,2.64393597780807,2.27353399754427,3.90280044452279,7.54171788437798,6.96037112217278,7.4787610640823,3.66925158166304,7.97170458085803,1.46669821884805,1.66013270214065,3.32432047256331,3,10,3
"556",0.724148209417568,4.71653694080209,4.68577184518386,2.98921090242764,7.38981856992379,3.12672900098096,1.97551511633468,3.87599844151022,1.05357628527232,6.5956680080833,2.63852230715894,4.35923168084711,4.92663392571863,2.73184419572761,1.5126337641107,4.45627705581242,0.686729160698375,3.97895428693579,2.89772599394715,3.57468288975217,2.12173056158157,2.45337709332416,1.07816777227463,6.89087934293599,3.00230450256931,1.888609179491,0.74544340704366,3.13092283622526,2.20203897185294,4.45641106454042,0.677600807392588,3.42958903623777,2.86703529335521,8.21247976218032,2.49957070696128,1.74920151009157,4.80051482597417,3.28214372492938,2.72808613233955,1.63799721959566,1.45382655140557,5.33403552613899,3.01045473807547,8.67405640238233,6.38839035244423,2.00208360186494,3.01815381101099,0.948711109572208,2.04685377578045,4.69857829972055,3,10,3
"557",0.652329054477637,2.45131363802084,2.04857530042825,1.10643870574727,1.03686470414718,0.764023132202173,4.64213942297676,4.16108034633604,1.16882837934944,2.158297279796,4.26587800120526,6.29291895387659,4.65509085485461,1.866096293389,2.92431439422918,2.70047863752311,1.46676094730649,3.03149989074729,1.79500859153599,2.68320789513451,2.0086128092099,2.0757856713913,0.783355275577565,2.15068287578726,2.80557462621632,1.16666933566414,0.982294795269888,0.873173426731244,4.98553289242275,6.26984855826529,0.0710849482834756,3.01596524763254,4.5262619570698,9.12850640482134,1.71383981602745,2.69844452114671,0.486901768337088,3.71458624724677,7.40233235915095,2.24029731139539,1.49104090598324,0.986091087915923,2.60277668723476,4.02117318669889,4.51642020824633,1.95654088673601,2.89434394763047,0.467814859257254,1.75256435278535,2.23588745199235,3,10,3
"558",0.768184705122648,2.56025998263282,1.79369845705641,2.00504274758907,2.45240795323161,4.99237295412661,4.1595210142051,3.31172202209972,1.85011789141846,2.91661601079863,1.0699025430406,2.50019891146221,0.920047669128578,2.52147654829432,4.91020962811757,6.11541195483853,2.65586989164015,1.69277660719343,0.834796004410146,4.06554670157736,1.81453782850214,3.86403374268115,2.97627480386008,1.69552719225452,1.56591880856448,1.5389541261439,1.23912103582412,3.36339423630259,2.01658489417323,6.87345320694647,0.684130065984699,13.9006700120295,1.59143833272225,4.98008649012492,1.19346306155203,4.15228818084916,1.85497126589352,0.605772262342083,1.30909074763688,2.15760176580121,2.1801647271008,7.57587280695272,1.76799828248567,4.18188362316755,1.91568182934002,2.83787922345231,2.86574996020972,1.61148961445581,1.83118819275095,4.22233330134132,3,10,3
"559",0.717022235618652,0.460137332625679,3.50372247594743,1.8930081331367,4.11920606679469,3.10887747869381,4.45360755242478,1.80146827056998,1.81129339294245,8.15590749010336,0.85805193798044,15.7175830507873,0.871043578459708,4.49362730086729,2.16604698254588,10.831961109828,0.994082956126112,1.82218591325487,3.06101713706116,2.67871899161165,1.6417006365087,4.70336920720534,1.08130617791533,5.85040488097508,2.17202414649357,2.97315484923897,0.604758335617615,2.6919909890162,3.61648715113323,4.50376540889554,1.99319866145025,3.93144562785366,3.42724191744919,2.81533340968878,2.1319376761057,0.643398231882394,3.41142029986914,1.76488505502703,1.00064449886996,0.90065823253651,2.72356695101686,2.67160776920408,4.33989478367268,7.71495392838833,3.37054693847877,1.42292998151429,2.30497423560349,1.55180671568765,7.26573743334073,2.68194240014929,3,10,3
"560",1.31510394550591,4.81371884822729,3.20338549974371,1.33505315154553,5.38109060703631,1.62455444692288,2.59944947314597,4.69597158060353,1.57580182320354,12.8659300719381,4.9285238527974,6.63763957227175,1.59929423233706,2.53461271211487,7.05794234188024,2.69667799484205,2.07464507159084,1.13476779912803,2.26503603119437,7.83487155294186,2.19183166548538,1.6350522827518,1.32934530705282,5.67172431345896,3.85241876273177,1.73889772862265,0.879710777433772,3.068802360909,2.23109757384713,5.00416273845947,1.85718055170895,0.792581708742173,1.64371882825438,5.205039827251,1.62656498680693,2.92562395999867,0.946076564894775,1.57906345483336,2.44697636092458,0.984910906351003,0.776826865859244,3.6431726327141,2.14580843066203,5.5697776020596,3.53405570354844,1.70525204554138,7.9967731335335,1.49778678644915,2.50049604427567,4.13597121144361,3,10,3
"561",2.22705477640264,3.32057639269535,2.08884269514902,1.14701156928329,12.444434724568,25.8464545901977,3.63522431446999,0.579771425815868,1.10076202565151,14.3615561598267,5.43547201451582,2.42119038889169,1.56082596121945,1.01183647610288,8.7305597264517,5.18457978369539,1.94250895750905,0.899479554694342,2.53473468179146,2.63733004825279,2.77317502283397,2.26437101837143,1.40774204592428,1.94557650619835,1.73054237397962,1.40005381196257,2.99307841315185,1.17859370994662,0.89828168450847,2.57564312427379,0.625116300069894,1.72363368221926,3.38578888703024,6.44827577097598,1.51991327978776,1.63091788377031,1.0348556021886,1.84355783627455,1.23196896491304,3.80661913516897,2.85558624332064,2.12016108824462,6.44074769535709,4.97932237113554,2.73899053810371,3.15725934203426,5.64481456354817,0.551449934879236,1.79316538519032,6.17873572783483,3,10,3
"562",0.536448465824582,2.69840318598942,4.92459504027988,1.47079791358996,7.04252260590415,1.30214223082042,3.6824029798657,2.63264165311692,2.06885933186642,9.55000758426671,1.04201325489989,5.98016014509028,4.70087945840458,0.761033614982734,4.41813370441289,3.63466643602133,0.99319263170288,0.397158590033782,8.9417061267117,4.7939950268395,2.59093433974504,2.52558375161755,1.00963622586724,2.45725068432277,2.03127842214269,3.55627876804942,1.97444349182095,2.61401168443023,1.4198582733451,2.95756952986967,0.735556149418049,4.76869854795638,1.977790660014,2.48587573575988,1.04042751508563,0.920351104586484,1.9791992215389,2.871738756515,2.34973013625655,17.8859581114769,1.12585895300641,8.46923706577579,2.9155517686761,3.96451125854281,15.916950010462,2.36006633557065,2.1215137580013,3.13659727646006,2.42753254363665,3.38156493236882,3,10,3
"563",0.929019641699914,1.56011586727967,3.39862738039203,1.15119706647564,1.33437356044178,2.2921581795304,2.90120593603367,5.54495577525598,1.76356873499228,14.0850711663644,1.38863284769749,3.98481910219291,2.93425592943186,1.41051871197938,1.68603248870537,3.64966796252502,1.21895079848269,1.28033466469325,3.04457346183111,3.38858186329452,2.22548145605284,3.06215228284835,1.29231669977648,2.0244132194056,3.66483109237406,5.77077081809378,1.44485279662292,2.76809423408478,3.33226410740252,3.98381248401943,1.95212131499927,3.9509386365323,2.6790791047415,2.72114826899747,2.42949584869903,2.8352092908696,3.38234139166395,2.5422897247085,2.87100836694315,0.934979397868775,1.50989578811775,13.7850875530832,8.51326070349654,4.27612312325193,1.84428498550356,2.03093967662695,10.5181379699355,1.03025393677505,2.11863778794357,4.18135254044947,3,10,3
"564",5.84050907311533,4.03254770187842,2.29475133824839,1.36956244807201,3.5607918888076,2.29637731701497,2.52122108366772,0.502373196460932,0.757846669951829,18.6882465738043,1.67959192418968,8.02769997180173,2.9763899372451,0.949644759640426,6.39171201483641,6.13886141866495,3.31336189486802,1.49653715067664,4.12792292839598,3.82508986109131,1.34649372824188,2.35948310988764,1.32320706570304,1.65167930003444,3.49172047706616,5.31591999342711,0.636037417801038,3.70330949448595,1.76813809545422,5.18119529273332,1.70366271139099,5.92676798403018,2.37395039138427,14.2313913108782,0.715523747474049,3.42387746193413,4.13871494554837,2.24518584102514,4.13362827621558,9.67319061153228,1.11936473215427,1.24199806343033,4.534163336402,0.794061422377043,17.7608318390104,0.983449016600051,2.70717468204757,1.5815913784755,1.83083099097449,3.65468154089929,3,10,3
"565",3.21281108969048,0.499866702287735,2.35868681829308,2.26377106204235,2.38974071906615,4.78339131261368,1.41563644789748,4.05948414625934,1.20727466708443,12.0659927419641,0.447941445275836,2.72252887172671,4.10838524102618,1.98031902365556,4.60300057674949,4.23473927481479,1.55693861968051,4.70812711540025,5.62083709142237,25.1924932780502,1.15363026900925,3.19780448228538,1.14078639030393,9.28264775177375,4.3079264572205,1.29538117263403,1.39052228509631,2.45415827334828,2.17828011997404,6.15952241696475,0.416449154976862,2.99826439344674,17.8574132965774,5.88575553743361,3.10687526664348,2.12764302611586,2.07612840382475,2.68110439303151,1.57633739686074,1.8010942456744,9.82156084026819,5.3019253509727,3.00509597776105,3.34237249265891,4.3434211811639,1.18672108065618,3.84556206439008,3.928569079188,2.9639918939856,3.3490286339177,3,10,3
"566",0.456474253749228,3.60539628247436,5.26383011584915,3.33655100787359,1.90623209523797,4.9948769199421,1.99125368246157,2.15873688354094,1.37964935462482,2.69592299128327,1.10382571005464,5.09868263006595,1.7108004575936,2.34026458617791,2.36133685167669,1.7722323674241,3.27990455107236,1.03678088979776,2.80466070903432,2.23213099520816,1.79705478886674,2.30458273847511,0.142024821936742,1.74497095038764,4.36057381843574,1.09333743647521,1.92539702262186,6.93448316965395,1.38672682960673,2.87144239843403,0.520725857602771,3.65851530743162,2.09654716029813,12.9205887116213,1.85308050210501,1.01678887732231,0.826843312186585,5.63327968041127,0.558999865344287,12.1525947441011,0.850712639689971,3.40270175690004,3.32824403713342,17.6069994334547,1.88272005774569,3.06616608876777,1.94960251481259,1.22437041078028,1.61545036401074,4.8459497035854,3,10,3
"567",1.52792893100272,1.30377118744066,4.48287196486998,1.47442768173009,2.80636033638865,2.30676007376542,3.74440984572973,3.20361884778178,1.81674835440472,8.26170291695874,2.20259740550839,1.19418085166923,2.35990175640572,5.53729257699146,7.26575888902182,5.7967937948528,2.61101723377897,2.37159926291091,1.83146490925989,16.1737219852099,2.29460158531101,2.21403944713894,1.45647175152055,2.31444418575301,1.45810200165001,3.62424254141492,0.666548718941875,0.568952267883731,1.12017931186357,3.03147481207769,1.09295671344386,1.20940042466065,1.94624419126558,1.38430075311742,1.39359728685626,4.84387771905779,0.412570087201538,2.34082313724876,0.653680517221998,2.50161094049968,1.75156896171578,1.48314768219302,4.87164680512012,2.39967296241701,17.0811690537755,3.37518223585796,2.48705565118241,1.43378307916475,2.64775270702021,5.91445308236178,3,10,3
"568",0.719322459362555,1.53218551982842,1.48561610746265,0.52550974117017,4.04841371089318,4.82734158966023,1.51961980154129,2.32830140254548,1.53928969612297,8.51695738788761,1.11799479067986,2.13426588217079,1.03876181999704,2.80392789194078,4.91048309072437,5.11388906724742,2.10072448502228,4.17416571896942,2.05724345873479,6.62618181620149,2.16726552737936,2.4137786008638,2.28165178265028,5.6327924419376,3.65577048951423,3.43338168843718,1.78203066039034,3.67346930212247,0.419599305795585,2.12961612549931,0.704616006450852,2.04114565136307,5.94126245871524,6.18771572540704,2.40529634173794,3.87306224096834,2.53562320729266,1.44100896368825,2.51691783890756,11.7810772055333,1.88717800587723,4.32436197627422,2.5662431095462,4.70378565004726,3.16668462875416,2.47734085386875,2.60908368276697,0.501788103941723,2.95619683480859,2.67298592752334,3,10,3
"569",0.705513080950713,2.09315629361529,1.16447097043412,2.72799446260005,4.14800329023267,2.6883030094585,4.05647176047576,3.1858591131767,1.51775880385033,17.9618394998449,4.14696939674514,10.5604296688156,2.97844820627431,1.26288968474969,6.18879615972351,4.62405946943267,2.69043036592005,2.20640995228133,1.57280274184294,3.16754001541851,3.18685445003768,2.83303842090916,0.674478151746322,2.32468188106276,3.21192975482267,4.33152522956998,0.58449914159687,4.55250026914965,1.26666836104612,4.00849360957497,4.12313400984766,3.07644912741948,2.83568776454218,5.66956650388737,1.16159724993843,3.73605713258286,1.85823730028266,3.61093709942316,6.66670505120868,2.44466872411685,1.00931750022052,4.52924669777367,2.27636928383668,3.08697077285178,5.59445146366505,8.8858330773025,1.76470143519847,0.831601623899547,4.05010063435817,3.99508458294524,3,10,3
"570",0.40604688388563,4.50248896744282,2.60908907700043,2.79683014127503,9.43371440855318,1.46072033126882,2.09725231531015,3.11092794022567,1.16774314310008,3.42512376256154,1.59173437049424,6.31398199923705,3.21794194699761,2.53318047757892,4.76776905021365,4.13047222291473,2.22958538195913,1.5714864506413,2.75870027548217,3.73290901078899,1.92670488519501,3.5593324191864,0.742413050545914,2.16955541442407,2.44967375544433,1.66733197017513,3.66889227339455,3.19849509363845,3.8003718427893,5.26820271062313,0.647469822719632,3.37466976791857,3.89416333997198,3.53941769750398,1.09031607121795,2.72035539067231,0.446802025344518,7.49600034300922,4.14129665601717,1.58628192888441,4.56566317184972,20.4075897937722,3.95002087905405,3.19938198261969,2.79430839557277,3.28327715463119,3.07952735378276,0.881054312816019,1.93373010416723,0.814033700300579,3,10,3
"571",1.85045798618214,2.72959668724755,1.26290651442268,2.76018377018909,2.86321030213383,0.854062741213264,0.573365558080646,2.44301675027653,2.03246207015428,8.72463882800436,1.43507507462739,9.42736443603637,2.73105053284293,4.03890765641502,1.03988501066921,2.76128790839082,0.964390032917374,3.06732203422366,5.62719594807463,6.33062814772721,2.99882779810066,1.97175335190285,0.252438375321433,10.8748534484042,4.21458463949541,3.15075173134523,0.473841698833294,3.05864490722903,0.874177408789677,4.73841152449532,1.61399404733517,21.2684627334563,3.57146837499399,22.1627499022061,1.42572660686585,2.60258569864718,3.22227729680572,0.463235926572908,1.56460573270365,3.54906325461549,0.943307237381809,1.22010214692247,6.65469018296851,2.16546900938034,15.2390272996822,1.60820330903483,2.40056201303221,0.72054242675069,1.65705829913632,2.42360180590889,3,10,3
"572",3.19976658940986,2.19841699768834,2.63016736020067,2.48443389149457,1.14924303140106,2.62137456928114,8.03593517412562,2.39834824553888,2.56483572278936,5.23368388457188,4.81873097161889,11.0012107303823,1.54716684260146,2.71165904616217,3.05650744486689,3.5701832283868,1.34447204121621,4.57566500327967,7.08942075813098,6.75373963249678,1.05601772870966,2.99030542084055,0.83406981815958,1.6598506268219,0.853275624261512,4.02277142572726,0.729702655352535,2.81696310844106,2.3627570434491,5.22014567646873,1.09410079587563,4.83897636746233,4.6865008861321,8.13785719484421,1.87836503461752,4.20703255841295,2.66379176397727,3.73928041981035,0.799811474573137,11.3900962317729,1.5852140310813,11.5376369016553,5.13529809577051,30.6289030143583,2.27518307475418,1.01722197697562,7.43936264506051,3.22260165699998,1.55286924777627,2.52859153545954,3,10,3
"573",1.60464384544344,1.44297870588532,2.99485046242458,2.93645723276062,6.40619329608823,2.13884007395871,1.93516377996918,3.52204883918945,1.31580555298199,4.68932729118749,1.32592370466676,4.62978840680668,2.50553432982187,0.512240759403049,1.93770096349792,3.85817729964993,1.05371132790625,3.30192040622666,1.75236741720911,4.36782417579341,2.9114795552782,3.82679152845301,0.954177485265181,2.3877340579704,3.63303723387659,1.96449489863941,0.132652176438085,1.30437900262619,1.4242104040716,2.49980148984425,1.19344840428297,3.71537013007377,2.50925129114204,3.63650608728582,0.821162869779189,4.8426890058094,0.379039249872254,3.87688999587099,1.02830697296423,1.82061718197617,2.5726007362846,1.95318472235583,8.46052970226495,3.26423072142021,3.22849033837054,3.65241550161081,3.81873605890833,1.04381861182517,2.20619987395689,6.92502538995631,3,10,3
"574",1.72351163499728,2.71375283217374,5.68034436014992,1.39189771055,3.64280687825216,2.34644374700602,4.3348924842873,0.747877905495758,1.60839441556808,5.05141355395669,11.3058478596726,9.25664844614966,1.87216800826371,1.85810290401872,1.9025172577748,7.0380232593986,2.09877915321365,3.78975192377079,16.0057039157748,7.29575022520184,2.48079261617455,2.06869428414107,2.38282980411299,1.83410776095334,2.9469730345136,4.59538698106604,0.203428276578572,1.75543896911261,2.55706726269845,8.30285722123808,3.16122533471998,4.1949806143107,4.10933453691425,8.01261054335087,0.967571834689825,1.76206014894432,0.278240603677234,2.2777834615923,2.75587738808945,1.66882445649535,1.92013543724675,3.50394522254109,7.43027246583397,3.3309962297498,1.56454897988207,14.4499793087729,7.13287934943624,1.77601731476319,2.35241171371295,2.7852673226638,3,10,3
"575",0.606432295530095,0.932527852693497,1.70474276220634,0.449543678399883,5.84430210577022,3.14349151926193,4.02403167361781,2.53650915016907,2.44434474630553,5.9356134563385,1.37476942682815,2.38932470527316,2.35263610992148,2.37113800795445,3.34706708235245,6.5037553023661,0.910934524294461,2.16308602368926,5.3687055575719,7.28742160135333,0.166536675123206,4.52112445297984,0.989821664123525,1.80072813115696,2.0147962146628,3.51603982097078,1.31445796944018,0.913306141085475,0.485029713807777,1.84450690840091,0.654652296564208,2.77056797319233,15.602154419774,7.89245686333978,4.52979091347192,1.89443437140153,1.90833478655304,2.16597516629124,0.882553868249906,2.73562907576387,0.738539752082633,5.81800195105474,4.79888745954496,2.17084729584289,5.79660752146564,2.64227696379667,2.54346962732358,2.86478780589966,1.61557574368919,2.19627321872877,3,10,3
"576",0.568874791820332,3.33762598479756,4.32044279601758,1.0875664818978,3.23809725330808,4.12465985601644,2.17616723077576,4.38744629956199,1.62403811150795,13.7225409518904,1.33788418095206,6.78941389957707,6.29302002728257,2.76575477475441,2.44146641296608,7.70426975352334,3.3675372475293,2.2560911699136,6.52225465616324,4.31903739920275,0.859147210637213,4.33434063388714,0.806054341952538,2.45514505063916,3.22327730236689,0.877787284604316,4.10710513237888,2.7713392674572,3.28376601338513,3.51018284235204,1.03600206554181,6.26225191249881,1.5484384087369,9.29202660309185,1.84265314140039,3.27527738156048,4.62984539036577,2.15028501612778,1.55825027707982,1.59771150374661,1.80771292294835,1.4710165460484,4.99835691678708,5.52496834258789,2.94700661473748,1.80284655960624,1.97456955727228,1.06359768482942,2.05638606925569,2.85372414966546,3,10,3
"577",2.55286916428846,1.90468182346771,3.05714737400448,2.23785220299052,2.64493675714792,2.552094224965,3.29615196849109,1.19420108334459,1.61904012260779,5.52194521993442,1.03405335312223,4.53155161657756,2.68073028933421,0.560555344379679,5.61681312950624,8.21676950405242,1.55176582196006,3.36241547651768,1.8566828679188,4.9313124251415,0.869908535904269,3.46910478836777,1.03343717718513,2.50162520676318,7.91935995554548,1.76118742830401,1.09289595497338,1.37698011897721,1.20542540225349,1.03287073934383,0.153231226829438,4.04523365586228,13.0339245641102,1.13710634158949,2.27859059117665,3.31961773526746,3.86417452273284,0.258521286527051,0.238003760484844,4.53228889476821,1.24412571136085,1.67824822201236,3.61343949274465,2.34391348884143,1.7539116544261,1.8503346939711,2.36766494124024,2.22166550148453,4.86718366300098,6.56783748529018,3,10,3
"578",8.17102346038184,2.01956186259329,5.5978864608757,1.62891147938625,2.86358258511866,2.87108764986364,3.6806528328171,0.716975487613221,1.78360933850865,9.23941937211542,6.05390838977991,7.79657804497559,3.71244744460975,2.85687028918629,3.40432333603326,1.89926110492089,1.1001891230362,2.17554691597684,3.85070198661292,3.48265280306295,1.8213574927625,4.34006984967922,0.713953565423173,3.46296124199023,1.21254020576871,2.6355282048472,0.656040466391888,1.33568732634722,1.72749218112276,3.37706287091015,0.373556502860363,4.41145898239417,3.12903445497931,4.5242534414612,1.87053896388387,1.52561617264198,5.7852216991856,2.50283897309481,2.3171901607594,4.3117527422026,2.05755055715616,3.26317946577345,5.01049897114747,2.25853069764858,2.57837377903764,9.00344365503146,3.92962939950316,1.01555033977051,2.61325022455421,0.948261948591665,3,10,3
"579",2.9267360106642,3.30856847785712,2.18368453008625,3.08959834021865,4.33273259483736,2.92106886703597,3.03853844328395,0.996273872748521,1.88818999676528,6.85922075445211,2.27179450314908,10.4166137867112,3.29405806737894,2.08057114712152,2.19184239047318,2.57944351338916,1.3750961642567,1.50354141065821,5.0803601698572,5.02760340731469,1.77422579429924,4.1193738963184,0.943389337680462,6.09641119331489,4.30422810377122,2.01567730872473,0.53584898848271,3.62596812992298,1.93474634176463,7.90876624598729,0.556386282209833,7.86861972321035,1.79148287754184,11.3195113586389,1.18552519949018,1.6344649976363,1.50970264968743,4.37327093366507,1.88762128401253,10.7508371175895,1.20197471136126,1.24328605574802,3.12284340827932,2.89414227701433,7.5234427529841,2.60578920657556,3.26334846561416,0.972976374603615,1.30909186748913,2.5243662220178,3,10,3
"580",0.951100593699788,3.25265471295953,8.03431723831529,1.7124252577742,6.50522464030825,2.07427889905832,1.21811065992122,2.17642899244401,1.07565173380747,12.5141906632349,2.94622140370825,13.5842163995554,3.23019952289536,1.09193293234096,3.08282279764373,9.05334512607732,0.924792572123743,1.70387298740234,6.81499027838999,1.79702653916643,0.471704088776581,3.67911123698543,0.701882097875144,1.12627125046697,2.98419737597886,2.17177642499645,2.05721909711746,1.99553439773002,1.55756843269406,1.90013146713444,1.97429777784608,2.10290180762707,1.20220304895135,3.9927601620884,1.20413686760236,2.75948839410163,0.777418315353185,1.53541925979782,2.15725654377214,0.485112560424134,1.56527455585896,3.47540435077271,0.288334423183781,4.29915839026276,8.20300236585736,1.20148305324611,4.35918511916352,1.73439315724521,2.55198540291526,4.84433895197866,3,10,3
"581",1.74581184227622,0.929924686131476,5.76929578367237,1.13667107994266,4.3359949156623,3.16153563232633,1.42537827419328,1.05049314305708,0.902715154546506,11.4854422919597,1.47590075884361,2.46594782735144,1.46723760450864,2.53857713429953,4.53052061709496,4.85444157223831,1.2146717165746,1.75391882743954,2.12694902638031,2.19842672365352,2.32290509538512,3.43241059498778,1.62422464626374,1.71395805215927,3.90611543333961,2.38330748113382,0.10563187917181,1.46959000919238,0.701539849225734,12.1401546761889,1.37812777000249,11.7564427515991,2.12396873212529,1.69319745294399,1.14965771817471,3.8822578150235,4.78891287886614,0.652776031314615,1.60417356641614,4.3368233433561,1.76857786789248,2.11333530872518,7.38342363964023,1.89351235418884,6.7937724303628,2.28318975124832,2.4545629624736,1.41658671154437,2.24993286911669,1.82438095299631,3,10,3
"582",3.31950666956149,0.924523902084218,3.08975582618208,2.10097168770219,3.09805838379973,2.79454768125245,2.02934736290193,3.89366835083744,2.58911210380002,12.5853866946154,1.47303185484036,7.40001068541013,1.95669608116426,5.99415794947216,10.328274515349,8.53173169163559,1.40117702394113,1.90843007408511,2.28509889725579,1.99124572668807,2.29610393233856,2.24021803714012,0.575947668035884,6.46640052384765,4.97969612189372,5.25089003316834,1.32253790569874,2.83191517931295,3.00616089463726,5.73489394115092,5.331678508742,2.62240424707686,1.09407848815866,2.26991250506931,1.17077192218223,0.631888026577588,3.16737683159121,1.44609465701801,1.82966740577664,1.98398036271488,1.9967497188637,2.14445773514235,4.36187823436864,6.2597339163561,10.3326550519918,1.03833619356736,3.02780781442747,0.816935209917648,2.21987265052022,2.61624618554989,3,10,3
"583",0.53200930768016,2.83809843333716,1.81202879040083,1.69581433623166,3.71886586887196,3.55822773897557,3.00519009589134,0.655683742601408,1.00062040722437,3.1805784217576,6.54083419081496,4.22991838729183,2.96790053918587,1.59757517559064,8.88807076103214,5.71673944526623,2.07443856334173,3.28533342978079,1.03178940495095,10.2462594740204,2.53987565354031,2.11131397579786,1.41259079906517,1.65079700986221,2.0853683615842,3.90034720372857,1.26987498073868,1.06830748461314,0.402109609865977,2.19437611444653,2.29847611045821,5.27992101780473,2.70809339387404,2.47706823818052,2.54558208688186,2.73805452400453,3.38429650690835,0.767540806098744,2.77221382941654,1.96917206960423,3.88210322826226,5.16254574737703,4.02834011437149,10.301708907383,1.80897944494118,0.779887396945098,3.31963092600709,0.927197419363638,2.12370313032101,3.52099259051031,3,10,3
"584",1.40588976114906,4.24105586305702,3.20663083074301,2.22888613557268,5.13465686661231,4.24200401049314,1.58949025985036,0.467145300379561,1.63533638880268,9.72274386387681,22.8599955823558,13.4053042600166,2.41867340799144,3.77058190370979,6.20657276643817,3.44038095320157,2.14091332065762,1.12390070565,3.1385073339652,5.69558684640462,2.31927613881511,2.67038046704879,0.781774823916462,3.29041772388439,5.37093136299679,2.23383616596617,0.382195104276512,2.27893963283336,1.25727957528003,3.51826230667686,0.855587790261097,2.32759283352487,3.9321480211135,2.23557625898985,3.07795582943748,2.45240379322514,1.25006608508629,1.31485555926167,2.84877471906898,1.1124422272116,4.9151999622837,2.80750019909021,5.25182003661333,3.8754992215125,1.25180616273961,1.76639629530487,5.92540238197878,1.83293183471377,1.760788267688,1.46772575727255,3,10,3
"585",1.28736842940653,2.10746747331357,2.44054654265754,2.02141679631688,2.92126062568018,3.50079488904938,4.48324642467262,3.21777561254876,1.27050536369388,5.94012436100775,0.830198440560643,1.84857779359566,4.9031001076702,1.45491390372443,2.85979571141906,7.96192112994455,1.32336872339597,2.02960074498676,2.53234559944301,2.43060258530527,1.6554181859538,3.99690338034641,0.518419089535384,1.9613652360458,1.07227617785319,5.1167027426178,0.657361025470226,4.07910331727888,5.69123999137746,1.50864926728225,2.73901179029583,4.50471304244458,2.74774034172591,2.21416970762083,1.9944638944082,2.68115195133256,3.12525298776425,4.41379894564913,1.79599185947756,1.86112226776073,2.46851041867504,2.25551548896277,4.56932282198344,5.14995403366537,4.27191983187809,5.64993893229251,3.56778408060069,0.994523333274947,1.22077597800327,1.58205458973007,3,10,3
"586",5.90920611666257,2.64102591646334,2.36576390003292,1.88941842101498,2.56296056635977,3.20211265017945,0.553254089046201,0.981167417065874,1.89275938773684,7.85814631954562,0.529022924357107,8.25061707173256,2.27986249807181,1.49875194834077,2.53084857551917,3.85072455105554,1.55956504505906,0.292965076181398,7.54476967600899,7.68165919595858,1.13845483716554,5.30701856552541,2.45957530217786,3.7626408140249,1.51613242711472,1.72479429360222,1.25375452194017,0.880897839458741,0.791625231053091,7.19875748164428,1.76216598471997,2.59977125478257,4.23005084120423,3.25328949399784,1.88431141502681,3.03683324190755,1.28042820088234,2.21960495911915,2.21029061456982,0.823289209799925,3.36320219156053,1.93064546646369,3.09616094906797,10.0802362116942,10.6933814577324,3.59698406369855,4.41579270411779,0.330079596947176,2.03941205270805,3.13562068487191,3,10,3
"587",0.929518610878588,2.88949141457486,4.70964422866195,2.02469492500459,2.8784525663052,10.2261800460795,2.69113465848813,0.782260908485116,1.20592738171223,1.89746955806531,1.01384482325906,6.1901955417322,5.85373033549964,2.77224309339765,1.21040212838253,8.88028544948389,1.31375104587275,0.966298138299307,13.0255890561153,6.75947503504617,2.21692394676049,2.21259070887776,1.7685622791175,9.58980502061468,1.82974818115315,3.51448773201725,1.84869143332958,3.02236684119035,1.48808383118138,2.72571506518871,3.47586052203138,3.46385608095235,3.9829887686328,3.79346011227772,1.51781772703665,2.68346610767894,1.48870177246391,3.10236848229905,2.07530209773154,0.682312067099137,3.33950674914145,4.54401129868952,2.54002196177894,3.8353553285049,3.5181771616786,3.15248736453174,5.18405438613501,1.50191949731931,2.14645845076058,1.19661677949529,3,10,3
"588",1.74913883736157,2.48776798233109,5.77696278773295,3.01908916819228,5.80010399960874,2.98807167646593,3.18366402547077,1.33373150675675,1.69172313831218,2.25179387474553,1.18002355685137,20.3214155852864,1.87238586713702,4.16546203129963,1.30160691170076,3.78537514717656,1.42354629217458,2.39039841022167,8.42737156719452,11.1791094824828,2.08589979526954,2.41097870564276,1.63103815988532,6.40732071161865,0.801857220845166,2.31043672189161,1.7628595413815,1.13663470380203,3.15809266532551,2.77929307781941,0.80656458953945,6.36089282838096,3.18397453614215,2.9494682196461,1.43380417560756,0.704572769296151,0.911036353725955,0.984084036610907,0.655677884840489,3.88508871686363,1.07911404411154,8.23212764253091,2.90935781332728,9.60502125227192,2.19461293999587,2.93530462793791,3.28920141976519,0.635789594306645,2.22854605567834,1.57117490572505,3,10,3
"589",3.97633514440465,3.15948653217833,2.23631387362541,2.77612883874764,2.24063351898851,1.93514853500932,2.49590056969087,2.7023593928501,1.4929706814599,11.3363789829473,2.18123818028198,5.73753999598084,5.38673426491267,4.87036104816113,6.37879228046187,6.07102363510101,1.47872620762422,1.25346204012055,6.86173025076751,5.04003181458051,1.77737645223248,4.41724082677541,1.31390447171889,1.44862964925272,0.964282134237723,3.37693383524379,0.652588694123382,2.90402186948303,1.79849361671623,5.02231563147452,1.65838399130271,5.23946851248342,6.4640571329611,7.67642949365321,1.02231608671625,3.01189131746528,1.56335178849806,3.16829630933071,1.65140425375157,6.58982058519956,1.6301085417024,3.14257517561227,4.61063376490092,2.51677189807074,6.5881448304938,2.89305884783884,2.72648985632332,0.805740955100844,1.49726300668898,2.65625079383339,3,10,3
"590",1.659296027535,3.02064260966732,7.93199186108565,1.27855790558515,7.00300570067408,3.00689220661744,1.14561332469768,1.62451943746241,1.34893587269432,4.61648078293524,6.26017088071329,15.1464809159298,1.53657888561652,1.46956094968125,3.30136303213742,3.94466115757436,1.29996978051139,3.03191898685899,7.1049658802069,4.48945098406435,0.488031388947111,2.04165690380884,0.89567222181702,2.5975948302477,3.0158232429092,1.75767363443774,1.59907889759701,2.57200191410193,1.09233190110494,3.22563988756022,0.920262155673901,5.18452941189908,2.54900062405508,2.14241469161718,1.67035325995216,1.32208481902,2.19129960507619,3.04622630469461,0.748826430780104,1.14140386429044,1.83852078558863,4.09368951722693,3.95210057627335,4.8470123447347,2.7835553264075,2.32203642704844,11.0221843204679,1.97305559902916,2.75830417549786,3.81176299803546,3,10,3
"591",6.38937161248226,1.00892026656764,1.24903350161075,3.15355896660871,3.88506868669487,2.01309367759082,1.87856673023176,2.47137896339679,2.23003916619298,6.69345594730198,2.09614677538064,2.28721003806787,1.43183458428071,2.08685011530987,1.19470006983205,2.41496002002216,2.77881739200393,0.22542816946892,3.55565696821418,1.66418627811601,2.14764617999434,3.92131848379391,0.385639617482602,5.13367403996849,0.560965754161061,1.72908545469305,0.638313358993957,3.54632534721775,0.956927683235504,7.50918657931872,0.409064068374359,3.44742176470684,4.66151040203181,7.84290770824571,1.4764143137934,4.29588531589557,3.57752885446601,4.9008415157675,2.08882235665938,4.63162610805996,2.19457143086165,2.61671992442041,1.12317962800687,2.29613367314048,3.43378858535207,1.40478822885547,1.96286152948794,0.352708951883113,2.36120152100528,1.37934894137437,3,10,3
"592",1.16324655541812,1.54766759781205,1.98081632157398,1.18496081310484,1.98739159790276,5.36879093154223,1.52109189022209,1.06465641755496,2.2973813043602,6.62162737873887,2.799451322527,5.76990584419858,1.92288586963239,1.07828214297217,1.47262757799178,6.65402776294529,1.06736579516366,1.39728067117384,17.3604218674177,3.86067751791341,2.96726054533971,2.69939491287748,1.13744282943283,2.44226512639306,3.49057645450172,2.24664363979415,0.636852078885598,0.694856565893769,1.12281178626493,3.33146625074337,0.78853513222285,1.1890979789884,8.10982483572061,5.51836672782248,0.700579620393665,1.47452101375672,0.680545366610999,2.90984472687104,1.52677114091368,1.19382438152883,4.00891022983315,7.78989450104429,5.45089668888577,3.53243667659828,3.82952966921616,0.280254980138986,2.58240425590094,0.881051976912709,2.50093093547667,7.25609448580722,3,10,3
"593",3.94570595353623,0.469321495947566,9.34224566004155,2.36043403288938,13.8445940195604,2.2664102451484,1.99218131302449,4.02492794592873,1.00517895546553,2.64548097754456,1.0994215647083,3.96895272328631,3.89261574162243,1.98440388983657,1.64433766719393,11.559355936195,1.95121689156102,3.88569146922662,3.39437867464962,6.45061573933854,0.918511336141184,6.65198909053944,1.68417829714052,3.00935577367075,3.15552299956216,1.16554036459522,4.7707918364686,2.09624694900916,1.22390234865285,4.47244429159068,2.15540746573526,8.38678049864905,3.02184305747855,10.1866000762629,0.491037946663851,3.8819323984767,3.60442395646264,3.85617813592824,2.04763326638444,1.82825629923464,0.993259158120995,2.69317347239595,1.33414188363232,4.19605014701575,2.05701753539949,1.36364249424506,9.9987560499308,0.473955687878043,1.31544211347651,3.98758574141005,3,10,3
"594",0.845689949292084,3.13872361916885,2.07764941530123,4.86248992466194,7.89828207364709,2.57226022763649,1.77758609745738,3.23481676507705,1.78888634490142,13.9677596532649,3.09475982513449,7.11690435072891,2.01830726913266,4.37185994748334,3.46980402488129,19.0556544931758,0.599013279344356,2.81012856707131,10.7206801988027,6.36427286785048,1.46256567164779,2.39890681470294,0.668429700963738,1.22412497379317,1.41847100506692,3.51133047779326,0.85355344717208,0.856249478022388,2.57642907644839,4.45352837266019,2.13513271517102,2.50562453493672,1.91035765142936,2.1190038126464,1.33857679757859,1.16628924666589,1.47160481607505,3.72210025422673,0.927265013324354,2.37386564677466,1.02399029344371,2.18101016255151,5.98522091063178,7.44180739827697,1.4452453880314,2.12305824861274,3.52902337782342,1.05462417472872,1.93326451662919,2.2901055905652,3,10,3
"595",0.974723618861431,1.02083498916264,4.52414222145106,4.86610543982058,6.6322689279979,1.24893829116144,2.01170456338313,3.72494153294339,1.81217353854816,9.32113266800648,1.41646047694057,3.3139792491872,1.39071867947464,2.30793439241916,3.16863196585578,4.4655376384983,0.780640564381042,0.729559497944357,2.98574606118441,6.55258533640697,2.66258847416746,3.67874901243428,0.759811785267709,11.6100705204454,4.70522530187541,4.23142937328657,1.85345277891154,2.36194623864752,0.672108206665242,2.6717852377785,3.51439351973148,1.94660896462605,2.99376854109141,5.26029961416536,0.809540215392939,1.64324444169107,1.12723259692866,2.67749302342647,1.032313723222,1.40113585469788,1.23731703014851,1.73036539773062,3.13081612263845,1.86030587066685,8.67073148181858,3.82635070328171,5.53254858846292,1.7708449471082,1.26383759101246,5.83147386559714,3,10,3
"596",2.77654627984485,2.00297523954172,4.46498208616076,1.62713046724434,2.01768834792193,11.9031747924025,4.91958945992481,3.11099438495343,2.00513786887944,12.3170632406515,23.6124124952835,3.45042692393395,2.85646747652841,0.533653663374325,2.1362165012587,3.04302273551793,2.93223959883823,0.62459284603361,9.48019018353817,4.00230609336459,2.35737514137364,3.52577193722198,0.952642083776696,3.89617229073431,1.13678663411239,3.14573426381868,0.941180226228258,1.78812271905318,1.15505802662976,3.86117853070142,4.61130373593418,2.68515014870172,2.10276016016686,2.83646291076159,1.67306175139041,0.264052499758831,4.01307582044469,0.410834753820506,1.30309889901535,1.58363944856616,1.26664024191609,3.54026248133973,5.73329111430155,4.38564106578836,1.52056091932249,1.9338806844138,2.95410544137536,2.37529287219813,1.95269057159954,4.33320174721678,3,10,3
"597",0.236795545666034,1.81498150310645,1.64749513365988,0.918685298101995,1.67189086816792,3.90725427926656,1.27511458413069,1.21427592455953,1.26953601426335,29.0699216644263,1.94486276284687,12.9766062508481,1.724857517075,1.8233841040841,1.42583872976425,5.11980755526442,1.52913661623057,2.06948253647399,2.22018252447817,4.51196439102353,0.631706022750676,3.16352394157046,1.76330309272808,4.5711519532548,5.55912456074862,5.48526285333348,0.977972940729944,1.36984526498324,0.903602058538785,4.65810026089571,0.837871089515273,5.00966760916719,1.68832892964353,4.70276732721476,2.93305307443324,1.23841526693499,5.16231482540387,2.64204183361748,2.33408246616101,5.29071841615254,2.30484705056043,1.96665411819561,3.29478107805464,4.00064944980604,6.58786476326224,5.50504873918458,3.58400832621515,2.24533514229362,1.81286573117154,19.8734748276579,3,10,3
"598",8.7830554432608,1.07662796732425,1.87366351962976,2.52686750040266,10.323790713502,1.28675080235576,0.728109197038295,3.77237921553055,1.15712953787359,8.51489794561855,8.66559602328504,4.12837073651902,5.09142351861919,1.49000769870857,2.62541545305029,7.94390046122595,1.16292473614657,2.55651534599845,2.56737031544402,2.15129723644652,2.34812759615851,5.10621465718826,0.780159335521429,2.96947835333512,8.39293558131075,0.66822718902061,2.42236905110532,2.63743828855415,0.664638161417669,2.55260355285136,1.83454242363849,2.16882731507834,6.04113337762368,8.43659599283875,2.54081869493075,3.05051203450965,0.467339282835066,3.16720331209313,1.29576576422809,2.22813321278075,0.906138731234648,2.57844431557385,2.69916922733355,5.52741752949706,7.50411245937493,1.48485337112329,5.81060254292742,1.86888938118739,2.21299853133213,2.6301233713559,3,10,3
"599",1.13752027980819,0.317098753862899,2.82298182903791,2.61973566012772,3.25081790224549,2.10025073072713,4.06817954725804,3.06406389243653,0.292729925249218,9.08568708014246,2.7315526792312,2.6507562362076,5.58400928637668,1.72194547096594,6.14947127186619,7.17010199917441,2.45090931113659,0.79572489814104,7.02801259415316,2.41839922337712,1.58134473284789,1.48237905641529,1.14775375428614,2.63007930422207,4.86047993583701,6.14280967023832,1.93546743001901,2.59421857671132,0.901125779323445,4.9154246015681,5.21021616808866,7.65874219220888,2.05926626078259,2.23984925846608,1.27031409429621,3.24360008043688,2.48815553452324,2.50283290736479,3.36377853250463,1.79697933425963,1.99514552405163,4.82485379789349,3.80885809448382,2.49127915559827,7.07164586749297,3.32596727795676,8.43382387213237,1.48108859355973,2.05267310872044,4.2539682867041,3,10,3
"600",0.643056415665225,2.96099759560034,1.76687921341261,2.38344310023511,3.46724997355575,1.7331290988445,2.34211914177487,0.875280215131704,1.41482830192481,12.4665933783994,1.91989605292582,3.62815490572169,2.21147859032552,2.51503056118036,6.00588017192796,2.07815845110547,2.2682804425931,0.984599519641528,1.70043578031321,2.13651112377851,1.92745407823741,2.55236366562055,1.53508204707936,4.22370091797293,5.41545646775313,1.88797234645551,0.486733361988423,2.47638264635962,11.8899791495603,2.01750308973729,1.09520475697748,9.7819926972218,2.27411034998133,4.00252272543296,2.29413826441329,0.640158549426332,2.17552557263998,6.0208771531291,1.61023995140191,1.82312266968986,2.01600879593597,1.35925429952587,6.84097065641341,4.62790105666988,2.50227810990915,5.56770959158696,2.60284152911649,1.04677466905147,2.08830419873653,10.8340136728719,3,10,3
"601",1.17690095380583,1.29627650752679,1.77675960603096,1.78363472829729,3.78246924468221,6.97376712003356,1.5503918638411,3.68784670887602,1.61028323301527,29.7513460541926,1.08680848061204,5.17140281503656,2.86341644364286,0.576025292621539,1.9259258518537,3.61142415213211,1.85110212313643,1.38775542520218,4.76790984995365,8.66047771156205,1.92150199791678,3.31416398023584,2.30181237619548,2.7651883618253,2.25933956914019,4.39220871552061,0.738661954849345,1.30859286769101,0.9508186286747,1.26500676545658,1.91847559059565,2.43653342779594,4.43432563280027,9.25143644153509,1.15945052485269,0.732466084027602,3.79006290810077,0.913381393562173,2.58229470881774,1.2932092967659,1.35748329739485,2.75120851627765,2.36644655168332,1.57161837532302,1.26164048827195,7.18216870958668,4.57435933673407,0.464879392524452,2.55252553497367,2.05357325734569,3,10,3
"602",1.01993610693932,1.02405887606911,4.58362839382336,1.19979061704219,11.4245360570283,1.98156000468017,5.01811045707883,2.12356056884435,1.04254448148207,11.5557933662885,0.855627182406931,3.86514037790907,1.44175177619323,2.62310881708584,3.64304067266567,13.7515295309993,3.00776719379817,0.390282488145151,6.43339329964349,2.4350406261314,2.59694313175518,2.13670902870267,0.626542708109253,1.95823791755093,2.21387615904199,2.60504033150102,1.68702442188211,1.8295260568906,0.326561206377101,9.48851301807908,0.922920244714243,3.57122725676719,4.34667541413878,2.5040645904599,1.8379950067669,1.10939618700299,4.69278954138522,2.89701224323207,0.451368393647673,4.19007360968181,3.15712757536381,4.43855995433796,2.28550739395804,0.875127045045803,3.38317185376392,12.4865119123941,3.10542192423197,1.00377976591732,1.41449085965098,8.56808073898161,3,10,3
"603",0.28156133492275,2.90011943917401,1.71365102333555,1.93516579073053,2.7305161453237,2.45886063985832,0.297727199952383,2.55073063746415,2.26442942663459,14.4479228315709,4.01671965641133,2.3743837474556,2.83718916406883,2.72776982306738,1.68989336825013,2.77152417415847,0.789156945298199,4.95298903119162,3.4395641552776,10.6727379526184,2.06316516316737,3.65023439862753,1.08202058789721,2.83523740144449,0.908520739606755,1.62460044270111,1.64578479839148,1.93442257773673,1.76129039355893,12.1616701097945,1.53693089164433,4.88909009342203,5.51075197943752,4.03243269617959,1.87812548471556,3.76509029569122,2.18135149168796,2.90199566428517,4.73722890381397,5.07281739569337,1.72100001786652,2.77279766895991,3.10233782215952,6.49946216466468,2.07409187710465,3.09463634472323,4.17940944253444,2.31841581931144,2.11075326516405,5.30379930774828,3,10,3
"604",0.644426875166699,2.91169482135419,2.10252027319688,1.60269138230831,40.3540244317284,3.20012874901695,1.9507164364959,4.95650664557228,2.98990897558302,7.47715451705588,1.03918272103147,6.08954551831254,1.67294425216266,1.08315501771041,2.26826666237655,1.90970344030371,3.21041609437986,2.07336616461722,3.95110219895283,10.8097642106821,3.05532680663212,1.56968019184837,0.156859341280042,2.71904063000797,1.88701328708306,1.70061625676333,2.7384968418129,0.278383374580968,2.47614671147034,2.94163611219972,0.798487411345952,5.6709554102018,4.58652040150088,6.70346967443699,1.2783638536904,0.688193108027469,2.96371246112358,5.17434131425181,0.759034727485388,0.512124420002901,1.45669237831955,1.67998018497829,4.59246229537571,4.35889444641841,3.36038135885826,0.898164036872976,2.62382537948954,1.08631666099034,3.27959286251016,2.53776495531326,3,10,3
"605",1.12650317261342,3.32798381809479,2.26824482543607,1.40239797505715,3.1344911423954,5.38344646139885,6.88660773389709,1.28705788413153,1.69290656676379,9.1406412227449,0.88830093426144,7.89783003290273,2.94831276879879,4.5488716465924,2.9327654751753,2.72221838003361,1.11576391538145,3.56719906209779,5.55411355260056,1.78890464934704,2.15496702979747,2.99496755432184,1.74798301907414,1.48408707411841,2.28883480617003,1.80442326715579,0.715927964872312,3.09199663311968,0.46382053423479,4.33762346252285,0.370900868725263,2.01309271797909,4.83883116604195,1.902146699551,1.16112284225512,2.10039450903166,2.89879594179359,5.80670140346605,0.481726596377377,1.07465310023039,1.31832934253964,7.64570920012754,3.25667158106025,1.99657800697086,8.09673337066143,4.39869994035076,2.41852735364363,3.94358044090137,1.92799198640566,1.99552172569559,3,10,3
"606",2.79919300674347,1.88869218143469,3.16765614178602,0.692639908406659,4.98133472581926,1.97414727293566,5.74051299662905,4.12125240223439,1.53842801995034,7.21462209465372,1.33771417335865,5.81686754785009,1.44116872837117,2.05862051749159,5.71137413716758,4.96040311647412,2.00017999614478,1.3710789753135,3.70009623151599,3.49014028132078,0.143893782899356,2.38071235874962,0.994321027198454,1.92594938517115,3.20714203284577,3.3011144117834,2.65108806431562,2.14808117968681,1.17302467529776,5.54832390453163,2.76289805950634,3.39665308146617,7.18999129818754,5.58073145650879,2.30021378942611,1.96743677934509,1.91974304255534,2.65855987973187,2.63254864300456,2.93989756176029,2.48277586922076,4.36420960607359,5.05707360398291,2.15083337769595,2.44533485553438,3.67375804108707,3.28660398342959,1.2022625552251,1.3956758942065,5.51324735934426,3,10,3
"607",0.605728545967105,2.70945460992019,3.17963546993341,2.96816031304949,3.10467950528319,8.6242805852496,0.861521672968525,6.08386992270947,1.14157435325761,6.27562404122208,1.23211919933273,3.26036094046059,3.067478330001,2.38776569585414,1.54220458340956,10.2427842710356,1.7376542684288,0.885683988502527,2.4122262356232,2.21212374446517,0.666075019192976,2.17997717782438,2.50486557795469,4.64507519324537,6.47921853370269,1.60264269146375,1.9156550549313,2.35667007207982,0.692730487192121,4.69022987742815,0.704845076883896,4.18704633900869,1.24311471891129,5.08727583933205,3.16743950457381,5.42364398292638,1.20565259159163,1.1886945272238,1.19816111719547,2.81415909611969,1.54870318090458,3.1501418228973,8.48247872653618,7.0734797074485,10.4113076961283,4.04658371658808,2.40599714827993,2.16144941201539,1.71209864889437,1.40975299751671,3,10,3
"608",0.735133412344126,0.497019118735764,3.78353139825641,1.58854018906593,10.3107895476318,24.0529454086924,3.86391733122908,3.77553786316769,0.767190585613386,8.1886977508866,0.44231911159397,1.82137001750218,2.4008852380197,1.76932998612091,5.59168673730675,2.97453791083228,1.07250169731007,3.35199874288832,4.21400754251062,5.07883395661191,1.97140289058653,3.40213307441273,0.56174145903747,4.57422896633918,2.81725916043232,2.75795705142019,0.296602582449477,1.04649505010684,1.69415323644664,28.6831761380732,2.27883478098337,1.73331394320866,4.19702271057736,4.14338946555517,2.39890948204909,1.32016544235176,0.916943844132195,3.99971755304178,0.676154508696069,2.60211280073884,1.12934800531438,7.80182749078207,2.77923210800982,4.17620315856349,6.85510708886982,2.20494875515763,1.88480910172148,1.17965303117279,1.11642649363895,4.74250354583083,3,10,3
"609",1.01084554329394,2.8495649670976,2.26713501131571,1.37817601394227,4.97524392774837,3.84986711574251,4.68391354431166,3.19132749935278,1.70999179403204,10.4821939363336,6.43379627150252,4.0428112720895,3.87828799014873,3.30096475673979,4.25415799818989,10.3334654519819,1.48062613357126,0.6641065933529,4.1699095164869,1.19625889098349,1.71740066168944,2.95207539453026,1.61403201851505,3.29128675196832,1.24095952208144,1.80461484275163,1.29428582254789,2.15922870346409,7.5113971232314,3.41733323074262,3.04380547691945,2.51026001370104,7.98465546269955,5.32737437587908,0.505032827814156,0.957970703340147,2.32762664111799,2.13707944733577,0.222802569973697,0.672743029241048,10.4625932935577,4.51102098759608,2.74132859793796,4.63121066073756,3.76780569214559,3.65263749345271,7.0918538509274,0.429036740524276,2.7667620656468,3.55701177950327,3,10,3
"610",3.11622711438213,4.06845477831618,8.08619855170995,1.2539107053079,3.89885209755981,3.2180797539933,2.09307850709476,3.73503256186462,1.04951483695841,5.15341879774071,2.10976864985254,6.64896400839195,3.37669718049529,1.11771840229636,5.98153930144355,1.31320242143206,2.48492265152288,0.796377098357118,3.93906013261113,1.75628583030543,0.590408465480853,3.47748259559727,1.8284836542697,4.77016431506899,2.00150847766582,5.40986433654113,1.85411930615524,1.2810388661925,0.87471310455021,7.53716640917614,3.54830887896464,7.6060948418521,3.54501744711462,4.76323751808422,1.18875402600017,0.701308224204149,0.399524489417199,1.67024058463185,2.58448625284498,4.6623153827464,1.22886237492762,6.55730273654169,2.67979333108095,7.26111228401235,3.17920140534081,1.12978165029241,3.46485819742952,1.67013154136453,2.0596837841869,4.58010232379907,3,10,3
"611",1.01302410754421,3.79951642347845,2.11230589500391,1.21766321289741,4.93961838163705,2.21381852708998,3.87875935590191,4.83749015167818,1.5682274250282,10.4197669395495,1.05702205204258,5.28712714387862,3.98929835797978,1.48904472711223,1.5676861493743,4.04240745327117,2.0258430089892,2.30821072728526,1.26989390254329,3.86416343090019,2.19195819072225,1.82412385410907,0.262894671700013,4.90992852427328,2.14062074186659,1.58975293876496,1.40244887038424,1.9584215807054,0.649758759524806,9.02344509331949,0.752503755900469,3.77075809863227,11.2769334598064,3.189076928989,4.84999149238635,1.12486618098282,1.70367457979886,1.22817343061391,3.05984694651683,1.52396241677717,1.34598655175323,4.01441920788302,2.55034659214161,3.96884175644306,3.50068595391056,2.157892342208,4.70292559562016,0.484022871463646,1.71835190320351,5.28540265893384,3,10,3
"612",1.87555089743409,3.01420944050814,2.25248377060042,1.05552766284666,6.76022267823738,2.35383604578481,7.30438828881775,1.10569530561146,0.617939648679627,9.40206439056332,0.987592575096902,3.03851224893787,0.96715677793256,2.84251075014794,1.09103369239118,3.01506504885137,0.970130745989579,3.6953252133558,4.27401666769213,4.1186861259918,2.10400857335656,3.7612490429422,3.39140118389384,2.41367274478398,2.10397495466987,3.83483966738821,1.78461388399715,1.16662522656641,2.62436247965778,3.33847103226923,1.22318696831376,3.97216529965831,5.92411469606183,3.3830704010416,1.19843847558866,1.52452429153211,2.59153212829175,3.20804307249561,1.80255773702412,0.892207367843698,2.32736287941305,5.10544171491933,3.70904373889508,3.27898565364442,2.82093673630798,3.39829679403518,1.36954775903625,1.28592261810006,1.73839626930941,2.09831840786054,3,10,3
"613",3.33484093664819,0.646703596308985,8.10852930000381,3.65684489012311,5.8476444715037,3.62644983743589,3.46134873465265,0.67696704778123,2.06291379899997,10.1976566973737,3.77388880377685,5.91156720971277,6.47451839834997,1.96795055611928,7.06309708120297,3.08355774760236,2.27197959826383,1.69889039082765,3.7698031079836,4.83695038831268,2.04896771818072,1.66514669094593,0.760610060686641,2.67859946732754,1.94330830612257,4.18583871084422,4.62207168806643,2.48945370711417,0.737202783496036,7.0472782677698,1.46464572980846,3.94540955875731,2.01484923244709,2.56139563841733,1.69534137470897,0.70177084801334,3.121771167793,2.86866116935661,0.853630168193133,0.906426942128853,1.69489482277599,4.40505239748087,4.4499301624757,1.15575369040639,5.45919614742212,2.11293786845969,4.41403704158835,1.54658548119349,1.2781789104226,3.28214875165174,3,10,3
"614",1.76997569111117,1.83899723126409,4.65762401840133,1.71704073180294,13.9969599122709,3.07288543979837,2.70350779138748,3.73298362693714,1.68769417920118,9.94906803290265,3.92862359435204,5.57721159937905,4.0931548276807,3.21824605228176,1.97654131276495,1.83194578648612,1.13703347524661,1.55694278766392,2.36343308063092,4.19913851778313,1.71712060475928,4.25843939731859,2.99220900531393,1.86552326257436,2.24295609701659,2.2547596860672,2.19806748156432,1.39081202896152,1.31499204195913,5.253489846102,4.27502292461815,3.61039028297523,5.14592531331729,4.54160335565431,1.4614485182375,2.352576437368,2.84709622103593,4.774145497404,0.244251843837811,1.49282525264289,3.86488944280538,4.46514893746305,1.21773443181065,4.51834915538644,6.21810512977145,1.79813168585907,2.67435961052992,2.15980108817613,2.91650701176749,22.5133987130173,3,10,3
"615",1.08939931906332,2.54800224792506,1.59167926104217,0.999775211604431,2.6119272260042,4.26254883033077,1.79452057491752,2.62163700062571,0.445681906239564,5.36359945061354,4.64724763066688,3.42928556108918,0.721602013569924,0.425095090627631,4.10332446559629,0.979524763328947,1.7622013684254,0.922075120824303,3.17997701940342,2.98919791070365,2.61836885215735,2.62540008037633,2.62305566309445,4.50439340140634,6.441449280842,1.05177857796621,2.27581363546338,0.91997214240659,0.925777199327814,4.74095598237494,1.94756868765853,1.58170728526415,4.19738739280281,3.4361989920689,1.80276356251001,5.89723533832251,1.84871519083503,1.58877361546725,1.31122169464511,1.40650460790551,2.32964141087436,5.92406597119644,4.11272752916737,3.26566049378095,0.959287445505655,3.24574856407421,6.27582117351802,0.287825057960278,2.10658318981489,3.67353892348488,3,10,3
"616",1.1078976850811,7.1949461986505,2.60010107526841,1.33720540724421,2.54329520690721,1.75878230769246,7.09979734964252,2.64644196640815,0.485198396884054,4.49206402041651,2.05839286659522,4.25687862278366,4.15286495266226,1.54349646478634,1.03376608331746,4.91851127471023,1.48999021731201,2.30796392183673,1.44373541118035,7.5889152202504,1.70130405619716,2.06156522732048,1.32436000699249,2.24341988278625,1.72558228431218,1.64084642203298,1.7557385823378,1.04499191525889,0.676337716020299,2.0107357327073,4.00236167312431,3.54824243870913,2.72593761204028,5.53710123486861,1.81271414750691,4.3136526013871,1.55352236482307,1.49766318307841,0.159391431759907,2.79283322768946,1.25739460417436,1.62541868462478,3.16578513579112,2.56372853093483,3.17293557541781,7.73135654984278,2.9604153910461,1.06307510979349,4.16394298394602,4.21341438583578,3,10,3
"617",1.71384397473456,0.566476722056518,1.13679169981601,3.06916146692428,2.2746233276361,3.08149520419485,1.32426547889837,3.31473271728701,1.49834309714652,4.29174202011681,3.78822818590618,5.08306061319734,1.03889459358431,5.62389884311641,6.64663751787014,5.69407383917991,1.46007400215032,0.829193948934422,2.54389012627634,4.79844165856639,2.24423661141216,2.86740091986408,0.840514897473844,6.18666756270211,4.05146877654377,3.72983916410003,1.20784820350611,0.966735153480916,2.80384810138112,2.31649067308648,0.204764767814849,8.4837123299187,6.82730839918209,2.79450281253563,1.56556037782914,0.86438808054022,0.998803171628256,2.86473138805612,1.31192553787846,0.682348000222186,1.23825401161615,2.87409972871463,3.61511724208054,3.5552856155289,8.97381406642295,1.11074388826795,2.52203951052363,1.58495211632875,1.08819648340177,3.63580253222636,3,10,3
"618",2.20185634170853,7.21970315771947,4.01376312604393,3.32813691656689,2.82871189110638,1.63769406967625,11.5840386025866,0.859748030336184,1.8823875950138,15.4319734215567,0.380025279397853,4.90657077259987,1.49336228444316,1.84595001925958,4.5976888096941,3.95074312590891,1.90691447987449,1.22626610791314,2.61025442538222,3.01169770991309,1.88525619101082,4.2165929310661,2.8409821026315,3.58165011423348,3.27092718072474,3.19697208301437,1.65966780605178,1.22922567809513,1.23768588670229,8.50597743675537,0.279184891487762,14.632894155949,3.24915745001298,4.52731308063888,0.996993111087256,0.140747905727728,4.13489161705194,1.46472264290717,0.910911063504464,0.724692152044325,2.82229823362935,5.19013484303336,4.87853560039639,3.62412530680621,2.39877817017917,0.993503162080736,6.33632068120148,1.464031042921,2.62066348206592,3.39803228986104,3,10,3
"619",3.5895296706681,0.451968031696734,1.41904459648265,4.23126529837806,2.14238324909886,4.81424114365224,2.24197799028413,4.33405457312784,1.16350886394105,13.3173141718548,6.11652991505758,1.93482238272187,2.04079431798973,0.700801689245038,2.47541224203665,3.84991483822399,1.6969633606991,0.738255558206478,4.25966717030768,2.36295393032515,2.40590869310948,4.5664347325054,1.38029206730954,1.82909317597339,3.27253594309298,2.10908119248109,2.62183928269819,4.7146254807987,1.59843823672142,2.2950024871573,0.754983204947578,4.31082716593878,5.67452708554313,1.87754094130563,0.476895385154536,0.939018145349036,1.6664485600957,2.84094687987326,2.21643446025258,12.9508561272294,2.558357235331,2.79994175028283,3.23783921199116,6.15102389291202,1.5206338105278,2.67101553147223,2.83272085355423,1.62460007830037,2.11173031039672,2.9812110642526,3,10,3
"620",0.600102236321483,0.827209161623625,1.55142727836926,1.57089721611585,1.76436591408915,2.0661140218997,4.46084856700561,1.44518736910429,0.903879087145611,6.19446272775266,2.03884604191554,3.64496304300609,1.87977912202564,2.09000999782361,2.50687227522052,6.87815880323097,1.24077938776053,0.662278463653899,5.41984932038977,4.09373487308446,0.978994446539103,4.01737017488211,1.71701906132328,2.16245173664654,4.42683751137052,3.82679281085977,0.982257919305102,2.28905577864322,1.34767713364383,6.9226906235122,1.83953067796567,3.90886669681689,3.32111693156943,3.16661295084836,0.972566038415487,4.60120529348429,2.34478107272019,2.14411872732172,1.69740291481359,3.07886301418855,0.852360724929251,1.72652301364329,3.9761258934887,2.01834069518442,1.43184775783953,1.66627078913271,6.51404590137412,1.10297071494558,2.2672583909839,2.06105157279225,3,10,3
"621",2.1605180048781,3.49198352873918,7.07554561116407,3.31105300113701,1.92687436120296,2.1473528069536,3.9636738525617,1.94182421397744,0.759977185941413,11.1106369295914,1.05701065592654,4.00761509057438,1.73012289846966,1.14292324435819,1.48188890315472,2.44169905787241,1.40424711153514,0.606072602158231,8.58025224590466,3.72241435760987,0.877650665689029,3.72234816928804,1.37812346599085,4.64928038886432,4.92978772196437,3.1227942585493,1.04550955279132,1.85984506348702,0.785701704486916,3.09753071945638,4.5348517119609,4.2250612326163,5.59624853873696,7.39767854317324,1.51786550937552,0.878543524523768,0.199027315569685,1.46917195831843,2.73070780916557,0.166346781310456,0.917049592515656,5.76418146584783,4.63559487849513,5.50915563201473,2.5879975351444,3.12126586110311,3.21356468426743,2.05913988764571,3.22076154972692,2.07048436271123,3,10,3
"622",2.33386677511065,0.99990040599943,2.5706518205996,2.78812309584354,12.3262292736835,2.41000844744084,2.01175213362218,5.48391750593134,1.01144901773209,2.68897389455762,3.36658151329649,2.01109958490284,2.13156664287757,3.60044273668194,2.18219325044173,5.11346028187097,0.556953296429215,2.85617119622771,2.86007845708761,3.44544521886446,1.98415710384028,5.11439260796886,2.1254549931622,2.50907986749485,4.83629452322187,1.40096367256713,0.662378678136451,3.18390870334577,6.26566856377127,1.39068766993984,1.76854630904067,7.62976902396109,2.48583437673399,4.32456644395814,0.965861976024967,0.999764547093449,1.48807231902297,3.86830743036302,1.94341047481574,0.335906596518107,1.00119345606224,4.1998689887615,5.05015780391278,2.44061326342938,2.92799081779022,1.14018563589976,3.19292463832223,0.653286283247513,1.37829869299096,1.26889589940469,3,10,3
"623",4.13094774979742,1.89038586407752,6.50015090352506,1.61703537150987,2.85562932889856,2.98273352133609,2.61755464888973,3.14997459813898,1.29565730304645,10.7084654800096,2.10611600488954,5.61983758725704,2.31047508735343,2.39213235254684,2.06448614989678,2.64549529303874,2.73488716663077,2.46021939111282,1.69300984364156,6.33188084700902,2.06628468050438,4.24273366504511,1.80253753065644,5.69442423987597,4.10929637744173,2.31542776732434,1.60004051737986,2.17558791365975,0.578020791823107,5.97044879305966,2.40675924619162,3.49370557897501,2.65886499354114,2.99731048889171,1.52624546257121,3.49602785688632,0.859017861268299,2.43128626039229,0.976135116913079,0.999366857933442,1.82006778417074,4.97557944508613,2.73324551264119,4.8124188485513,5.7641993323183,2.28512307969117,3.09522242589483,0.80286775544431,4.95106798904375,2.39486226171808,3,10,3
"624",6.89298033658491,1.91997610020209,1.67745555366107,1.79322351537842,13.8261066987517,3.72368419538555,5.8945194916151,3.75297038765094,0.905378684211778,9.89608498859693,2.90200579784265,3.51122953060421,1.51623993310015,1.46892290179406,4.38847569955479,6.9780863856602,0.544859701514511,1.07495810711255,10.1580562072257,6.21927374387066,0.873767296671329,2.64363127869341,1.81152489066151,4.51898129236074,6.56532875110261,4.36842481897653,1.73869144877116,2.46894196490267,3.12420485480185,2.85966212586818,0.551077957050883,1.80803110893774,6.14259489651465,11.5982003483163,2.789426579998,1.64328731164066,0.810753989357194,3.05840684830381,1.39298687022884,0.847968112685546,1.20824398474351,8.21753463788271,3.53860273592764,1.80166815072078,3.83158828348951,5.2233644765461,4.29538792067255,2.34952874085609,2.11465645727115,4.47281250807139,3,10,3
"625",1.60410669255739,1.25610842946279,4.43519138391507,3.78223437168816,7.89673225866004,7.91013071508332,1.3641257670103,2.81439897059002,1.16945383625237,7.43781293727151,3.9087795755806,5.03655023430564,1.33914647322652,1.03376567528416,23.2443791517326,5.4245108963793,1.57689189070987,1.47971286706274,4.70353114724196,8.92192360872134,2.76950360710235,1.58728628747387,1.34691775572291,2.94770703448446,3.19197657186279,2.93724738171764,1.73446082862094,1.20020949557482,0.723924265120357,7.8644384646619,0.264999141845397,1.4909463881077,3.09447341959544,2.6397667156329,0.336040235427764,3.73452531674616,8.45193359031165,2.78237886943331,1.66329072263854,2.78392753394814,3.16890562671243,2.06181049949026,4.8927215496538,3.23241389586935,3.47406146503104,1.66695054905911,2.61421239573765,0.534034163430023,2.05114074934228,3.79620466446665,3,10,3
"626",3.0671776226979,3.10666971899183,6.38813846632467,3.4760317146799,2.70170965117571,2.04751370857469,4.07899055253311,1.00646530106023,2.44445048758607,5.59628968719865,1.48776225339433,3.15780657507869,1.06071479850128,3.27360739546493,1.68370110918874,6.45895706109119,1.91062269684295,1.4583815230553,2.78347350541623,7.98295160973988,2.50672629607003,3.6128860213106,2.07808829201701,2.71957806920846,5.28172136873862,4.64144756172014,2.40772602148426,3.95418670139327,1.38254369863584,6.03566611162753,2.87970659334712,2.39093474613791,2.74913727470138,6.45380032293789,1.00468211781372,2.16457281622926,5.26100665298583,1.57262801167723,1.48188573858661,1.15381680950744,2.11859242873142,2.91555176510335,2.58991385671495,3.7779578740773,4.00554360270821,1.7297261690337,3.82744734193417,1.58401051523777,3.28343262321475,6.04105373751763,3,10,3
"627",0.780031667977683,3.02553218157,1.99486283854222,3.02712455976507,18.15766941855,1.99700440277825,2.67354647330304,2.92319642726765,2.1799522159846,7.88368868605917,1.68212995892965,4.85342643503719,2.85576503487449,0.667047141755237,3.75679328319196,4.88645595642994,0.573491622645374,2.1481406908508,2.1428723110136,3.32169627060758,1.36224438561979,3.04011030362203,3.48238861847846,3.01688818721045,2.58956177350765,1.5495357424034,1.03192940026709,1.27494949679436,0.799841296751805,10.240121916879,1.59443561610712,3.03074839409667,4.46207990358834,5.26507547120934,0.682906446582968,6.24004581266358,3.11005737272601,2.15825223191094,1.3347863131419,0.847517886349887,1.08092089286906,7.94263765669732,3.52412270255426,2.57324165815285,3.36009011552023,4.03039285952498,2.17527936341669,1.09568614945051,2.47284940114614,2.42351153873439,3,10,3
"628",2.06778517694529,1.04379860203831,2.10335152185444,2.06323027798725,8.05577833985136,0.167601738405421,3.21633406199407,2.55059260764362,1.80506302148584,5.60083973091463,11.6525023818787,4.8499656309383,5.37473054353605,1.68214521353737,2.11069451719095,16.2550540799091,2.62097886189683,3.09917776077445,24.0481761789451,2.65976923848591,1.72836893212043,4.53199838555405,1.57859343192489,2.64665602661849,3.31742560128182,2.53227483241843,0.772316147969459,1.96394016158656,0.922175171545028,4.29147228543656,1.62813173785969,4.5228534992339,2.51457644003665,4.3724017419819,1.89480279108393,2.46834844620816,2.16232970044178,1.60501259582531,0.370737712479808,0.596178021620535,1.82196070492146,2.47131059335566,3.57955118202882,3.43698674718482,3.97946182690558,2.10113325324123,5.3800560555944,1.11399675689036,2.16725246338964,3.49465523726291,3,10,3
"629",1.22104931508848,5.54723697810727,3.94585982494226,2.14561645461996,3.07687424819045,1.32385533290244,1.98692826205936,2.36521438794357,0.723557888281178,7.69485533446693,1.84706388862804,4.59113787301727,5.14307336658569,2.72078140202524,2.64787287004169,4.23850424378584,3.32209370659666,1.67805334156553,3.18710771931074,5.48549285995042,1.98306371009076,1.61208870755543,0.75419263260618,4.34391700103023,1.5360035050076,2.90035242342831,0.690921506984287,2.48724984645822,4.16555174152353,2.83759329903075,0.655812436542008,11.2830510018762,13.7327776056918,5.88069070836272,0.619431649296622,4.69085933818406,3.03559307439955,0.879744833445665,0.801704538906249,5.17171344255413,2.75151734486486,2.67613540012283,3.82237961177754,17.0216323953094,3.01910419295783,1.93094809731705,4.24627071868969,0.394752396514135,2.48806746240288,3.92011812773264,3,10,3
"630",3.72016583125634,2.30671008375067,1.4168782876682,1.58313214696162,10.0959336012819,4.19445170794804,2.01786720666569,3.08644033248467,1.51524966011526,10.5099666501713,9.8603881102648,2.49863001485079,1.60348928974735,1.38399950846472,0.251968081969559,15.6671756258252,0.567448975983831,2.11100299113214,2.1632902933266,7.55777043242446,1.5078270868713,2.24198032911087,0.813161226203872,1.75029493899201,3.81500947819608,2.22379605697948,2.11714015202237,4.01258292987782,1.32292374023146,3.31884116830415,2.38918237638123,10.9631708692882,3.96020902828309,4.13523337219493,0.874697769113297,1.46308011524779,1.57382451267674,3.24941183926396,0.286250289019084,1.71874842623491,13.7632089564075,6.85295438604763,4.79137123563023,2.29221015590713,2.79643564960672,2.97431809837452,1.36426965298114,0.336317647780221,2.77142193846077,3.69455553286844,3,10,3
"631",1.56314663417924,4.65679584799549,1.29276553995254,1.89238297991987,1.12263123927723,3.75887048664202,2.4684556305395,4.45776998665667,1.74027947223957,5.99290747332247,5.01283282081625,4.54612791696085,1.76531218213077,2.18233573205242,9.16423292179335,3.87285467809381,2.57914216164467,1.04525244732406,12.5493101377751,3.71595241857876,0.988470751793069,4.61094532503526,2.22243412913849,2.14554132119297,4.22345052311686,1.59464736180783,2.38465369677887,2.80228254142227,2.32651938175952,2.89771270297738,1.17122133081137,5.00495920250014,6.80527446660836,4.29076761891316,1.47981492142903,0.84395571678921,0.658159289941929,1.89004405445049,0.851242335486562,6.02172893088532,0.892562255318232,2.15076950105868,4.67221273371476,4.4100941995207,4.25645168865228,2.67210279126148,2.42377418854816,2.7073242003931,2.57549337438193,3.44784993576629,3,10,3
"632",0.635485470285565,3.24624261874174,2.12041247326896,1.98479624523925,6.66568516730183,2.32821157935343,3.01259716328549,0.921341687360821,1.23327259667079,10.3688743251596,5.97012648976345,6.70626748784536,0.898335749650825,1.9229853907923,5.22962493143092,3.97773143368031,2.47839496597351,0.941342392253589,6.89020097039455,1.87684576938432,1.8120547538398,3.52964350114673,0.984461171832992,2.27619651801654,5.41482619006887,2.05833977797389,0.862859936877072,2.32014280856046,2.23826275813194,5.36159187352955,0.500151038505816,3.89466099651004,6.34723248582048,3.81605294708698,0.729006413735098,0.422563247386385,1.81425592284224,0.519265886757095,1.1734977667848,1.30906336498939,0.845402226398112,2.65002937832135,2.01860154950168,2.1807428012003,2.46126843738691,1.4298151587628,2.62802972088988,2.68208872597969,2.8669746260177,2.36609798114113,3,10,3
"633",1.91817077632122,3.39964142760712,5.2111012511074,3.79360620771216,1.99319609218166,3.03124230708305,3.59363986408697,1.35810006705186,1.54404971744799,13.6705350537887,0.263672787684894,10.0658798733409,2.2787897018367,1.4257997470519,4.21096344176342,7.03210851666007,1.20912422701343,0.973367002596795,4.08323152707266,2.90265104601076,2.07636994727802,2.43611060555727,1.92080781262795,3.55156691486687,2.73713672563351,1.6927000126654,1.92031314807691,2.46010729349371,0.568324973599581,2.7398246357704,1.72272551743091,6.68976964705565,3.05211990158997,2.23092384975504,0.536279074526075,3.47374591163724,3.2642147589549,2.86436048696693,1.42906758422157,2.01383439609785,9.30118159891145,3.63189835118662,4.13218596883988,2.89122147576558,7.2436577743445,1.79037131084117,8.97802689470135,1.39603791626607,2.3017838374659,19.4946958176577,3,10,3
"634",3.91688946002381,2.65904071434311,3.46371229157215,1.26552102210494,1.85100357329924,7.14579429152681,7.66822115870353,0.431088562251357,2.73091018663544,8.34340456498435,15.0994457326625,4.35458582701854,5.28342114620878,5.75378797265445,4.49169239901057,3.27376324469829,0.556009743905085,2.52962485120994,1.83161007296083,1.09035774324335,3.11111555048023,3.30789670440334,0.681516768044818,1.03100926849244,2.53715082672174,3.71555852956591,1.09227371933372,2.34469604823686,3.99046679011358,12.4909405951975,3.41624400888969,3.12882370490976,2.80470950675149,1.68700208536584,1.00028340212994,2.20141037983042,1.64917732622035,1.33640806817162,1.72924607259901,5.34540434568704,8.49002338033745,3.57259596118016,2.57314196446142,4.35445710254514,4.67218538284968,2.47503516993402,2.67636757650488,0.883648575895365,2.40014408207515,5.52526944576283,3,10,3
"635",1.07520135090589,1.12098548878748,5.18675728129306,2.23423777815205,4.30856949212086,2.39483522575652,0.205338568278336,0.871771772539674,2.49173649143741,4.98651321178548,1.42995454617156,4.34185532248946,3.4112079716762,1.37473742119304,2.59384474563908,1.85015678621193,2.19355998721921,2.56910051456323,3.67087484606239,3.04885058584582,1.83941117368566,6.89709111759779,1.11558077749928,3.63389652008381,2.76003498577506,2.70088943760646,3.89177850246595,2.0731820962057,0.606081607462146,4.58489671846664,0.808394233438301,5.26603297229097,1.90998725514206,6.65422629010961,1.42189649694659,2.28999676383358,1.20041604258908,0.901160975880779,1.40478703463828,1.98127275203915,1.25476101521475,6.65738335084259,4.59454551410265,1.13020092692331,1.98057263373713,1.85251846587011,3.14733387304837,1.08980031648635,1.75901454643867,1.69643482832939,3,10,3
"636",2.13775121022021,1.81660043696078,1.63874723187798,1.26065075800165,5.84536402630301,2.67753994853453,2.32801480825851,2.03572299679937,0.999551647957884,4.25555402440229,0.876563448143691,3.54380968878594,4.60883061625616,1.96174247581761,7.04105012447791,2.39889359291423,1.2597116215251,1.27241675754894,2.77987280716398,6.94068685393304,1.43009755691652,2.56395899455808,1.02014281471132,2.40980153716058,5.30590499025702,1.85493466291616,1.28852304853893,2.86653472783439,2.9191731656468,3.40205858062918,0.313234487927723,2.1862188189357,5.02788919422499,5.13808464038927,1.57950607316308,1.42447283902068,1.2343087974261,2.29483058702033,2.02987934925796,3.29117091386004,0.926438307041461,4.11786354131468,3.12670464625058,8.79581537850645,2.27951225262423,1.88585755242988,6.55205283522959,2.35087067934047,6.84112274176008,6.0959038910319,3,10,3
"637",0.782765160661666,5.18503635637444,2.41531201516586,1.70483373540168,3.55637813212314,2.35651211244706,6.78970347956609,2.52789896324241,1.1685528661934,10.7981708362939,4.43230762142432,9.85862036093345,4.75174556132614,2.35209714936398,4.89754079926965,2.50179876569726,1.36931868497939,2.74296949198355,4.18778078983447,2.550794103483,1.22496746349173,1.4190848275586,1.1934059524139,2.24671603083662,2.09197520728531,1.0795194363238,1.42922855722201,1.18695757053326,0.583956686124203,2.43026372223569,1.67052060944489,2.70969298640352,28.5518381417033,4.98063776385862,1.83264959104146,1.69400354676682,5.26699519905422,4.82839129665546,1.44566669883277,1.81526894573344,3.50837715025619,2.26484716446425,4.49117602624753,2.87144150162608,4.02971488902981,10.1213240829839,23.5060845671343,0.443194601493624,1.14054333213901,2.72012815626751,3,10,3
"638",2.95624045475217,0.456817480532312,3.03965418003246,1.22749121140009,3.95414084377672,2.6551065374521,3.16284142876607,2.70633638443947,1.28739715105636,34.2623185592268,3.583448865352,6.25087607418022,2.84692298659213,3.49082213734865,2.75459084232756,4.76926307982733,1.30436866313807,1.65534214176954,6.78406490120998,6.89259645796729,3.62245919339763,1.95361252226401,2.01547254492536,0.892627706625975,3.45631889662559,6.08575733907853,0.614510837945041,4.42306301619112,0.900476804156978,2.98568617721858,2.46389808498384,4.28722920694779,2.0323462475606,4.89802850347303,0.980107671701157,1.46618406060738,4.24063936048972,0.748007402264872,1.64601968929662,2.51755302823585,4.64589797821466,2.39635866206839,5.46367031949042,0.816354071728167,6.69919796977355,3.17438309692098,4.38385096772715,1.67707135285248,2.91867553352794,5.5342931605464,3,10,3
"639",0.932954315024737,4.00112893953176,1.52145417354723,3.61336071693008,1.22252037482851,2.45958226832602,4.13392921711819,2.54817718330475,1.79214032866813,12.9593479844894,1.65095386961775,3.67058680462856,4.32433039344291,0.946790260220553,1.87765613346597,4.65229809958517,1.81901402485864,1.30091585336756,5.63989481415963,1.6300259814381,1.73270871160899,4.15109643226571,1.59639634418694,0.802238519202181,3.43375698436902,3.42225291796911,2.98658938936709,0.39401406202496,1.24441751351039,5.06479667185905,0.529800314091875,6.93441257752801,31.3999606640004,2.46316624054283,3.05920895633452,3.0767038602414,3.35338555858911,1.34316346684034,2.16613589203672,1.08433792420843,0.951542280024158,3.67728451294784,4.3839802922934,3.77058159635779,2.02871396824295,1.2984397556284,2.16194576523758,0.831382025663495,3.12554832119999,1.75924055431254,3,10,3
"640",1.75292155305915,5.30200951368656,3.62524305239209,1.8281012388792,2.94061011663318,3.80653255965038,1.77419150291162,1.69121124270705,0.800059170062524,8.97434277091767,3.24665812522837,3.73212933679779,4.34622030650886,1.97484596953627,1.64705590501311,4.55103222703797,0.753594659237548,3.56672145574579,0.565931594022973,6.28271238134613,1.64792845773456,2.71339127264113,1.72890993905299,2.57365712327131,3.79255009104973,1.50502059031902,1.17660973189789,1.80322019883496,1.83550019543814,2.64867151776276,1.00154601650601,2.20142017955037,7.33391954455803,2.58087555854836,3.14780630491825,0.252567482664531,2.16378723228759,4.01237581411374,2.27067173577306,1.42686272052236,1.41709844846577,28.6049105479499,3.28147816511598,2.15407643618975,2.92984526861493,1.93393228902083,6.50355755745452,0.664626268558718,3.23403850629129,11.3778006782692,3,10,3
"641",5.95060569306626,1.91381174813621,5.16727454330915,1.96494072926756,2.02767292380276,2.48037007790949,1.03414040546935,0.780545064727684,2.78672436281882,8.41633317884179,1.08231862413225,7.87990666985711,7.05541915374647,1.81328066858289,7.82487059506424,3.75325086076763,2.46402541341192,1.2935185014755,2.2816645568715,3.0047654181864,1.45135062920796,5.93146635489397,1.91048666144303,5.16994712562853,4.34014992487328,1.25071947359209,2.71157312275935,1.93108794829397,0.52459347819242,2.31830978484211,3.36109017620889,4.58361774900334,2.44515808202721,9.04581865536236,0.946347288777227,4.31140194795542,2.11932223918836,3.48331777353072,1.64108205259811,0.817324456475038,2.58046483184251,7.88131593727156,5.39248446912387,1.06249743242992,3.90806995959395,3.57452218821839,6.87298904803061,2.14260354731036,2.72115223631552,2.44140438681726,3,10,3
"642",4.14869516299223,2.31497185108226,1.72775717633421,1.42251682238655,7.08928377553095,5.18598955579023,2.06154889614051,1.8344585122942,1.45243243380428,2.65230574224124,2.74435297801001,2.39594885288025,3.69002353892182,6.31041137022795,3.0203974662226,2.73392121132385,0.624038193334689,2.56461498166725,6.02877532380223,9.19728747796837,0.586763225832296,3.65332620171773,0.935871772664974,8.07323173160544,3.86039051621527,1.79266912660583,4.8150847166642,0.544741950692546,3.02329285634711,3.41212740031587,0.80150713489091,1.90707010148525,5.76611721566772,7.45594095355154,1.5722030286686,1.92421816612263,2.66278211590786,6.19060658414754,0.365433460015664,2.67473903527744,1.98971281712409,3.17832526544598,7.18664066383503,8.22326384346765,5.79676146767509,1.95735308102881,2.65138550918106,1.27770575749372,2.62939439745831,2.41121098187454,3,10,3
"643",1.80131402537481,2.16510950454965,2.75134089477867,3.09548880906757,4.32450062438522,3.14607171429258,1.42604847694341,0.498200405396019,2.12719755431887,8.68460575877748,6.27596778750272,2.08889053397621,0.755839626041853,4.40151970197911,1.94269447303264,3.72053806824728,0.701030608090144,1.19466872464421,2.71188148928077,5.70665402020189,1.11928709040861,3.14231003108124,1.68995676745901,2.61182497750292,4.01095275881347,1.09290194981908,1.77376978226714,2.81921402832604,0.884832546756523,4.25662187666727,1.4858722944021,1.35768676945898,9.91115816429183,2.67247855472497,1.50285564576371,1.39241556153301,2.0512764058699,4.20511272351392,4.20987101417101,1.47632873463138,1.45866319180375,5.64939270121532,4.5761691944504,4.4759098762309,3.75137750060041,3.86088454641597,1.3510228133742,0.743381719701285,4.12245974728081,2.15646954077094,3,10,3
"644",0.250313796205965,1.59109285107504,5.14488528729194,2.22884529167922,3.10557657969443,3.89727771784798,2.13968916429637,0.358539394949754,1.02068752264866,11.2693515888339,1.71525242567786,9.50821070869775,4.26706758205885,2.7420480315138,3.59936049430906,3.86441980752483,1.76911900453215,5.1913179019849,5.05410447884393,6.94253642416486,0.959463728258074,3.05109719157142,1.48279819905574,2.96066297052195,3.47315851242784,2.78599104958712,4.38510581031685,3.45846701676576,1.40103566454156,1.87916763136982,2.96988142617723,4.0350131611045,3.40072422697097,5.35833416155462,0.867718139008564,1.52180237707679,2.37406602320307,1.98290820334843,4.94387056267822,11.2504787228017,2.76310623587902,5.43204559335251,4.60109050289194,0.984765249294717,3.44622273044178,2.21168596450562,3.70216255475771,0.29106620653607,2.61362361689659,4.64591339873662,3,10,3
"645",2.15583738203403,1.21924846589424,3.62308358863835,2.26048894351793,8.14912857400821,3.43279753210986,3.61191765835143,3.36235774241072,2.19008467071391,14.0744419462521,5.34835625153537,2.17079132784645,3.46127303214794,2.55878447055955,4.42303704364083,15.1254602473393,2.64510642872646,3.71358633872379,2.67409468584155,5.40641615764846,2.02052855313407,1.8067525514271,2.00348731503388,3.46874734308692,1.24252368253329,3.42450676155595,0.677492923805972,1.14275533829126,0.931812687874577,3.92084106753866,1.78585770115938,2.076840058194,1.43274144565205,3.80087430015155,1.52663881552521,1.65210141563956,3.09132955821427,2.71545359564682,0.871058835959345,0.357270296552576,2.27488051401103,8.87827833390443,3.26933556912738,3.83751904013749,2.62847895557922,4.87259951356292,11.5916658744716,0.570753292925615,2.454290197483,3.49198331286781,3,10,3
"646",5.61108516823899,2.98305145362509,2.46639978181953,2.28873287961276,3.75706525977734,2.57196558625576,8.27057662837718,1.5778614300772,0.715695260279289,4.50429665598394,3.59169407825148,13.1419279906818,0.983482712392984,4.94448183372611,8.64586394217074,4.38435079016516,1.50108088948665,1.24693111632738,11.8431857009634,4.39269821527588,0.959644558103246,4.4453250749613,1.08448355993108,4.09051979080203,4.41939252578842,2.21862465548768,0.676416856895053,3.909206863762,4.86120087092233,3.2425982078535,1.12812892842836,2.93100308582458,3.5314757234117,6.66717283101135,2.80999142889901,0.688842173167411,3.69185443649785,7.35621193223863,1.71448422780283,1.70361481273002,2.11700465166263,6.5420648423991,3.50880131005087,5.93977629981095,7.95390051901455,2.57237017137461,15.5110913806624,1.72547733975242,2.2830797908144,3.21889030269795,3,10,3
"647",0.867958410066874,4.85441398141593,1.6191623491125,1.51525083183346,1.73843816254682,1.33442730981014,2.7488839066126,2.87812165153638,1.52187412017716,13.2901547398215,3.77650707858371,4.25143350859299,3.26981076858366,1.73382521555403,1.72506789707489,5.6668593149768,1.04742411594386,1.57669229278509,9.64945299779847,8.45837654906652,2.01381433478732,2.83100389525441,2.2939483142648,2.84926840461192,3.4585596146158,1.67706953723739,1.45411620360958,2.30110695171037,2.71284022752534,12.1490581960972,2.31061030275513,2.14737932768088,2.98703597746,2.6364832267897,2.06228780965515,2.28052800628079,2.52510106704527,2.77318220291804,0.729206984930378,3.69166705462842,3.84338437440966,4.52273890115961,3.71908439424486,10.7993532578692,3.72581809759784,7.67446505812705,3.35926942328997,0.274434881883494,1.49417682773191,1.45841206392791,3,10,3
"648",0.835913882707089,2.5153991463751,1.70000600154867,2.99008730840325,2.50317897762509,3.20321133884637,2.03259977236478,1.66600044275079,1.06336496519273,7.20493017040261,0.425545900276822,14.2622081245836,2.3532077071816,1.58392901632896,4.89352810500972,3.5890557093703,3.05474209780547,1.23140936647439,3.94106909605128,6.4389044474492,2.40613607142453,0.597030766510165,2.10531379350509,3.20078218986667,3.44578132871125,2.96903608386484,0.430019873716763,3.33975809539327,5.50974297081209,3.10691675275571,2.34737460001269,2.77632508626284,2.75180322057455,7.80582322810444,1.73547717610409,2.0260697506706,2.85609541320996,2.04421500025222,2.04641995929813,1.74917078552644,1.66494578804161,2.96400411365165,6.52151076893115,5.77106971021795,6.61461140336548,2.35726136155751,5.56056965192635,1.56140130011432,2.52277893943192,4.43130546794179,3,10,3
"649",0.673795220414532,2.49828679996626,4.43578730403135,2.46278404295228,2.94978230844536,3.90375024350055,5.08160395243905,3.07531523527055,2.52849053762833,10.8451674355949,10.0983558227799,6.45443150112334,3.77489856871591,3.30210740860322,2.25744069468247,3.43853242836897,2.66092187577613,0.862697140067331,0.966435282801949,8.59060990181222,1.56372557894064,3.5405447695186,1.06565388955652,1.90025585527293,2.55968223367016,1.10942287180073,1.45881631136356,1.72420340594974,4.98347917762268,4.15951635094289,2.27003639264929,1.49148903282139,1.38827475032095,8.79779338208075,1.57107698085394,1.49896159075614,3.56828516062796,3.84437575598254,2.43302202942365,1.20842414956604,1.67342963434105,3.63071270026644,5.7722829939076,2.44914496897845,3.19324468124486,2.02827058967272,10.0161292469742,1.33369938995884,1.89581790229937,2.73946964611679,3,10,3
"650",1.44198769974936,1.602503359339,3.67059823271634,2.7791782703302,4.10310124510411,1.91921266432753,3.19012526668663,4.19610965103909,2.24637175189772,1.55588822225536,2.82510368431868,5.22061083253606,2.65819701766818,1.82761853348151,4.63541692833422,3.73915439902358,2.77861358775129,3.88410941147302,6.32929434068485,6.18079415960321,0.95778859066205,1.83729013338138,0.481302897343566,6.55518430282389,2.37834236872832,2.97566134299534,2.40435522079414,0.929124324752592,3.28640393716482,2.50686968216195,1.58317344555974,3.91052601385984,3.32602721757175,1.1348919832977,1.40385737233549,4.39181892129078,2.80834130962816,1.88473861890303,2.24322788075184,2.87757473808491,2.69506238715214,3.51646923451498,4.55486898457815,12.3652213636495,0.744322206983791,1.41340090387774,2.94981702104371,0.893706698886996,1.99088323042767,7.66154141307188,3,10,3
"651",1.15673592248872,1.91790978663764,1.99825645582364,2.71918362554084,3.78463506698395,3.75573018316024,2.55400996898476,1.88218053458686,1.37175595483697,3.36261330661352,6.35608583914223,5.99543680869472,2.64935143251719,3.98048384137842,3.09513177012222,3.71874215184105,1.89512682240548,2.50600961111202,2.49366984070375,5.59343911997831,1.26275605184799,1.97241874076919,0.976459075521798,14.5021851709529,1.92641718467611,1.48603355652761,0.806358894414086,0.973471801025902,2.35163253357694,2.03360306586307,0.727274677771303,1.82669957038606,4.87017347158712,2.97894071195043,0.858151948250551,1.44966084835994,0.737489697368332,0.158521973820717,3.49529808834298,0.851958365345711,2.49579413120077,3.6721480597836,4.39475896395037,5.49414540895568,2.73908372453977,1.75781521387229,7.23404957741914,0.988873636516036,2.43935976774551,4.40240521791673,3,10,3
"652",0.727858433090369,2.60695316357034,3.46822448190416,0.991509016157326,2.40115155123057,2.97295228067369,4.49598103706229,1.29097925726702,1.2290165099275,4.80596057422057,0.794428806063651,3.88530151459558,3.23026839048553,2.66393755940778,4.55497708871554,4.41368763364868,1.80984031466094,2.60536145681558,12.324344423647,7.87750761242454,1.37906415419203,4.07660368471196,1.14145139717226,6.31028734995244,6.74809887400156,2.51100687558221,2.73355211149414,1.23642911236865,9.01689027537377,2.13683061563962,1.53181018989911,5.50909696118271,1.41878352484704,2.2129762254782,1.37608086417269,1.57964257517928,1.77437279448998,1.5740695770005,1.43784175811586,0.576661770562576,1.43225947589462,2.28499145871754,6.00516923454753,4.5240369159832,1.80181101210971,11.9493075554703,2.27823726082155,1.78015120981445,1.69161657674768,3.65528346741904,3,10,3
"653",2.78323533682693,2.58118548478123,2.30928591168234,1.47026370420677,3.96293606494889,2.09733911011509,2.4472491646706,2.6086296891538,1.26510196435883,12.2866409568361,2.59079101583752,4.90896398006475,3.30959383860428,1.04709577766397,1.83401898883283,16.1843328783608,1.24834406826917,0.373017143560286,3.6218692820898,1.64046659822867,2.80885109284965,2.85846728976588,0.288971471623021,1.53625075760924,2.70814894752807,4.05654954837035,0.821115317165502,2.23449533807648,1.56247373593035,3.52699610716198,0.747914045145803,3.35244081608297,1.97991213172854,14.2833060542671,1.15378485351363,1.04620378148908,0.320177144588435,4.11042363248214,1.62833451496482,0.849710101791146,2.43710441693049,1.99101469871259,2.5049928371516,3.75174779819613,14.3958908384241,2.56362802071539,3.5860796759304,1.74215252596407,3.01569386876258,2.52857172681336,3,10,3
"654",3.34334169583985,3.5902887663041,5.02914215143117,2.3361652236853,4.49475265254145,1.70568148748213,1.45533976095306,1.96123992469086,1.15546158696585,5.63904840139323,5.87666724244906,3.7518559983066,1.39336182321131,2.02624005981284,3.93248110646349,2.97701919757194,1.36174344094469,1.51443622320125,3.7107316744912,3.49782601570323,1.81407024667394,2.65470901302032,0.515554941632246,2.18418368821693,4.03271270862487,2.69275349262507,1.32068175945576,2.39031548903861,0.656044964151906,4.57440386221812,2.99789033040395,4.01431041300507,5.72084313832789,6.26435880342797,1.62651773467301,0.747397293756427,0.846249600719715,2.94854702099461,1.33432408487753,1.80635703737389,0.724184293017715,5.72245361275487,3.58613204941284,15.4943982885952,2.76691370070797,1.82831057012643,3.52087462691593,1.23814069542941,1.5972330071754,10.914354926397,3,10,3
"655",0.855171982161974,4.51782080428612,1.57474730561899,2.39239455560389,14.4842662794602,1.50141890724747,5.15865694504866,1.02832343603412,1.37365717959045,3.64085045181092,4.94347509474849,4.1944825666609,0.98779529019051,1.97733577994861,4.61540446434853,8.59002021297816,0.617220980391255,0.517195662406168,14.6895725403216,1.04088852462524,0.640405384356425,2.67321569698823,1.35190505153375,3.40487282953554,1.16745880728372,2.31559657231174,3.88013051922349,3.88765260426204,1.73756163851269,2.74806035982994,4.02343356940224,2.00970486458723,5.13158281515163,5.19792800429766,2.81282106390473,2.76523634278456,2.20412397842511,4.31574349023723,1.0398145672808,1.15477953355968,0.835368341672488,1.79701568355031,2.58586198194274,6.00542623453529,2.92680582886559,0.986854606851364,4.7621483995488,0.954466011251812,2.30978052891882,1.75282262719515,3,10,3
"656",0.537482758433549,1.50189873603959,1.65744858862394,3.01934457091418,4.38776564591949,3.64465644570926,6.78132400974525,2.91931747478688,2.31994772924025,12.4218359326221,1.90890436196015,7.16399450372217,3.62713736828482,1.46984851086199,1.56171899065051,3.59218473937187,2.16070766139571,0.257174858916938,13.7115690558146,1.35892373269235,1.38252292643799,2.23525047511653,0.946779518232257,2.11138289127713,4.32180427612789,1.80593303844364,1.01622000645234,3.24849305046732,2.67800546677542,10.2500386585082,1.40592219520397,2.76625957430639,4.57978397475908,6.37142711622802,1.59212992253039,0.996014570557454,4.0223329044718,1.37217054347572,0.193605351237289,1.92520317751448,0.861337788185944,4.16491278915651,4.97848459136011,3.21224766222729,7.98456356809782,1.97567721356197,4.81504066740047,1.94545533981646,1.74290123972172,4.28522943645575,3,10,3
"657",0.734190092200089,1.95244179504963,2.33055372557882,2.7333307115775,4.94544291875091,4.51369339276488,2.94013300967889,3.21173654877632,1.45940719463767,8.09144710098385,2.80381391526954,5.23850120254937,2.94636388687065,0.873481497653344,4.76564575699437,5.75607061020585,0.753839175084604,2.86764669000161,7.20293290980288,10.1451145080107,1.83694962421816,3.40419132559777,0.413685379142526,2.15211376379967,4.43535930800352,1.76279729190266,0.576829006486974,1.30202620896424,0.728328919953986,3.22726871089988,1.70652464531786,2.02990597381045,4.72215286189199,6.02822584814734,1.26308838841459,1.18493703598922,5.55458830569428,0.608095301573513,0.999770096133765,7.33423203215868,0.985986495270397,5.28649858939919,1.61994192870922,5.6039248769897,1.41354256824532,3.68148479953326,2.75170193001725,0.909579770801412,0.786626479506867,2.46789367166172,3,10,3
"658",1.54792109706,6.63355876866709,2.70482862080115,1.50779288267024,3.40214808882198,2.21480135663025,4.44781333739319,3.37314996990004,1.49814597053711,4.34752891995369,6.44516157617482,9.03923381394573,2.68037781084385,1.90972407442942,2.08869397373702,2.21211390067679,2.82129353993048,4.76004238362048,1.67504651539502,3.20197267569141,1.56331821292261,3.85815063230838,0.254022419287786,3.51445344696045,1.97097561339706,1.79912265431329,0.892574984949322,4.51295401678864,2.71007021013133,3.19505821795107,1.25642109389975,3.0965499336444,2.57116160622873,3.88005226549797,2.07539684433204,1.72691434906341,0.27891786861532,1.90261632020971,1.46793138184874,3.58134506694466,2.34225353527671,1.57607600827697,3.99040073039224,8.40607412914709,2.71347702988001,1.14800560306236,6.44730167761987,2.14810072662508,1.2444395395366,3.93505572226245,3,10,3
"659",1.9069556727222,1.395324451487,1.87243371398624,1.68841044711665,4.46438824233057,1.99821427313982,2.04279332080757,1.49399817618628,1.69689618894755,1.44811590376425,1.11481085835393,7.90834032902624,4.27820532309506,1.16929655648163,0.987122594007231,3.39089330985675,2.7934456285071,5.57187855470099,2.49041695084624,8.54793196190327,3.16228312824405,5.18931033195848,1.11649642401152,1.53162721036446,1.87435025926051,2.99194315704857,0.824150278170341,1.5883161725032,0.675432746211659,2.36240826397961,0.700776506590634,8.57244431018791,3.70752041906784,14.5462421400905,0.57869083074145,0.347410056126332,1.02398542994161,6.31832106897229,0.890686816978658,1.94257051037715,2.00945482235124,1.36890816902818,3.41738318032159,3.85331354003579,2.97715360813894,0.980197919640244,3.83966234288365,1.53162618386489,1.32682876063314,3.76874161242664,3,10,3
"660",1.46671743429228,5.5643335936665,2.68714458123386,1.70129558749121,1.53502121031064,2.37904311911126,8.57552978387869,4.98806625038304,1.06347844739247,5.26948607808728,5.89112063589443,15.9884777139233,0.688070977675562,2.29507003722065,9.86475641990985,2.68536663476208,2.09653630472833,1.99456018162289,9.24184998191745,6.76099947838958,2.07726358582772,4.50156572019468,2.08193733651951,10.1914196616655,2.73716771181814,2.68148688819857,0.799958974268297,2.96002939928798,0.558953440161743,6.9051355930954,1.83792946550294,7.27751237777537,3.95237519630827,3.30816318775725,1.60551871146067,4.27567310792723,2.50430721440534,0.897939819635804,1.59804434707867,0.849710101791146,1.46616317684464,14.6374308568475,1.84664636654341,11.2751163879708,8.18385180533558,2.74530760570691,3.68133423533518,0.711688701011178,2.1177835830617,4.14078413743777,3,10,3
"661",1.04042814537492,2.80950459466253,2.72885003309658,1.20072243282595,2.58463754327257,4.26413030868672,3.38038996960247,1.10728602226653,0.848138050637265,1.7115490810565,4.58396974259937,4.50344055419085,0.916282641103399,4.34440085582408,2.70423312077732,5.08489894409445,1.3385991413159,1.13240226152573,2.64754231557855,7.69636854869991,3.10409396765474,3.62629316311325,1.45502847809571,2.34404165304471,3.55092622121229,2.6749055060274,1.98153589702321,1.33703080617369,2.38266499248343,4.93532624634911,3.02340328366978,1.23899088404158,1.39873794405188,4.88518734303847,1.6929203621739,0.249546770313003,6.36089972399851,1.67539006082046,1.94744448026423,2.15029813254739,3.33401993483289,5.81692307200634,2.32153741156181,1.54513550534573,12.5676464574406,8.39472829913325,6.31987316240201,0.289576114195174,2.46854573168251,2.77756280641135,3,10,3
"662",1.93951661604282,5.51614923264429,1.76332615788337,1.7215096382775,2.75236903034643,1.42059164651027,3.6529347466541,1.2123643826912,1.5038332486731,14.4997164124562,0.995096513357634,5.21935405822815,1.83540389888413,0.896169066231281,7.79850006017725,4.90253458199263,1.84810869830951,2.0918143094252,5.31618289413514,4.23258025876809,3.55818675351043,2.03196312522677,0.952319583280757,2.94847056139814,1.72428752218164,2.08472336658407,1.09765617072589,1.81508123126414,1.97122039153028,4.44778043914234,3.35854253222819,2.59481515333062,8.34245801651072,1.94803386823348,1.04733555498276,1.43407838945339,2.76338682949389,5.36104631723518,0.71958453890856,0.619981713591451,2.07728336616844,5.425884782332,8.40619616151746,1.90501064511706,2.27000286431341,2.20995667412403,10.838142035542,0.558395818236539,2.58761437580599,0.69351373528124,3,10,3
"663",1.09746314605496,1.42724611425803,3.19986351054956,3.41712643104994,4.18948557209698,2.7419500433586,3.03504266983297,2.460773319222,0.917886436510568,11.016702755136,2.22789692656254,4.04806163621293,5.84990369441527,1.7289030974164,1.05819206294108,10.9545413884293,1.45226291380146,5.4558457568819,2.14466842550549,3.29431605534824,2.89405956305458,3.11378078979272,1.02026118317732,4.19562806885688,4.73901898186051,4.03331797361015,1.46669804551166,4.04112253767849,0.668072188355544,3.83692111876289,0.153814777133236,2.15482158897332,22.7674296810224,3.86812122770654,1.6648835327967,1.27805614624467,4.54873247445084,0.762074794166655,1.95652449005815,2.66025371118999,1.7273329188543,3.03402541931826,4.43618472540846,3.8990563521054,6.22487888442858,5.81337994636037,2.84927984165605,1.04557123711076,1.30817579637752,4.31034939335264,3,10,3
"664",0.513882516990757,1.03448699412883,5.54241820039626,2.7090405820424,4.67249998204126,4.34583012703192,1.18271838607464,4.03582068160499,2.21622473331526,5.04365202852173,14.4428757416212,6.34709476625616,1.37818651160384,2.72904665693327,2.4293820358955,4.44761385804748,1.28135056576067,3.32840057742191,2.79900106556206,4.98258931445504,3.14466079089111,0.97989094906913,0.505986221039533,2.43805052108839,1.21156293566578,2.6704478838393,1.83713698518196,1.09798193547888,0.974371003157755,2.74708316231293,0.590022607271391,1.94173944084076,2.79443817989351,5.39392296052671,1.77523296717291,4.31838148046538,4.56367462319305,2.96203557905256,0.645561479498778,1.40869728773489,2.95111551129987,4.09762854387937,5.04616090638965,2.28566013200068,5.87083481052299,5.02540980958643,2.45003390756315,1.32419765123007,1.98550589801111,5.08250914355802,3,10,3
"665",0.773231357468228,3.44306037392861,2.58340794376801,1.14242909019195,2.79487533630301,3.19394813948114,2.57761792963795,2.61088270803517,1.2978943800741,1.86728757027493,1.51601415427333,5.71225657572546,2.44893536585881,2.67402527377542,1.85697234175184,3.20628129209529,1.74935830570391,2.02820985214085,5.94897800776435,5.87196599899169,1.97910517816678,4.12432318477717,2.21632147972208,2.03310677179285,3.95608926636285,1.48251592926345,0.918476213403902,1.83598681081695,1.36823235808055,4.02676261457575,0.973746157038182,1.69295191399862,8.85584857976476,3.84579639287829,1.53430403176174,0.53978862046443,10.8336667184344,3.51965203150894,0.20450052662428,0.735439007104445,0.920197266332471,5.23639963155873,2.07879951095335,4.15184822335445,2.01742821204404,4.3515080829959,4.64770351692485,1.77948230872776,2.54857447751724,10.1122890325901,3,10,3
"666",0.927893447237626,0.612566073482535,1.9029590060774,2.13255036913508,3.03811474185671,3.85594639135948,3.13151953980386,0.664238147046931,0.780546834054779,29.7700263936463,1.58221087484827,10.2480705996721,1.673996448548,1.87472204687686,1.33962481934744,1.89703272122939,2.76304887352572,2.36562330992143,3.95898037039374,3.81266973482007,1.53634686792203,1.8777529681737,1.86298834822368,2.74250332319887,5.61276602923486,2.96261806587237,1.62620875442895,6.55516107201713,1.1380544237874,7.31474763908404,0.424115550269555,7.85992354374158,3.7820111835872,2.20819004337376,0.621624116608208,2.81491276706181,2.63273706082082,1.98133023378224,2.98804457116791,0.662359972884384,2.51461229692032,1.93351193350369,2.09694307772597,2.58198804823453,1.89574518017567,1.01757189397183,2.41144807123723,1.77221222460507,3.34413460100266,3.98788520964968,3,10,3
"667",2.47324579930821,1.96285231736164,6.52438289017643,3.1042655837957,3.53851832268829,1.87575379041517,4.67020453907587,1.68032516430768,1.97848540190587,37.6072398541798,4.61529231859812,3.10515288395251,2.24769903744123,0.563365669373344,1.45663716341471,6.21956435278582,1.95924334973493,2.01993685146554,4.60531292853536,3.64150983209106,2.44060431982935,3.42004301084923,0.259591777357748,3.05262273367429,3.1177168608128,1.76661870197266,4.41074476175127,1.6106128449583,0.91771140124902,2.83872802591569,0.371842074990238,2.98210388855771,1.2449334322635,5.04005945105865,1.70183070167987,0.277771339942129,4.84500489034945,2.9460108249986,0.4399516732467,1.66504456839535,1.20066187332625,3.5654434301973,2.39065616397829,5.30297843004637,3.04640179798966,2.1886425710802,3.35094522174036,1.43925278359841,2.48744365087484,3.07162637055955,3,10,3
"668",2.51590085172427,6.88411591798212,3.07331645461316,4.18349500921798,3.49930792277303,1.68140465227582,3.60189120834408,0.16695591623116,0.992680986873548,4.75843655220073,4.91376774520538,5.79911639572553,0.78750134879207,5.6899991894138,2.73170731825753,3.37546436087979,1.26532224665788,1.08915368676963,3.33918350815419,1.42549761296013,2.83818469387647,2.96306128040126,1.98111474678597,2.00889446135211,1.13788278276443,2.19753808617519,0.713120328432478,1.73430560202919,8.79302920018879,1.83903692893777,1.40389325515669,2.24869246068295,5.50256709218456,3.30511376361275,1.821945489466,1.30677135759276,4.70505327961374,2.59501538767945,1.07482998219915,1.86885394657995,4.8676416622241,3.09450564723483,4.7486771879452,5.16670186188176,2.26142248745181,2.65523536407336,2.98529942329394,1.61840272759052,1.41131397396695,5.80027895675354,3,10,3
"669",0.872271356951865,3.02060905875828,4.32340076294542,1.73790546905374,2.19169990167003,4.24979954846217,1.21688153277242,1.63351827601595,0.979217444031936,5.89214473901131,2.34498908784886,5.47012870414626,2.81067033990018,0.638526841235415,4.53217608643212,5.03918339243027,1.99896806508886,0.323907148639035,5.53074380655655,9.92424220001013,1.86102887090633,1.94778104611778,0.924393996900045,3.07660089317339,2.68879916986436,2.04456300248693,1.69789744941386,1.72043484759327,2.33206474847425,4.64477179040414,1.2127219620969,2.14887043050961,3.42912057273153,3.6838505679476,2.16661443584691,3.66292444247319,1.29093143558318,2.938418669831,0.837235094151524,1.6168109381901,3.56958379707616,3.31439025763852,1.10739908020269,5.40140051166325,3.21625340360669,3.89595155060797,8.53741342897625,2.2651871381071,1.46944409607457,2.34000041579543,3,10,3
"670",0.902116810499379,1.20981961106234,1.19019624964159,0.420543713620752,2.95322550053434,1.11353148215994,0.739366148140253,1.73551655581014,2.2570818541519,10.556753613969,3.00723430566849,18.8422597029711,0.969203918488268,1.95350668752644,4.98511651353565,4.58398515328887,1.33388431391329,0.933005837112845,4.21057022679979,4.35300650430697,2.37615153655226,2.18009666708513,1.98104093692719,1.89034905296374,2.30200843907737,4.02332379972224,1.25938870074364,2.40204082709069,1.1675456285347,4.66247455113887,1.26831630037297,3.75088645457126,3.20232968291642,5.71293787582872,1.51557596151345,4.25494551544049,3.29960455334806,2.37622376078139,0.876141196540487,1.5102411464074,1.68257739644002,4.49135147034182,2.88940090077081,4.03636441874548,2.7082388390243,3.44924008194592,5.15383306915562,0.908221294428568,1.91940985482795,1.37690663288596,3,10,3
"671",1.66361231329723,1.87206748528161,2.19524612274805,1.43304244854787,9.06876433555007,0.465882052726295,0.789930833006974,2.78784020386985,1.02963108743536,4.82392618757219,8.73371824029358,5.07996446097378,1.92355912531481,3.21628841766305,7.73913159497794,3.1397559376879,2.50957195372521,3.37902112447699,2.79525835380568,4.13373485221444,3.35721136677002,2.57223410193108,1.19475903432627,2.55496908827742,4.40476570492427,2.61423679100404,0.876873856435358,0.950046505644145,1.24084038882789,2.42848858614401,0.472824696807507,6.33530524693917,4.72971364848958,3.32187511130867,2.50689917079484,0.685962788121856,5.60126976582412,1.78652791066142,2.25590813696683,2.74312383042678,0.72204512425814,2.31803184076159,8.69680244992006,6.12526214892601,18.7563141782033,2.43436485409851,10.0408001177953,0.710238417557623,1.70071256854743,2.9434194571141,3,10,3
"672",3.98183593233959,5.57960356153228,3.52952557640046,1.70762354592379,2.66930812499428,4.44962420208761,5.57626531390539,3.53653863851933,1.70235331519157,2.81991153387893,0.500141742467601,3.95424060399772,1.63045877157246,3.5433416993584,8.35411355875429,6.01361697049837,2.66544906444362,1.08166259082393,7.52368763120285,4.18128956970333,1.68541447203514,2.2252283362235,1.60477154436772,1.60409844600555,3.18242816581832,3.93558209543574,2.60695140452047,2.33322584040193,6.23325648033653,9.4928267971601,1.0234693072485,5.40198018639615,1.48923613894168,8.43219686635812,2.19202478033579,2.75349820597192,3.14682492822934,0.960714760184442,2.58178593606544,2.35592938883542,1.22856054264951,3.02007508931245,0.435889739795278,2.08237169561673,1.09799719324325,1.57762126907665,3.54211596475307,1.36128849601366,1.65576831357806,4.25480591980947,3,10,3
"673",1.31898171852189,3.84782770883038,1.50779283834157,2.46864678697792,1.0835925773202,5.20625620538651,2.08155015793375,1.96087550842609,0.360907601544618,7.39189562356298,1.934318883335,1.84795479492807,0.910348803929673,0.886986257806813,2.0688064472398,8.15637936838187,2.35376852803329,1.10236563188517,1.95502303217258,9.25910617716916,1.73736792008531,2.89041110768742,0.624461253478478,1.44004138318778,4.03877544866098,4.50016098087492,3.69516582337135,2.52359600215985,2.85176313670007,3.59867564041626,1.91090684549761,1.21586830786259,5.06064811019105,8.85652561938871,2.18789063394446,2.3887311596604,1.07586425154535,1.24100753404164,2.99829880987759,1.32571040106736,1.14713823937705,2.29704908792988,3.67118244968528,6.72917967392566,1.47921335861745,0.917357108768384,5.43027347882908,0.662054741565729,2.35828431004143,3.55798242960927,3,10,3
"674",1.57367958316994,1.47236409311948,4.1917548424636,4.88791931423553,4.33753665201478,3.23985748957638,10.7279215804108,4.78644117396396,1.02597962428417,9.48698809887158,0.772546569463592,4.23831175946048,0.896499551350966,2.98974983103304,1.4878497288199,3.20446368134104,0.849823821118543,0.590648704390584,1.86019223721717,2.21377026929454,1.0857936287133,4.59043705889074,1.71735341370933,2.14653942631212,5.33829261596837,1.99403652842534,1.07076233363622,3.91672450879991,0.916349084747887,5.06812729517244,0.517448862127466,3.76182311101487,2.10522237908417,1.80624412906734,2.10877036627214,0.735797432430252,1.37251541248049,2.06826896667865,1.23826459057061,1.76624794648874,1.14139534046865,3.73267454846639,2.71849372039101,0.934133738375254,1.63110943762922,1.80706392651112,3.00044071387291,0.665442179924457,2.22904603855017,3.32613651871965,3,10,3
"675",2.4921403829743,2.96272822080423,1.42422206197368,1.79605276398929,2.1970694614104,7.48018226856373,6.14485441315907,2.46946990392532,2.29207318350866,4.31516200399007,7.83126337560334,2.31098644507341,0.979922595531758,2.8403631750707,6.8035003653668,5.35451943497534,1.29502527630633,2.59753300221877,2.63613980862887,4.64611288658311,1.20581714488095,2.64879548007363,2.84847054531456,1.78968273275445,2.79542282560257,2.88749757497643,1.52228722624837,1.55465557270406,0.81753838268343,8.71665766177587,2.36223202396471,3.17182586583408,2.15141580913065,4.52606015095843,1.84424235867258,2.26310161334024,0.507840788276099,2.50762926379224,2.11436838758534,1.25811630082235,3.42456985799622,4.45499660381841,4.78229796103788,2.9417345789598,2.97941988455862,22.8586874026122,3.53837900718573,1.70239027612249,1.1020960769306,6.3883462027978,3,10,3
"676",0.441638433490308,0.934200716978319,4.9868758362263,1.20323643134019,2.54731144071752,3.03367298183214,2.11791996553539,0.670618124357575,1.08109473127675,9.18663745466821,11.8143059578116,5.3012394711946,3.46528852070667,2.77307900288729,7.60650258961721,2.19657613716779,1.5102219832126,1.97730192966686,21.4748780839436,10.1040275840526,2.15116129100166,2.90714999058177,1.14161003263507,5.21666943832283,3.08987754894558,2.47447643600512,0.930347516272263,2.91075628093847,0.689220718503828,2.33075476236802,1.6190160078957,1.21354565457323,2.77628501645815,2.24574664860048,2.1915015355683,1.64816617799315,0.874450178125522,2.59583992226446,1.97022850503566,4.67996505552338,1.31510554431038,3.0025083572153,1.93942914236273,2.2188807075238,8.57138498159509,1.93244676855422,2.91481740358932,1.66043315402619,0.623788313332026,3.18445232456068,3,10,3
"677",0.747620192626333,2.19648034546507,3.69682700549616,2.15695820407289,2.9879171400604,1.78131371063457,4.38106924655079,4.16212043505307,2.43097464948647,2.22508367775268,2.41736755162112,2.96972884818107,2.21884557155512,1.92695969619229,3.46632919516859,10.1758189335412,0.976325070834377,1.09531877023064,5.65139753673034,11.3182543477303,1.67561496196647,2.45289918515269,0.961022064228412,2.54939395397653,3.26765480143243,3.40452509326786,2.14907600889605,1.63366641774864,2.0822832405226,3.9415538329365,0.592887747072475,1.31630289319993,9.22894428329234,6.13766716678001,1.21436022961614,2.76842792203826,5.58743261096902,2.93659372767768,0.629828221978224,4.99259131628797,1.96045392908737,15.8981727013451,4.38867489205216,9.78433717342295,2.07337090619151,10.4185800231814,2.25749463405609,0.679787488916267,2.03227572892653,2.62745330747932,3,10,3
"678",3.09042705430046,2.23620459437527,2.64024063422968,1.21076489197223,1.46130628799913,6.43234650780299,3.20396842556418,1.03596562135019,0.782090537248317,7.3939274838314,2.74537881700491,2.92286969136692,4.72292314747338,1.16123192691356,1.74243479260327,4.47359233869263,1.24951161185175,0.745967840460958,2.43314390177951,9.50951852731905,2.89081946035394,2.52923039342432,0.265585094355191,0.821444393072194,1.14501351313636,3.54920239506614,0.992317696513623,2.46407216914088,2.0754315673523,15.6201291335103,0.787182966453922,2.8692100054136,3.30000784820719,6.36103740624434,2.10420731780214,5.55738610829066,0.31449703600959,4.43587586828235,1.49134517775385,0.854826617456291,0.936730899126324,3.83217376744042,1.54125834764303,5.32797331569574,4.62632604669719,3.17368228938316,2.01761007960034,1.11172456884088,1.4578706399195,9.99103966172865,3,10,3
"679",0.77585678131306,1.36402113839016,2.54052974014089,1.89281478477001,3.04008028466251,4.00311800405894,0.734149407844087,10.0072895929288,0.931870060909915,2.74268843846184,2.12846646015572,1.75158368445785,1.9791957176471,2.13690884354748,2.53179669842239,2.89325931261964,0.711090664628727,2.69514279233246,5.32066614501111,4.74180871407129,1.63402024976489,3.57861335390828,0.874888212956064,4.11678112744726,2.78193640777282,4.60179673943997,1.20218134913036,1.89029868389075,0.834589665248598,15.1307965718205,1.20774650742891,4.83966091948548,1.68986835967647,1.25541028984942,0.912264649539311,2.69094391938473,3.65398899935902,3.59265844640406,0.661211782465254,1.817432659696,0.791651924320619,2.46243662426459,1.91215316347035,4.61522432658416,3.13403458527436,1.58995452120071,4.10697266815845,2.11007024242958,3.66575059048064,9.94744976114076,3,10,3
"680",0.690252206788703,0.778299261570519,5.46457264260963,1.73865397656099,7.50734134873576,5.27834058412005,2.54621503630727,0.871619390576915,0.612087641101665,4.63223296231468,1.85477158394374,2.97587115454135,1.15248903809337,5.42467752047484,2.98887901476004,3.08919460446772,0.467290642978045,1.29319323044398,3.86512397031911,8.49298926301755,2.23447747524459,3.86924325348441,1.74802540863557,2.5343232866632,0.968110858310852,5.08482581470184,0.896214373056232,1.95603679157623,1.14821698105915,3.98487675151357,0.267830434705467,11.0364504067728,3.13541295340482,5.89631043910113,0.858966689814944,3.37595683412314,1.72729735420046,0.937329124278745,1.29683250317646,2.87760312153629,2.58250395775759,2.98616329825032,7.03010172752171,5.56446037092886,2.93679403879933,1.25389399116194,4.56263092887668,1.92629280331435,2.5466001380106,1.24854073399936,3,10,3
"681",2.5807498168221,3.30825391999487,1.86289576349372,0.994071544337651,9.75937704264699,2.83238609615924,2.05998060294791,1.99017618045946,1.29499303154761,12.8260650639204,4.30006873885242,4.04863329950261,1.59569878753488,1.19653427680034,2.9803495823995,3.15579453136498,1.57429209903141,0.984360431987462,2.36603269391859,5.48641553978767,0.960475575859464,3.12015462444006,1.68770518633777,3.57456666149501,2.37883192377289,0.434755923808684,3.97755768263455,2.35365564072235,0.576285617313661,4.00728500301868,0.260510856897099,6.58606786549625,1.28570353938176,5.10082246195413,1.82932970320595,1.71004656133213,3.84110420355781,4.34241490946433,0.401240107272322,1.96742002702015,1.7462830241512,4.56625569166007,4.45682428120432,3.69998166076971,8.58229383161141,3.67010218816211,8.35466296313774,1.799934924756,1.24247761945956,2.27997330659447,3,10,3
"682",2.48990673221678,5.05103831300768,3.06239816693021,0.937330708250209,2.66329498694395,1.99918202372072,1.89154350182523,2.97884284458726,1.73828698984726,13.4705125499433,1.85289164603168,3.38850637892725,5.0267712304214,3.88243607350244,1.48482149285358,6.67909715532779,2.66945800952218,2.37506513354126,2.88730230541375,6.19430333100813,2.34478674424267,0.747697785631805,1.63733578726321,3.16109831964231,1.324291975169,4.45657143812848,0.996815337470211,1.37758760946495,1.12411147133718,3.80698831295149,0.2342077086066,2.94181987396915,1.52946785511145,10.6747355508717,1.84645282264153,0.722350249985106,1.39353409484365,2.6546122891883,1.43891926183982,0.520244990942386,7.27290626035366,3.96264117687011,3.79153215471176,3.84170493836768,4.51829107937218,1.66413523549519,6.02014088226558,4.4490926998696,1.81151873543489,1.54100927144864,3,10,3
"683",1.23162069026472,2.22909394863456,1.38289431482539,2.49754796331146,0.552315806960972,18.4708751951747,1.83882478664916,1.36607658102369,0.799232191983624,5.90717502677497,4.87382215768331,2.93292009195178,1.85498287593347,1.46192933995098,3.52476722669244,4.26119351655983,1.71109317673902,0.516394416201097,0.90496474797725,3.0402243129909,0.759364063555596,1.62431685941668,0.554867640171407,1.41035796205114,2.89365536751302,3.47979976389944,1.94680694040175,1.95771336713953,2.21474051265111,1.58065788401299,3.67553392486272,3.55405971028323,1.13144085287462,6.71442556213042,0.725249886797899,2.48790032606553,2.36247234811031,1.13563821636614,2.30107664130189,1.82483016139867,1.71491571442023,5.14752571345702,3.45747789546153,4.33113800337282,4.32657616216034,1.73946805933835,6.95138969493549,1.04244566425119,2.75531855606354,1.32485254534197,3,10,3
"684",3.31121938767616,4.0631695137869,1.90766311557804,2.06625549961395,4.8140363393741,3.76547210163793,1.66637133461688,1.37635649318974,1.93349640468948,3.95876572186511,2.08072933521497,3.35834947865355,1.95397517933822,1.96165272973379,1.68165289328488,4.8443652680654,1.41232447088334,1.323548073717,4.32511470850935,1.59678926018661,2.42013335969917,3.32334084914859,2.11366809110424,2.58195798287448,1.35444596197274,2.40996845035778,1.75379112073588,1.89105647754681,1.06224462008224,2.23514830357703,0.669815830305628,13.6406007230649,5.38923917857104,15.1026203091724,1.01885973924159,1.41859165872413,1.74502408854388,3.68618292154337,1.20229143990464,13.9372496323215,1.46748515874482,2.70985380081398,4.26958674815177,8.88974910189691,5.15205411103583,2.78551228188699,1.92872008044993,1.76130521255821,2.33130656501923,5.00366972172516,3,10,3
"685",1.00344808985292,2.77289399004054,1.73080051879614,2.66056284640061,3.728729311329,6.836930934895,1.49210819693804,3.08906896611836,2.39411926232748,2.76137810223956,2.63812620221604,2.2617344743794,1.96420521177825,3.06477033635007,3.78288836739955,3.23690967805224,3.30365765173707,0.478190052184403,7.0390928308988,3.34482672646516,2.25936075430402,4.08985536807825,0.552494346273354,5.11842553410572,1.81778326856049,3.15333225811483,0.581843152377584,3.04041976074362,1.19589135113718,2.16741305640142,2.95666001254826,4.65209782118738,4.25367643272174,4.32487666333602,1.59734075566961,1.52629900032448,3.59228886027889,3.19616526688057,1.06760885765273,0.805112763784297,1.17542638901398,4.17744870942214,4.06856557887336,1.38093590249901,2.81580485956199,3.29726320413841,5.03718920792774,0.524160230725349,2.7352200440504,15.7540977993259,3,10,3
"686",0.848971035621083,2.66610582280729,11.4356854571633,1.87534200283856,3.64438252388359,5.22957537143812,3.66776493424798,3.53220105283608,1.83008247687448,9.16338776330163,3.37243392693336,2.94572728295783,4.13523868909073,0.90266569744276,5.7663776438497,5.31404032499535,0.880713965167907,2.48768371838559,8.68301755933885,3.25471586654092,0.940942034008117,1.69878026319379,2.12323892559889,1.92543088088824,3.17457427556284,2.44210190618534,2.99437910360053,1.98861478315955,0.89770262596612,2.82223879994756,1.02983480692658,2.3263335687411,3.48424345228799,5.5232894244985,1.30760983544401,1.81365592439812,1.86998584211247,4.61853411576876,0.460365178323866,1.44188415812268,0.960678567568215,8.99421310968233,5.87236173184956,4.19630835248062,3.17081327689428,1.37699713091418,2.10186832728584,1.87690084196592,3.22795465227076,5.05802293518245,3,10,3
"687",1.11367667426893,4.17189392226499,2.4641984693025,0.35303400092316,4.90813356191392,1.99427561843634,4.62848833025157,1.80572374344989,1.9282192057539,2.61048482276564,5.55871582146493,2.48837989412848,1.45229643440741,1.51087735714443,3.58448951404169,4.29515825138119,1.57794265691286,0.449886296649749,8.54703633622919,8.43703088806025,0.529156645927947,2.98323161837586,0.674656199344655,2.94214913897659,1.56157747260994,1.56513943007021,0.600821459713478,3.4968241045536,0.688956685178855,1.73210674894195,3.7945600313412,2.47780796355344,4.11315379128947,1.9350283153044,1.6654237655856,2.58367742346838,1.55432534330344,3.2688553441492,0.539936529880903,2.00559825886219,0.989800330709367,5.02188745390443,1.11968078700282,2.15359923265087,2.28729540440056,1.0599402323677,3.00814982628956,1.35932497048425,2.11756554789073,3.62201175488796,3,10,3
"688",1.06916691432034,0.716163301464229,1.41627947711835,1.881788997534,2.55818178286314,3.02714683775375,0.43961556973441,0.242613767239589,1.47267801284863,12.0169452022099,0.994371528706319,4.07069564941368,5.02622411906007,3.79718790741148,2.27969682689624,6.09657982600064,1.96683413805898,4.03745256068393,3.83910178993625,1.39621203500004,1.74138914111301,3.03068754389826,2.12470133767524,14.4876363152021,6.2870461687026,1.9433077294769,1.18497973363118,1.15765713598593,1.69001521829177,3.46369945565631,1.95465078037972,2.75427811607419,7.66771715833689,8.96107593677543,1.60796809712045,2.35676000704524,2.80247215011999,1.95027584779979,0.313125111952315,1.76122230646502,1.45567163643173,3.16397698213491,2.91849178997528,4.04965796004987,1.68226634574374,1.87942138111718,2.43543808211714,1.48039007399297,2.59319750277481,1.1126423661782,3,10,3
"689",1.09268015342388,3.0751957031984,5.36324318691314,4.48340223606177,4.41010210298846,2.42763830124593,3.08197342632307,2.19355325480408,1.86754344370281,2.22929385887476,2.86781884748936,3.4505444635842,2.20474177125769,1.63622177895255,2.7011796391212,4.50596565605182,2.08034878666099,2.38018929524003,1.43096520161014,5.62537523783609,2.53315393860237,3.40808445760362,0.34788329078887,1.9433240534226,2.19750990778811,1.04674404102643,0.997156980277818,2.39670511245721,1.11795105175502,3.82116273476556,1.3712147475613,2.36830691958468,1.74672815946116,5.18684964000939,2.04288900921436,3.19227600074782,3.71832167231644,6.20904447295244,1.79165510707153,1.37180123705439,1.8586331954373,8.18788720957462,1.09292294285541,2.6258780772983,10.2979230963405,3.39901347792336,4.86948852783003,1.5834179426385,2.26677667297402,1.64143497938096,3,10,3
"690",1.48126129296311,3.33739944395644,1.17895545916172,1.09899527329292,1.4862026797805,4.3672998481543,1.8491778552089,1.62123621391472,2.29689577739488,1.43395427146281,5.00584676786,2.6625402756998,3.2261878445209,1.49739877497894,1.95435649298479,4.44935655923784,2.78941220883844,0.875670392015232,4.98460121078124,10.2437961282139,2.35814638342899,2.17666370891171,0.834495566286632,2.22294349510666,5.49257148905175,5.50756610504268,0.670683317104502,1.3601906166758,1.02868792880179,3.52927451870348,2.63436342154307,4.12349594110949,1.34287956972337,2.39166498007103,1.95871802471436,5.38079790220143,4.13413290994669,2.14420118739752,0.262384034702198,1.44331182267342,9.59457191581754,3.13846902236211,1.97860483347715,7.1750041514887,2.67644072354139,2.3446231966604,4.28219109910119,1.14126945922408,3.6138214884017,7.76220474955006,3,10,3
"691",0.56986683237548,3.02181962893999,1.80009253607041,2.25203996249673,3.23846191825263,4.76880446500925,6.0821902716306,1.13216239756603,1.89262438567166,6.16006067924694,2.3549669219803,3.37929021610641,3.56065103671458,7.02051556006545,2.82527118991778,4.18731256697549,0.935050055582511,0.967798601424558,2.20337186100325,5.23055395969401,2.49594288243092,4.3488631437657,1.0277641855107,4.15883037999944,2.78589027708474,5.89489522127954,0.790343389233934,2.61922268842197,0.729017953840788,3.61507966260607,1.05553107617578,3.08474512229797,1.67145079647592,4.26271153756208,0.402301840688858,6.18919913203172,0.737216360051034,2.17863504915506,2.30117514491375,2.98879516069461,1.93748732543022,2.3927851190485,2.53387155499358,2.86817945209074,20.4203434356893,1.55749748370525,1.95263335315969,0.624464492360751,1.96196343267832,3.01813666057732,3,10,3
"692",1.66492674794746,1.53854729475404,1.93657130013205,1.55782683085789,4.93323614424238,3.20802119795975,1.85264130083797,1.96356861333868,1.32994788652399,7.82389863796978,1.25791722306251,3.09514089296135,3.06071502402601,2.19615709489502,3.28020516480758,4.53335686220902,1.57489673116889,3.24746375340031,6.08139228848913,4.13400360608746,2.37464348494682,3.73202157087109,0.912385386918487,2.21324748201163,4.46994068308615,3.75383071609512,0.829937280977976,1.66443579997259,0.980833775320094,5.93861113186781,1.5683603157065,4.55595345880842,2.17925291520866,11.4596695258494,1.5941518190611,2.99844652897918,0.745646473335464,2.62295370730643,0.406265015593585,3.26427437109873,0.977598751071839,2.27384025958562,4.40484879119218,10.1356043100414,2.20646830057958,5.53012447732692,7.3088837107901,2.39524874600903,1.92076140912651,1.81619129276065,3,10,3
"693",4.55824922388522,5.03545673864051,7.40297308048568,1.22380104173033,2.70887249396719,1.90068498683786,3.4121369312177,4.0562762779751,1.74661662684237,3.08345338756129,4.75912895574507,1.26263321503079,3.26905898705444,1.85124669718981,1.6246896757236,6.72656201610541,0.901896417387506,0.621302814694509,2.11607794185866,5.70925301015318,2.59420007526621,3.2825882666172,1.75623310248217,2.53687927057176,1.31428295172524,0.50635868656089,3.64231888989464,3.45559117406303,3.84338596904241,3.135390316393,1.48934186972342,4.03898473732257,3.2816568867493,11.1068139153222,1.56857580908698,1.1640406924904,2.05679882081038,4.34443370061964,4.3152558820456,2.93782539137068,0.768350290733278,2.94328597977986,3.69925854026033,5.7717306026305,3.18123290666686,1.48969035010729,1.82418197418094,3.56584323220309,2.35940813601673,6.87535619457499,3,10,3
"694",3.41217782071096,6.82169325190595,3.29517531263767,1.71654753818407,7.2088636947552,18.2915914552898,1.44530471375544,3.13940092653359,0.701312855711351,12.1628568467926,1.51703063779297,4.04093116216134,2.3432648474486,1.24814537259709,3.30891888505948,2.81262009236861,2.88246184948455,1.03932636912429,4.36354830596949,5.65042477726519,1.6173103428774,5.0962591482999,2.4755138326585,1.87360383622311,2.46723655489454,3.40917024495288,0.797542164738906,3.9109422430864,5.60174136493409,8.48641442251021,0.835448664985695,3.50141494677675,3.39271896093144,2.28449466665014,1.32822337987589,0.590857609709914,1.67083422428161,2.13169196009125,2.03614161790865,1.16966556211763,3.07459683168774,10.2633056082727,5.02231788923405,11.9277729162689,2.33779198482654,1.34976510359052,3.58745473806307,1.61555680901878,3.18371577298649,7.33960651717253,3,10,3
"695",0.696928009742967,2.36651866093993,2.61716703670638,3.11119548817423,5.94721366215951,0.179320838298459,0.410197746683938,2.33982414348747,2.4269007163143,4.91474905615478,3.20982629987433,6.89110258521316,1.75421965092458,2.83858317286226,2.14501099651782,4.50911059859643,1.43263290464785,2.44721740452583,5.72545824367066,3.75132950964013,1.96394087659686,2.30251903915656,3.317561658081,3.51892305308056,2.40314247946719,1.82879158323478,0.680893517220837,3.7221920744238,0.623061773224258,5.21667196958055,0.204834122750743,5.0989563950028,2.64953070619239,2.59148569253654,0.701095029903922,0.996851435015319,2.2353303422036,0.84466295793303,2.61875463638294,0.86386499616436,1.69246277066077,3.62182028786915,2.37745596774494,2.12807117925382,3.64239697984546,1.45034085117188,8.40401348991208,1.55836005318546,2.96937335810025,3.67030602853915,3,10,3
"696",5.85793772102048,1.09133266162775,8.13739516550483,3.11145121069147,6.99517086563035,5.80385340174156,7.04042772388888,1.5292807571636,1.51288785195311,8.18588679441633,2.71209076280786,6.27749333519817,2.10748390186389,0.992006019653482,5.74326271070292,3.55441341188519,0.907839540495988,2.81451857486501,33.5956337272432,1.6866947548984,1.31809309363764,2.24976426689087,0.871162592095972,4.18453005569619,3.31008652632687,2.58185123997216,1.29319841278842,3.42890549393176,3.50636249623209,2.82364687358513,0.391190268427517,5.75871294794646,2.59245299521329,8.8880775361111,2.09805087581345,0.275132526634195,1.67211044575854,2.31732737378711,5.02473485698341,3.05342912864228,4.22882758811657,1.16381858457654,2.118270214091,7.37969552895098,4.8597657613162,1.98757239190869,10.4557601943332,1.90908539013035,2.3257195491848,6.90864549569234,3,10,3
"697",1.07272297147058,1.62304401050571,1.90237506805049,1.75567139214128,0.556545609818,2.32784429199884,3.15482943679331,6.49200165465988,1.05825570268177,7.63742439640035,0.273794581470005,7.98915470804784,1.23867026907179,1.68743100600641,5.05490596089555,9.46624133770353,2.19780367909133,1.20603689807235,5.39032365097908,8.03664815659199,2.08057798446207,3.67041625244637,1.99420782430252,3.74264533036666,5.48117164604081,1.41167230156406,2.31537852463006,2.23052167689955,2.10525145949868,1.49623569635305,2.75375735897002,2.22110237823697,7.83663558887566,6.84458657330165,1.97023149956066,4.43393340355867,0.446018097095379,3.01376693113478,1.07680552102309,0.698053252379841,1.14287009022215,2.57062972371724,4.88990854404063,3.75697921695372,10.0078056233415,1.7054200719468,2.53206063159691,1.42189358603428,1.87521771441759,3.56141381864459,3,10,3
"698",1.03583129911474,0.236196527655155,4.25460511741778,1.31380275993401,2.04286473090038,2.65511202548858,7.20978374381263,3.87165192337436,1.90705970112151,9.86695137036479,0.96394887904839,5.60526382476127,3.22010622963235,3.40047990267328,4.03314359970153,3.9726256807354,2.22698513456248,0.52696884513193,4.98754474758472,9.31868993070466,1.37455971494959,1.91888036684307,1.16102420915773,4.02240335623211,1.71386963865846,4.32319289144098,1.69721671760983,1.00194705597062,1.16188066809826,4.21218940341839,3.71476927743525,7.72016962662693,3.32593604675916,3.85694442681375,1.6599684121375,4.80417112662979,1.10259834328088,2.25488921528357,2.21220072477644,1.30333982064417,1.90149871005373,3.30338371579894,6.72430909753445,2.80859137157402,2.28297830881212,1.75076543692809,2.57758824298867,1.17267622247892,2.1804773084315,1.62678711203368,3,10,3
"699",2.24944489223241,1.0007263043811,1.29651966485132,2.57096671475664,1.71033423822011,6.13958158831692,2.28671636435901,1.13944507928304,2.46659559055089,3.2881527350588,9.38241440492927,4.61150291503624,2.4489240416657,2.08506989237063,3.24548838512749,5.2485658940078,1.62796272436565,1.15890032118528,3.11937427891893,6.84539396471829,3.41799289770565,6.69103514940946,2.11130300630228,1.61862925781639,1.48466142071807,3.8633209208155,0.931034251324337,2.29468620458845,1.3846457254263,1.90083515048368,1.01429577023625,2.34627454720736,1.98385511376123,38.933698140162,1.90796462569206,4.02911518177499,0.426316021041825,3.41903664039227,1.66254171496132,3.16178193633942,5.10721504638711,6.57240375720999,3.6416026957805,2.26296596893912,2.47042168657248,2.82937601166979,2.25014771777929,1.33138184901147,2.65895959498496,4.0808748886983,3,10,3
"700",0.787063136049032,2.50913306453399,3.42248713350265,1.84933371968767,4.26773596534865,2.95290142156414,3.7194036540782,0.537707776444135,0.928671969725969,2.67952466350529,0.988866240883242,2.72191919708471,2.07362474267771,1.80349604452471,2.72197921710323,5.04101566614351,1.71146030061838,2.448321979183,7.34944293152615,5.13507021155003,1.33971001723513,1.46054994676052,1.87149879499342,11.6887377464978,1.13878768022689,1.99098581905927,1.86242551657613,0.81565759741286,1.00861864514722,3.19244552199771,0.854585900111381,4.65441271583426,2.16955748489096,5.00907882193334,1.63852281307795,1.90632171744912,2.04885304303021,1.54405266594598,2.28858255420809,2.2597503433469,3.95301404226333,8.21235236409311,2.86473918494954,4.11035889790715,11.7059479962154,2.36330352279978,2.94926581679541,0.709922207602003,1.45809626732549,2.48943130116949,3,10,3
"701",2.34797036402178,5.73166539766695,3.33427402040421,2.61585985969447,3.0780897648813,1.76169657245932,3.08246064864263,3.60881536666363,0.385231724726017,9.52616684264676,5.22136292611497,9.15902258213456,1.91505924674776,0.794297976263021,1.87634445235063,3.3766398159735,1.4559843978175,1.66082217373149,1.93621839425225,4.83856940727082,2.36657737793392,1.73156812186174,0.487756711969783,3.28889510191184,2.81467163628292,1.69776380166692,1.21821751335924,1.46312631358001,1.14747145444694,1.94734038422434,1.32229017785836,2.23410887798949,2.22388205108743,15.1558898972293,2.12583004799942,2.7768618817937,2.25526216668313,1.8012139459712,3.26495028599588,1.7636142164943,2.43474307993586,14.1336393775188,8.37123517607539,0.947677926954714,3.24763647560659,4.47699513769359,2.17214907764905,0.430780560841027,1.10766679469332,1.24828163520097,3,10,3
"702",0.883758595123885,1.16948205471549,4.97427366937674,2.03529225272793,1.15724782773154,3.58820571730367,3.87407899757187,0.828016381458309,2.01516331109285,15.9120260510013,1.71788385308644,4.99636261913561,2.11718920753469,5.55651731231677,2.43222860921983,5.20993777204261,0.950400922291034,3.07482649937901,8.0877336531835,8.59603177538359,2.58247737466712,2.31923122535673,2.53753295520315,1.59647329899387,2.11433214215418,2.66640838612516,2.22034719995035,3.81224168215198,1.66099719020758,2.57547513401495,2.6399818504214,6.98259860596564,3.32656434650377,4.61904439647829,0.848716043650661,4.78378854556919,4.84159517014585,0.573561661532866,2.06219852241888,1.29725712829895,1.77181940379965,6.85354471497072,7.21313046831264,6.15373925187907,2.46443618330215,2.58942427773094,3.71384066223343,1.02756214956453,1.94820301661442,4.80028300197489,3,10,3
"703",0.724387726111999,1.29808521681402,2.21812836547131,2.11917006821714,3.61603267084602,1.89143061222191,3.9009198373245,2.44137452854839,1.22000619169355,4.39017492302507,1.50083841009917,3.08090696801653,3.54944509317136,1.23091799042523,2.83085034151923,3.42685806083922,1.65710058631356,2.03730919945539,2.35558994217782,7.78080662323258,2.83137064487319,3.38735530374616,2.35419530963743,2.31445862444052,1.65417004795528,4.96881738271673,0.481324865873995,0.551403965434421,1.41146123469185,7.51651415300411,0.360969310362052,2.63335327061945,4.23741960743524,4.70161918501944,1.46626183324079,4.05217348446987,1.1847728042416,5.75835040228721,0.914736177610711,3.16615147401744,2.83468224203136,4.2386359476318,3.06048419638141,4.8079535665939,2.32548452689448,1.61740623596618,3.28773761072582,1.56550787397998,2.15428761772964,1.71420292606814,3,10,3
"704",1.43028071305663,2.93933902484961,1.56757144579323,1.7418533614143,5.70301147296709,2.50708492826678,5.36562209562403,2.26025226669627,1.94139889322354,10.5974749687233,1.53961158394886,6.56117298044626,1.37520246576168,0.716003295037599,6.10221652047632,2.45092504666702,1.03018766936565,2.12270875769061,3.88868363982802,5.04872657047086,2.17672139023752,2.65214581359988,1.0567486524558,1.80627465795168,3.07368400455249,2.78693299575161,0.765927240451116,3.05112883341636,7.15407403151961,1.66215232527796,0.70817694341096,2.76622409642377,2.96344522634964,7.21152765982645,2.67641612231229,0.784869351062554,1.48382879640336,5.26189903221867,3.86904189751501,1.62846444446505,3.39143997842545,2.47215799250605,4.75601350441707,4.96339864533796,3.47648466019016,3.19348828892686,4.69462216516184,1.93664019638394,1.40626446641309,13.5937916616304,3,10,3
"705",4.89466032747664,1.58669932768702,5.09086804534426,0.69721931455166,2.90346305485966,3.89962019812062,4.4256590496542,1.98764035102543,1.49123372450236,10.6032682311954,3.60106293582711,6.84658763027497,2.56240563232028,1.12612219891007,2.24180044639706,5.364049642319,0.92269244124699,2.84699343920181,8.80141607873315,7.31424861490288,3.00132334474157,2.23221875505927,0.551143952772286,5.78818719976277,2.11396446342005,1.57192747686302,0.653332796320838,1.59995797347285,1.35544761790736,3.6976368103094,0.904680323444602,7.78782608299773,14.5801396338696,3.11887252687326,0.713326142571536,0.68790002751715,1.85780430843004,3.61763821037165,2.23210994477974,4.27357274515586,4.51612302993559,5.37450970222194,4.24968480761493,5.87171495236453,3.15980074811953,1.56939682324455,2.23008977003185,0.235693384702013,2.21160922658267,1.9171441392297,3,10,3
"706",2.94123546254744,1.7272100910059,23.9651710185311,2.01808292782996,3.91327649934068,3.11925676714514,2.41227879451189,0.614914132145829,0.808786628716907,12.5254346621183,1.03474032220509,5.56940051005584,5.50403018964989,1.3647863147711,8.02063035934346,10.6555933807065,1.55558083940495,2.61744089260211,2.38648333737641,2.9652509804079,1.34695496851999,3.30229795468788,3.08590478420639,3.00081994330139,1.91428046084445,1.68972655991306,2.34920934925801,2.29580824478298,0.760928062043131,7.01450292193126,0.496459321454406,6.6770697943443,1.69993763394771,2.9273970461496,1.21025084374389,2.21119899161919,0.438176606592672,3.11698171582614,2.46153823858834,1.8883448957583,6.26874090007496,1.78338725300902,2.50367880046886,2.68454174868585,1.46234542361377,24.7574248520992,5.83734228361004,0.944098150020961,3.6296868427092,6.82791941241718,3,10,3
"707",1.30476839623867,10.6966449945669,1.53817042930918,2.12277770292351,7.70855687118621,3.26498795877393,5.6519186263858,2.41124903328401,2.69577990759985,11.7217974298886,1.25810681172652,5.70449573979997,0.412384890036716,9.48314047767359,1.57578905229085,5.00793420746078,1.72965845612804,2.25388579975419,2.12351111403016,8.41158710487024,2.238951189926,2.45475003758919,0.586912626308565,3.49596357271333,2.00294872451799,2.15470904964784,3.28544645197639,2.65134861921038,0.864927287713763,2.66598825428403,1.2154147001775,2.85156227389681,1.12392964078787,6.05747547691056,1.228070474118,1.74941751001754,0.898050442764219,2.35061404454284,0.881324163804568,1.90878254337368,2.60296681315162,7.17042216457688,6.29205291112471,7.43076800945087,8.90727535775508,2.78890022425134,7.62408711953912,0.403891235795528,1.36752340398171,5.97012290759841,3,10,3
"708",1.11197676403935,1.58952248610007,2.49608156043764,1.36012654760442,7.3387808229648,4.05317401312027,8.24401589497116,0.745509717997876,0.967090041984833,3.07963662898581,0.711612422803907,3.93088231929533,3.75619127987865,2.10998775407163,1.06202315640974,4.65142082238135,1.16443801891009,1.63941570675739,3.63904912940807,9.23489275360087,2.24604963816127,2.49103662670004,0.478876376120601,13.5895928506116,2.50232764045669,2.38385528196998,0.986156789862615,1.15013707663721,0.633512535296036,2.24818227759923,0.472302804365839,2.38430938603216,3.8064177487171,3.98374810211871,1.00838565488029,1.25603509622852,0.6696866407928,2.33304610163352,1.08968970510915,3.32452817210704,3.76904207652966,3.61842532609669,5.25727485921409,5.76627622689817,5.30012571700202,1.86291294488359,5.19812610713957,2.07336269705012,2.52520585198563,1.89993067116618,3,10,3
"709",0.921148378664804,3.99069583746025,1.49032888136105,1.73222382250596,10.0497303203917,1.74944151633114,1.4166051738362,1.84826616421035,0.684863198288094,16.9860514965607,8.60109417825826,2.35330683729376,0.798819058111645,1.28866860900628,1.73782950453337,15.460420346108,0.973774198461599,0.305630985556283,7.02562498352722,3.00679091509015,1.88417424025343,1.28481327378538,0.638647765187874,4.20399292102478,2.79055017815726,1.65694928818032,1.58534715814196,4.53801820959127,8.34747148410216,3.06049534627814,0.970887535581005,2.58451027569439,3.06353453445088,3.28980517651576,1.32627831544753,1.25438738493245,1.11884821408386,4.14812983316693,1.52797972745471,1.44522384593666,2.54976190344127,4.08725358476279,2.53821832279096,3.80722463938444,2.5860899162515,4.67972498769408,6.25600963708306,0.473544322027967,3.48503419295303,2.6816009375412,3,10,3
"710",1.45693156984762,1.64336441306695,2.67422746986661,2.65310396377244,1.21173675905272,2.77814211458574,1.02826147629028,2.48806693069775,2.42718015740587,4.4808626500597,1.96003198002302,10.4546928839967,4.58435954595695,4.94399836033586,2.21523017927765,4.29820752986877,1.20390669330532,1.14436811488204,2.3647133842739,16.1832287041909,3.20975983165491,0.968372856554355,1.83775529677528,4.8258763929802,0.892939115846547,2.09425564593481,2.75831715366166,3.18447226864367,2.59031943290758,1.83784154115798,1.65713825738199,0.743115638369883,2.55373490378821,4.89297675473443,2.16545043311095,2.72812058446192,0.0999547450328869,3.27367711254685,1.73118438283895,1.91065974449236,5.2072230055569,3.22281749581467,4.36867429625424,11.2298105346922,4.21595608457527,1.25269822804445,4.09170477592585,0.55313198111106,1.80057601363551,1.24537820181658,3,10,3
"711",0.566858082421148,0.268210703690188,1.48957181777461,2.42715911401562,1.64629163860009,1.49164181207164,2.79545801284469,2.51014750420032,1.84450275200519,10.6467328677433,2.4973727741984,7.21097772879496,2.96417331252154,1.48418891456672,6.00934631345588,4.30562048849182,1.1959494968747,1.05380511552219,4.96423622369551,8.73832608406291,1.94362168501788,2.22846973901629,1.49707959345498,2.08615336168023,1.63773961002593,2.52862482064549,4.22445657353642,2.76190858195232,1.8594631469706,1.20874489683001,1.59171206383609,5.4808809622555,2.55310909057065,3.33526158713658,1.36051148262206,2.78297170076517,4.89106918850866,3.0654985707271,0.27178553626058,1.69794647051365,1.50805971643927,2.15891356734163,2.84531092990786,4.81587785218709,2.85212071580373,2.32928011486684,3.30397937611783,0.908794403543244,1.97528424625349,6.82883421542157,3,10,3
"712",8.15571758661508,7.44099927247927,2.4452012885004,1.25656894019118,3.14358248392232,3.26154076214162,3.49548133311976,0.593497860116483,1.35534469796786,16.1444425096761,1.06566274507318,4.0217819777669,1.50303760795356,2.63673749853479,5.50485784868004,3.9873968248574,0.981467780943736,0.942857347151221,2.49165667925936,10.1515114104086,2.660715721909,0.952131466996301,0.31497404577572,2.75860287003206,1.74175041837783,1.84069667839549,1.05616486900274,1.18385908614531,2.42108381732307,1.87537112265229,0.250833210800971,4.36093383542491,3.53347508407366,6.94100116290159,0.479661429646116,0.570103859764493,2.17349552358366,3.21292895886517,0.395493383644416,0.476618329083663,1.31751564002714,6.08985912618657,5.61753052733833,8.25185507663146,4.05231850689624,2.01354962332429,2.36002100501744,1.06292483718687,2.57188249780812,3.96978766752531,3,10,3
"713",1.12552783492191,3.51197509744213,2.92723846513279,2.17343354679208,2.08451869492075,1.41611487669331,10.1258490720773,1.31128425328347,0.91648040170694,5.05410691615948,8.3759928738942,5.57941029599702,2.5190639829239,3.961135782789,5.98344279841115,2.85928145683077,1.95678932508364,0.514110545419924,2.82991242319766,14.6446031515469,2.29656559084106,2.35047382547163,1.89761062429529,1.81552574330254,1.14087510950672,4.99034413560971,1.01912222200106,2.86635850296513,1.14836902937561,4.02587637750836,0.568719979331542,2.82638813819014,4.9831961678684,4.33903976665712,3.03734199672722,3.09536132109452,1.12051888376997,2.30803068312174,0.623928166646005,8.61631772059604,8.40828736186639,5.07338806806534,3.86693920574073,2.78684091419408,1.59491989518551,6.33432452327827,9.24793799556937,1.29317997941471,1.96988617979666,8.91784488736686,3,10,3
"714",10.7418272090479,1.06527971814017,5.73524742888551,0.492582233444783,2.56207208335729,2.17572251731963,8.68157695817338,1.23143837415346,2.02573781937938,5.43075061537225,7.41015768161478,4.29800202512875,2.62965444084114,3.80073120677347,5.98620465127581,2.7483727604167,0.928757173428301,1.79246318940105,3.66364394443605,9.7241878270124,2.65385588192743,1.49674888326641,0.47273735940615,1.93785578427163,3.68949685990852,2.19870079821772,1.18717680625688,0.30602160417876,3.04054098438912,6.85339795682122,0.306457119923944,14.3544131960234,1.86116316212899,2.78629584605712,1.61115012510889,1.84464835686003,2.8417847478229,1.26248962127636,1.40528450741436,9.16740406176704,0.96322735198848,2.11021744358789,2.94323068021137,11.6252525541692,2.68021713855854,2.86905907932418,2.87922228985701,0.52231389373796,2.25005595116778,5.13911747493078,3,10,3
"715",3.38567509861038,2.23770698668514,4.04444355191876,1.73142899939869,5.89938881277,2.09064141971204,4.10819206287139,2.59141375690499,1.26339957772476,3.41951031145778,2.72986001990165,4.35010842929282,2.25286350877955,3.54975478802884,0.694094665664409,6.37840726069199,2.52333622729232,1.66373220849268,5.09320547986941,5.56626318949975,2.52189782610629,1.0040462743263,0.45595952685422,3.69435194584274,1.58312625867677,1.47725981800499,1.48663350634058,5.17179894459831,1.34564395884335,8.19995097618159,1.26966488642892,2.41503564045666,2.23793514248929,3.67282831370905,1.97480508224953,2.06495862212631,1.62991831927668,5.57203899100863,0.518188487006475,0.883295880421608,1.09642176250888,2.63337213900276,3.37773999610269,2.68388581237792,3.74244675556282,1.58276882733542,2.40262557721681,1.36543518572163,1.44532014904678,1.16785065706692,3,10,3
"716",1.09827122521715,0.730486999233401,4.52817563699241,1.65436990826687,8.33524252440351,4.76420837903452,3.60039436454207,1.12057926418577,1.97178472625979,15.0374756296112,2.60938906621873,3.95322943401249,1.15515832903397,3.0417882018523,2.79681498552111,6.06188023070583,1.4526789203793,1.31626944462544,4.55025360401867,3.85547655190808,2.60175199125903,2.41826730310151,3.1273832573899,4.72750644118956,3.00238358604676,2.67119064019357,1.63797473255673,2.33829405498384,1.35244815525069,5.84904292883081,1.35190084664055,6.65221138970865,0.883222599282286,17.8782335821739,1.3427595130178,4.19515276019882,1.89180514581939,2.27915869976448,0.385913336889827,1.62994100797541,2.77910300599693,2.11305973886284,0.810311955579063,2.81795485174503,1.4058097698517,6.11156044363737,2.65763257113055,1.46675860857637,2.00031302437709,1.9858493068369,3,10,3
"717",1.63852273541807,3.94703272788959,1.5284439760272,3.70584261718832,21.8938483022383,15.6938563834828,4.93850666932415,2.45692422007935,1.31554799772782,1.63206388775663,4.03833609774232,4.68018554596145,4.30220010153623,5.41637307617052,2.23104002716755,3.25443352404275,1.55700577969142,3.7379876723629,2.50152748275101,2.93264762785706,2.7201792321525,1.53822286017553,1.31752294988817,3.84243173220106,2.7223205318922,3.36168928667369,1.88709431892302,1.89300474432131,0.693110587800082,7.06495207118622,4.68498278338265,4.86916998206594,3.10247050178102,0.923318747990244,1.41614951584798,2.85102521076236,0.442924489057567,2.20844817724786,0.735053574857261,0.808053326496352,2.72317873388594,2.3132564320822,4.71175640388251,9.14214399230503,2.3970321315629,1.17432919505703,2.60145586291043,1.99208364053395,2.78210650924168,4.4441539647361,3,10,3
"718",2.35552262139527,1.07992822642043,1.21457275661287,1.16896042773103,5.27785937199341,1.91778767677865,3.06664648052345,4.9102109212986,0.807385192661093,6.57984550105088,4.97369761158061,5.14805168930258,3.54556237675104,2.13766093329536,1.66109760642569,3.80215934006964,1.23957107612861,0.914933445670592,3.3692004355177,4.16111072557547,1.13762712908648,3.6014310948045,0.834784867810411,2.92228565958812,3.73155613515761,3.36473959822063,2.26663245136812,2.59803597342775,1.03812146555517,1.0007326159516,0.648963482161569,1.2726674886087,3.94470673736279,2.10777841531016,0.240102275417236,3.97620235752615,1.26791276754562,1.2249797505468,0.208636264358579,1.02675670655911,5.0323624667541,2.01053354661692,3.09722919597439,5.89460149988553,2.88331990050135,1.33974206076401,1.78232449905689,0.395708731872815,1.40270007640934,5.51868804769752,3,10,3
"719",2.23063412814942,3.20679626520626,2.65364005154275,0.570206324300923,1.02722525812551,6.29085330489304,3.45477310652465,1.12163976895922,1.94990905277875,10.0065796710699,1.18943037951709,5.30667420303879,0.983485868659227,1.61870746013097,6.51591886790744,4.58504176421813,1.88819916367184,1.07203385572539,1.15073271571782,7.49845738086571,2.07048509309992,3.26412590350573,1.60109945840873,2.05459011670933,0.673821233435294,3.0726597153373,1.76616465610973,2.88790981785123,0.736375972531156,4.32873674963441,0.944830226877405,2.21007378940297,4.02843410058788,5.36095304889344,1.10040818043459,1.83633303864113,0.43895404499938,3.68288943894445,0.532521677573855,12.9953133985703,0.840420907653907,2.10977195369091,9.10375563273214,4.40709971158302,7.91009417036475,0.860807643978606,2.94031068721565,1.43422518661042,3.23936496716071,3.34334046790585,3,10,3
"720",1.98397293278185,1.88040216181541,2.64200260906777,1.69845884976868,5.04832000506236,1.32746293588225,4.7050323706497,1.29118925377462,1.9900254846089,4.54678841481126,1.36132364467214,3.26563001534218,3.49631988290139,1.95098407931782,5.02530645304415,5.26813707923743,1.46121000358524,1.06805498926541,8.11504996748397,7.66296015291647,1.23956820134628,3.37958936602042,3.63476573053681,2.80630017677772,2.20301151326297,1.342601659772,1.38289354631692,2.97500831045084,4.37915856410453,3.389431954989,0.79485736793377,3.89785689860851,3.13563262863303,3.91461075136266,2.00680650319977,1.54241503131395,2.66356837717483,2.04838517654559,1.91063626450732,1.5828988806099,2.39140469175929,7.91592831589283,3.30723313978129,8.87571051650212,6.88059131891426,2.86288680966713,3.63625495827533,0.146652454954383,2.32878307023593,2.71525979046737,3,10,3
"721",2.47352518924888,2.50437110829326,2.63810468184728,2.12254279257612,2.76922614344981,2.23429211055833,2.63214401378215,0.415431119342478,1.22355067236841,6.71104221149238,0.837446297005567,2.79051869428203,2.68597929441483,1.5749594363744,1.84922405329613,6.1489029900546,1.1760339994393,0.742392182898004,3.43939317935388,5.65994370974454,0.656674353476974,2.01568015916383,1.36498840718324,5.71739279577716,3.54631398643428,2.45413551152159,0.705850143936868,1.94623327018088,1.08276919316857,7.76612359496859,4.17609802226457,6.60495928588857,4.67723157342196,16.5778383182098,2.34367658640658,0.749148689335467,1.41352362378866,4.2674247989218,0.6815964883016,1.98054416508503,2.94558783908603,4.92398862880266,4.56034645850111,2.30704129170409,3.67806134413442,1.4913912974107,2.40864537744066,1.76497474146622,1.36787813180979,3.19003995234693,3,10,3
"722",1.8610124478485,3.48145938620776,7.25010667989916,2.65938581896739,2.11276533750591,4.51856055215757,3.50214436397376,3.4043743138187,1.10954273917578,2.16702708628395,7.18691463347011,10.7811256765375,2.22286195886706,1.31472435537536,1.4633905182945,6.24170974359471,1.09878374181541,0.517321491624909,4.17433067249687,9.28966566691155,0.833466435452199,5.28057610825147,0.508622774278714,15.165607329425,4.05142652336812,2.97794713192348,1.13405279294775,2.23180794479347,3.86125099618205,1.96574283621257,1.44484350982949,3.63743841103955,4.12345350938575,1.53506508433849,2.028961769472,2.63787803714888,3.21197066350255,1.03337966171069,1.90559048830961,0.845624487942842,1.24784983774385,1.59643568412215,1.79748422514535,2.71597981707139,6.91052359119265,1.44487809171031,2.74796619118142,1.84020563636422,1.47388517732131,2.24899886217202,3,10,3
"723",1.55579562822982,2.48738407991376,1.75059762772337,1.44514093651631,1.40779748167628,1.92967077602024,8.0479333632121,3.19138611857893,1.61583048152893,10.7910113414483,5.66677392486629,3.3980172406976,1.27631671048434,1.22133399766359,4.3326808084408,3.21897335368984,2.21195114913684,0.396148416156975,3.30147522268334,7.74866144999331,3.33857309018509,0.962304212073309,1.96914517520603,3.79497356367899,2.17083363477215,0.933899523195045,0.995891982554772,1.90702128495726,1.02924693245081,1.22560068787384,2.42260192524805,4.14836232807935,4.98233610258843,6.25197386726742,2.90223163323703,5.53724707726994,1.84662125744427,5.14575757770551,0.565642581187368,1.46531173097046,1.50638774474298,2.594581422866,3.51033349627747,7.37859636262077,13.9934152384642,1.200962606817,2.81792719223754,1.54991354948226,1.65408663572592,6.68688204096101,3,10,3
"724",1.18254669611747,3.28451062131793,2.04794011199674,2.38269852039347,5.90869286024594,2.21159841751064,5.04691024199146,3.353985732917,1.85788435876704,8.18263274089296,1.87662440360583,17.0668621678678,2.41460138379133,1.86487857462518,3.52516863636389,3.66034794519502,1.13386160875845,3.47624984688121,5.35358185559739,11.5883533814803,1.96804223471484,3.32482582638393,0.990785557066894,2.44640362196777,5.98503361594181,3.00615475649272,2.59048914919677,2.29558547258581,0.479224390250531,2.61963483141209,6.18688735946991,5.78099553336662,3.40345261726655,6.17849387375322,1.15791182626882,2.46574658560117,2.49551742072847,0.478111448996889,0.38175358789429,1.19957498559836,1.12876309870575,2.11186483825767,3.36850062036646,1.85599569561658,9.77716734574242,1.98660648174417,10.6121028216429,1.11791259776761,1.70685169278986,8.80451373834374,3,10,3
"725",1.34318017189174,4.532744144864,5.36024161591288,1.66269947254769,4.50763074506267,3.123685384641,1.67932892490139,7.89387132974741,1.82418256025038,3.5519029186553,10.7774433810705,4.65980547358007,1.07372819451458,2.18262888112261,6.33183544037087,3.09311404595687,0.498133219671305,3.20222482947745,2.800744706756,4.31879664607812,0.954500550272606,2.9881189370148,1.14224203454308,3.27915094912376,4.76224845356756,1.74823444825379,0.504720783076913,1.55941463988205,0.754213340362975,2.21202447998977,0.815258787299741,26.2283683932978,4.21308729323284,9.01941016056455,1.91715294209158,2.71384239860369,3.65628578215831,0.576266253292429,1.55606707011656,3.09666803876849,3.04619151771406,4.46679382316423,3.03669974915385,2.66633194627266,3.82992993713824,2.84860330609046,4.6953685506586,2.21753558581611,2.39878599720471,5.99779070443772,3,10,3
"726",7.72947546950844,2.33991635665043,2.76380997797604,2.36852838694241,4.07303711181747,6.01134564039443,8.75199590534266,1.00880065280254,1.98254093590679,7.5744654164954,1.43496440813707,4.21842745235598,4.35318794187866,2.28909807162822,1.80258824222092,3.01157778622174,2.04741613064592,0.916673661022334,3.34754807374334,7.5318752581185,3.78382654234796,1.7728888104221,2.14363688065336,6.16778357242971,2.74890481455229,2.96814093601084,2.31446311773721,2.64849838721426,3.63084475343154,4.39678007465927,1.38953067794607,1.83841398537059,2.78017966707837,8.08225244883469,1.07097572973372,3.45092608479094,0.146111764458693,0.414734707297769,0.425269283670301,0.319092756062782,1.07390186173262,6.05763614972708,5.56380621299226,4.53987393513523,2.34360514874926,5.54962650326052,4.8265220896894,1.46791054671474,2.313551953227,4.24743020632862,3,10,3
"727",0.780677179834107,1.66099894669557,1.40970478935306,4.55966274185228,7.90742167383962,1.57317411690061,6.1620347467146,1.01582041540367,1.09496901415648,14.4943505461039,5.07706935965782,7.28710672165133,3.10116935124626,0.682438556899257,2.94279058269875,4.25959683936312,0.792241685038295,0.82941670220906,13.8276389216243,3.6210869443027,1.41482017167021,1.51237609086799,0.317401000490083,1.95939723654527,2.14259515348214,4.97948124765538,1.8693479011206,3.246971311238,1.21657530757554,1.3689169964336,1.12312456267646,4.48338335105268,2.22968730094289,3.0741443047305,1.39281654804096,2.13861933036985,0.50779411100446,1.84218097464827,3.2300199775132,2.23056495418825,4.0289477753419,3.68908956174015,5.27865364663999,4.88500110045233,2.47900057153478,2.92035085072225,1.01765629980091,1.21679919077038,2.45904786977679,2.67414261213009,3,10,3
"728",1.43717210817948,0.469006225871777,4.83735313824914,3.24545494279845,4.65883575816262,4.83120421504063,3.09714113230371,1.41807254375272,1.02695575471341,3.34682127884053,4.62256088506896,3.32269418502158,0.885959538392207,2.77168824916749,2.79143706023038,2.27456141742484,2.70030780039368,2.69108356707935,4.7059626047314,2.17865294141615,2.15817728126056,2.99472620847972,3.1073325743475,7.1329193119887,2.57840681712421,3.44823841793965,0.95583680795563,2.43933230815171,3.83274563414808,3.52900247355975,3.70895453439803,3.84170521040747,6.40790740177045,3.50827448874256,0.841671724204642,1.85104907836706,1.42150178097455,5.14245079989208,1.02397865674069,0.690980350698179,1.03382918905258,1.94506559253964,3.48433267139113,4.77879431730433,19.0541938263523,1.48378745731713,1.52149296627723,0.447001314578851,1.3867615123802,3.56586467918313,3,10,3
"729",1.20417906008055,3.06510845748025,2.47921761734525,1.55631662834197,2.57184167192049,3.6637445742856,5.5934434834997,1.42183222860046,1.97549019676457,4.07347138180413,8.5485955568999,5.24561382864624,1.00599210592248,0.823824749160047,1.93022553111238,3.04034863600207,0.540120442132418,3.04741184514787,6.11677657150488,3.08004724213445,2.27474750732074,4.66524722106725,0.571159028922498,28.9833435709039,4.85034251900261,2.07825972481955,4.52673183275363,3.68950291755175,1.08228703582921,3.01230570793285,1.17961557310143,7.39174822530184,4.53788812279646,12.3629936723617,1.39706810142254,1.04401743389126,5.33531860956669,2.48057180250286,1.05254539308857,0.215042853803604,1.16327377280632,3.41026408134152,3.30802240491625,4.23752444388458,11.3031117426954,0.850972519558417,8.93256884173959,1.60566105741723,2.33206648521595,11.3272367340504,3,10,3
"730",3.07285678751472,2.81319600214912,1.86097988152539,1.23546744081637,5.54118591591934,7.71251723993999,1.17019339375621,3.60133858852851,1.3037423307981,3.6988593049894,4.31748947024875,3.68026747676263,2.1122819048299,2.09363977924491,2.11685775927983,1.81080220326369,0.412533225415053,2.56097856155662,3.89302752416876,9.76478096020961,2.19944083968803,3.99645891169918,2.61108817586952,1.71076246313938,1.24766464429811,1.27819357034623,0.957523054784713,0.986343240113379,0.895829357210873,1.16394235306327,0.280187974918786,3.95147615432537,5.60700458641371,4.12386678828504,1.63867988768413,9.05079091968295,1.65450717055037,1.46054617267392,1.15294011313719,0.477598720490462,1.01569936005733,2.62561485075936,4.91830979122767,6.39333434669352,17.0709781829097,1.39699665476049,2.41477976681153,0.993506742923809,1.45618632818603,6.00126855445993,3,10,3
"731",2.47847200301905,6.25120490127887,2.12280308994727,1.34741641237915,8.49155309599319,1.95760456588086,4.01151678063749,1.66577990395531,1.60646919662917,4.30149613793783,12.7568817164309,2.98260533638149,2.40742713444692,1.41396504906534,8.95761574534109,8.43245029096245,2.22255417069984,2.0340483823652,7.98347799048673,7.45497641226734,2.3377157912935,2.20865393450684,0.542116256318577,3.15172120163132,1.34915983693379,3.59940323188464,0.673392921298183,1.58335463894611,3.19444589315512,2.87974306526393,0.204182480135483,3.27418949037776,3.16411107738034,2.49004828964107,2.19233516326401,1.22453588079339,1.51946279999776,0.698723943461646,1.46680803011608,9.67607346481418,0.689298261344703,1.86123841128908,3.12460690686727,4.63463986898016,2.21525326866147,3.69620811828269,3.42669227146376,2.14812458418093,1.60420530584584,8.14035338816662,3,10,3
"732",1.67320720899392,3.24597569270206,3.01879571480078,2.04023102629674,7.09801951145051,2.20070647264581,3.06342305097876,3.76177451885688,1.28539897194805,9.8199874350448,5.09968282805084,3.18386853262974,2.72776797550242,1.76906833528855,1.80140657515214,2.05143173403114,1.59793018385139,1.64504024015727,5.20050303255072,25.2654587013476,1.28580565146237,2.38651979836931,1.19817839592362,2.25624333603644,2.1205142276787,5.07829602237059,0.875050411032591,2.78562274916277,1.1846714510896,0.9887222432933,0.281920036731207,6.64164048553073,3.30097366491349,3.26179597257122,1.92228777769491,2.29567738382528,0.481428973314505,2.35609957251455,1.17820780021014,9.1617981725245,2.12834323163956,6.23474263492172,5.17030862201302,6.60527575019743,2.24495084765267,4.87785504395367,6.06100568807505,1.24241469716834,2.4442268669259,1.82932294911174,3,10,3
"733",1.08579151265372,2.79619921537037,5.21361510467311,1.69424052273196,7.77865736675832,4.25172121778597,1.88088240241368,0.988921455454259,1.41662181337576,6.85342224342258,5.52316890432737,5.65713133783398,2.77500259836243,2.75772760798814,1.94507852584835,2.68475365141634,1.24373836621476,1.24653640347934,3.90519857432848,1.8037015190741,3.35646014876846,2.31355377808909,1.53683736807115,2.09239288918497,4.72058613678414,4.12471878277012,0.427455701681383,3.98758332260561,4.06823272096483,3.08900586159529,0.479878807163974,5.92514641346241,0.563100796010768,5.46484859182942,1.38235579361488,0.591485771776907,2.81804559754649,2.84692738817842,1.68693890619301,6.93486568453837,0.92635957905295,2.85196606153454,4.47522197525687,5.46318825728859,1.42408259428872,4.86013281086627,4.68138445626814,0.613018971746258,3.84417716708752,3.98774648890222,3,10,3
"734",0.494366629141009,1.24461380421522,1.56751061713586,3.59941370519411,3.19050044984759,3.81145658331895,8.03853359193956,2.07875147205311,1.1857694253405,5.39628372462274,2.75672084482741,6.41167335964918,2.89740421713943,1.28667447531886,3.21549811689806,2.46767848423511,0.556564876110876,0.553771728187483,14.0283195115211,3.82269361737234,1.91380724461378,3.24004657511564,2.58489912350864,2.8467691688252,1.71998188057642,2.89311241644661,0.869986614439306,2.14895082524091,1.07011576096515,4.40149723363294,0.590998625604081,2.53320906927026,2.69373803896403,3.92116381700018,0.977413667605514,1.6923673435881,2.79891229466968,1.75813929246397,1.96231276162613,4.03770906903695,2.37342378524153,1.44539398706541,2.52546371458453,5.43757170690252,2.80106662154145,2.26851351742492,2.71247265303501,0.860711748609722,1.91582376622418,3.36953192329111,3,10,3
"735",0.693286062999378,2.08640871666385,3.35918449674716,2.24511472764373,7.27042063164325,11.361931377274,4.11583739118349,2.25650575288544,1.63085352820239,15.934122291463,1.34178832620696,3.76719073632905,3.50609859255026,3.35709763807681,2.06492281676128,5.03050785514765,2.58986920631145,2.55795801431615,22.4348057433924,5.93797864434455,2.0794555052175,2.48434132508933,1.42070819480279,1.96772282918428,3.54216340979687,2.07682827706056,1.98842594278315,4.84889579946231,0.62251062446052,3.0009201588147,0.224619740017628,7.00119728709788,4.08045616397551,4.33641545220377,1.99984399700435,2.27935690144876,3.35168966139045,3.76546808710972,0.973856529759979,2.09806751489503,1.2135023901113,1.79781524840503,3.22657437653625,3.37206359215635,8.09513589712298,2.10465575690098,3.17688332984084,0.34542840345156,3.5663904222673,2.37874995939045,3,10,3
"736",2.89482878566408,2.79118680878211,1.20495855979293,1.3074566838643,4.09303170201857,0.852010091009943,0.799756961567653,1.8924072290133,2.65257294943594,7.02673744543764,3.76218200734643,4.50932468661775,2.08339781841896,0.839338781780207,2.71633198408527,10.1424118133462,1.40518096750286,1.62301070463471,2.20629150687617,2.3817519942614,3.01139872345795,3.42864903072096,2.02802257586366,2.69400282845316,1.2428696734499,3.14972524709275,1.53627183223267,0.663536953135604,3.43889590661468,2.74646917559168,0.676179706302375,3.3771091759021,1.65697818443522,8.56707478115175,1.52866176847774,0.587712576643892,2.24887514133141,1.25134883242723,0.810574199634467,4.01948167804962,1.69419794701455,3.59455057675686,0.368949468454344,4.68432431437461,1.71046906898218,1.83444020378036,4.35762387250263,2.03499560017755,1.64345737439502,2.83107096506205,3,10,3
"737",2.96772770160118,1.11992590844812,1.74286457510207,2.50742996538512,2.93833362136769,5.39837839130079,1.50689603063353,2.54947374543378,1.80058422938265,10.3639895179481,3.7188570273518,4.90461303776611,0.820177075774687,1.28514770942146,1.05550332529234,4.2822488562998,1.62719498031798,1.0878115672187,2.22473169589596,1.7569880070506,1.90476712803524,3.31716184683188,0.269293978673898,5.06895858286189,3.99009023563484,2.26974099473882,1.86553470915383,1.58183435555872,4.91228880100423,2.42782786070773,0.878905091753645,1.75221680964383,1.81621352936062,3.12408037754171,0.628683822086193,1.29707850974168,1.88939602150268,0.679414236977477,1.0543655870961,2.4788293386302,1.7522008828438,3.50881805449026,1.90144803088093,5.06181634483845,6.15982740585033,6.8526369299842,5.94422714056452,0.691195851354303,0.999586280644925,8.49754692262513,3,10,3
"738",2.76019684663866,1.76799666875267,1.36925453269967,1.41420674971875,13.1738683905912,2.4385549358429,5.39548214402978,1.06638643048374,1.13975694293489,8.37273723446386,3.83561669844574,4.4749271976521,5.00677873357864,0.46940596069888,5.67591204765161,4.81890060792611,1.83394538983535,0.376184833707015,2.6186281086907,1.93765562326899,1.50689641601364,2.11899296783953,1.64140101768685,2.11590358565339,4.11232248376547,2.14894924324937,1.43583788544992,2.54709267266792,0.785149031793232,2.78070170586888,0.757289796656727,4.46361253322028,3.95366871027242,2.33647267563254,1.19646885807648,3.66246175786781,0.796723420581701,3.22146646184048,0.169724292958861,1.00279973283817,1.15317780667936,5.25332074286441,4.20183230310025,6.12634413322495,6.07874747200672,2.19595121902593,4.32342824981061,0.998932881892041,1.81415730828402,1.80422064182151,3,10,3
"739",0.33838564002815,1.70756037160103,2.06696155515202,1.93190097778273,3.28411780775354,2.6470396977703,3.77974585012659,0.253349190874193,1.19481019706614,3.62933413027879,1.32456200575899,3.55840437620337,7.80211900940886,2.31848973662542,1.87329392439641,3.93810834996202,2.36219192331886,5.36043069685887,6.62625892177099,5.14291006769024,3.72765821393689,3.07551395542088,0.503294989980718,2.40608954257887,1.20944386771814,1.56018710724228,2.34062264420348,2.52173107212236,4.74268598453848,2.66691864652332,1.03824694041891,1.98721577873921,3.88060257800632,5.29414172218236,0.888176321903532,0.64450040265351,1.55021191870933,3.37311684093836,2.0508500357002,1.62042155444758,2.04209479882544,4.34078244820597,2.23789633692217,2.66981658140833,3.15269851808977,2.33365519947611,7.65128622984366,0.763966803162727,2.81411992819031,2.39886793283418,3,10,3
"740",2.12957522207028,1.75875645565932,2.74314659405237,1.63647010684529,2.84349969200865,1.29088275508201,2.83925024166451,0.343386879625619,0.890363552434858,1.55912409804089,3.08694081808104,5.69564549655935,1.86876797140604,2.21466744929877,1.97118185025092,6.15842542233002,0.984948294316984,1.22198239803118,2.94506764073393,2.53148335842767,2.84886550003295,3.84017052547216,2.10437686507806,2.39953178981732,2.43358542991235,2.4262204735106,1.16716123458685,1.64106882816512,3.48370928846459,1.85049951887823,0.69906185899867,2.76902059468327,2.55771663460405,5.75480449409919,1.4992598835088,1.26753068974678,2.90590347856972,3.47991666105993,1.59703020451063,12.1134844436488,1.06353237143649,3.07685126933755,3.00440096866491,3.40383323947208,2.91325606689676,3.95587386516209,16.2959083094438,1.03226419744211,3.43762766680013,1.5838676674485,3,10,3
"741",1.28423950056233,2.68486515642802,1.38988863245017,2.00238235623549,4.73398502270918,2.73128483276345,2.30998476134261,8.36754743315479,0.724623285714361,5.73215348307262,1.20121971967242,3.26887922837203,1.93326761556802,0.554612143859407,3.86664183815747,3.12500125091577,0.975876917324858,0.385090249394246,4.33643047756345,26.1158553786013,2.92913545820609,1.69960884181387,1.89535267005592,3.73587558325051,3.90631093096117,2.25973671733559,0.776663646600888,2.27457833009148,0.754633596942296,4.35225875911345,3.83506451405595,3.18851199197001,3.25089602793888,3.31048514580094,4.1294661248209,0.401842525277001,0.776335641440576,1.59943713531328,1.59613634262004,1.03857428008578,1.33971031201388,2.3074033428628,2.61391137746386,8.11924372152625,2.51286100325769,2.7107825494363,7.76658959220342,1.13951357107802,1.64689590168562,3.77320249211742,3,10,3
"742",0.479945438575288,2.7414341280415,3.12974915433972,1.23328499897544,2.35598090981257,2.22470625324509,0.951727328275219,2.25781189947256,1.45765979160974,3.43098186848136,1.21797762919623,3.76227593918541,0.683899346597575,3.50961846805326,1.18219821389198,2.56748050389757,3.6214908702752,3.19314145431265,1.37946027704245,4.38887096785331,2.57494533552246,3.82982063551548,1.7922177618171,5.58611579975453,3.1600851938533,4.0540756862115,2.53906888766014,1.10049726277911,1.19912511267426,6.04110912217901,2.71210960174183,2.07216225460627,3.80988173602964,3.76396443854719,1.51542085130865,0.285999627607512,0.729370646001805,2.47602992073137,1.56454152108003,6.99988238613099,1.27072350759733,2.77362720545698,2.69282659781365,3.1299248751924,4.310857255475,1.55167173192404,7.34866909228379,1.84619526182156,1.36530360981388,2.80638366402336,3,10,3
"743",1.18297521811402,2.82281387139093,2.50511948141001,2.62272071389239,12.9084802464498,2.80035704648288,2.08010001346495,4.30448009780541,0.715317461925973,10.6119231697939,2.98951953778926,11.6898433399813,2.18802020934642,1.67591227474742,6.45213666806833,3.92401629129004,1.32546751147981,0.358216246877327,3.69208107376336,9.01896999535765,1.6881695881566,2.86095987332691,0.317832151981995,5.66019904929461,1.64666903764789,3.09773239771866,1.06636024100926,1.10448791222924,0.681245408648884,2.35549592682178,0.640888935579854,3.75054480477088,4.02558956157111,2.50523907396841,2.15612731996435,0.212801583578072,1.97722860776854,6.33310224049298,0.690878485624652,2.55993215925146,1.67150681703142,2.21097932162261,4.42413618768933,44.5643231696656,3.72954413005488,2.34083430571114,7.76438234978715,0.956852689085715,2.81392020076483,4.53090513409729,3,10,3
"744",5.04508081102254,1.43542834401533,2.83174247601811,1.35840364431042,2.19611068511935,2.27269343817992,1.04018883426366,1.02630881703708,1.60994806822229,4.80072831271628,1.25060753288058,4.69667123503942,4.71111654633728,2.09299847193581,0.678563228415516,4.41385795812873,1.54582155610167,3.16297986569597,2.77286496498926,8.44643310951655,1.76587908054407,2.10546555633106,1.04210933851197,1.95812014768276,3.82920930985083,2.46657600688183,1.02146752235327,2.12700715776125,1.5868101583476,2.17954704113115,1.07860144476775,4.22076753145794,7.05854267029833,2.5152451633906,0.179826831506062,2.41213516053571,2.14010253229458,2.87397680433134,0.989661489639076,2.46566540936444,2.16096899816224,4.36519683782538,3.53310841090871,5.1715499079592,1.3376332172914,4.17155868596956,3.20503116448312,1.1484202118165,2.16378413803544,4.1514260912588,3,10,3
"745",7.18597907212751,0.537324510833449,10.3945761387502,1.82783619840799,3.72655540366359,1.07684370213771,4.8466498067148,3.3019171184166,1.00498297616853,5.56067662899627,1.05639086835268,8.74275964130376,5.38307489605469,0.315880053624225,2.95528070211183,2.53597026725185,2.63733871618632,1.08890058929362,4.43931759271682,3.65389156883254,1.95549998541362,3.90784737844526,1.43001784315339,8.09377861890302,2.82835540444813,3.04595377837827,1.06277473577365,2.58782880158106,0.573483265883574,3.50906514478963,4.26574905326073,1.0097629543556,1.32451817086647,2.37034541376999,0.984558682096475,1.71760084105518,1.63311558542272,3.91796871487326,2.19658199039744,1.6067622399232,6.87734912982037,2.32030949684912,7.28478063196515,6.43763609225786,6.4292397591594,6.84387919966402,2.75904858471535,1.07167228617302,1.88898867676716,1.93960002927988,3,10,3
"746",1.00166232878017,0.674596907776882,1.69355916223133,1.56945513739155,3.91681082848111,1.39123194528679,2.89064126940512,4.03236254135515,1.76651328475909,5.96297280607933,18.3836602900423,6.10256139580993,6.44405381797672,1.39083158446833,8.50207984020272,3.19419270837711,2.07995619925437,1.55959578303105,4.42169326968259,8.69312094735143,0.956533470606653,4.17950415443461,0.920347753308463,3.55105794321875,0.768855255207569,2.15971673264835,1.96031434532711,1.77725790267994,0.793595737656767,0.891117225184237,0.818275701427962,2.90946146019324,2.17856901924394,4.670064369297,2.89242009003455,9.4031385986632,0.440179884211284,3.44780946422442,0.667406396163899,0.940517877332312,7.4682850561275,5.93302162148678,3.24234430813676,4.1370795928903,2.97375927185206,2.58419772170079,3.77705644564747,1.3574573527311,2.66105365259679,14.8645109485073,3,10,3
"747",1.04417416431286,2.17189870628346,2.48652564243034,2.40099430672434,14.634303953982,4.21294829664709,4.96562144663554,0.760484879412426,1.84475007767415,19.1303065944897,14.1786663979443,7.25416894133613,1.83385927329053,4.4745958395849,1.34145686665824,4.71461857857159,2.70400599481777,2.23409595090146,2.13019932876398,5.83460506410291,1.82996880177088,3.1388528548765,1.47473094460014,2.97425953273841,0.722439649972325,4.59340289078667,2.50910304669356,1.0952950759477,1.60587318790022,2.58455422202902,2.46985351468682,9.22489203599334,3.59677548829889,8.48968741732501,1.51784837776185,2.72974472802194,1.62074819789355,4.13018529341408,1.20103015129254,1.7562101814467,0.689892440415293,4.01783001770156,2.84301628508344,4.61253690858276,4.43594756187027,3.05366326337665,3.31721534932354,0.776658774834141,1.7433710814253,2.54531466550962,3,10,3
"748",0.922713025205127,0.502676576869499,3.09922803249131,1.17018334778214,3.7540724450192,2.55670296250032,4.01706609137871,3.84960310178288,0.834444521446128,2.92561118406804,2.21339064945797,15.1410638627165,1.50686689450317,1.97196326860319,5.01467792628817,6.07326272214639,0.818217225539999,2.4067940156084,4.20578225527806,6.15900296728879,1.19552720245229,2.28984765080796,0.917199561159469,2.86907964826347,2.42263634507273,1.71218684036779,1.02873622624997,1.68024058499123,2.34681994918693,1.93400412420206,1.84547789824064,1.86665154957466,4.49713089868271,2.97996622526827,1.13358779990336,2.56361715949013,1.21164688921011,2.86653232338629,1.11558161419207,1.79796850272051,0.707731236257376,1.19701118705665,4.4258721929544,10.724347748164,2.71797619224487,1.19886705973432,3.21327858647356,1.28773607097603,1.8197626726322,4.29866017825881,3,10,3
"749",3.0275322479861,9.50864407295335,2.4165167178584,1.7536587608276,3.71222385265558,1.43885340627338,2.23300256573389,0.635919408146732,0.936553981547594,5.38425916977097,0.799101481575199,4.72675307826911,1.75717748978105,1.69451072325959,3.10535978087154,9.76955141024046,2.633248648105,1.4597767125239,4.69234109164611,5.13067812816236,1.69033136580172,3.13698290468949,0.741607242852681,2.04108097784808,2.77715942178419,6.11432629295282,0.767048981212643,1.57693200847328,0.406456220250489,3.76413828775617,1.11775912637667,7.55409121022667,2.32843565094703,3.54249218514861,0.757714564092253,2.15545365212458,2.08893147291311,1.35223583174239,3.1404949050825,2.77832826992976,0.95548808791177,2.05732300908256,6.9530145422856,2.10063575361382,8.9219669458824,1.55514893887323,18.6078732746008,3.38132558665389,2.28515183567657,2.27688121483215,3,10,3
"750",4.73138399098814,2.19579063567647,0.824050466547803,0.902818390652479,4.75755598873937,4.33391359736757,0.3979597334294,2.45518080833566,0.527842400477253,1.91000239244123,3.95177348539248,8.04239443222491,2.52760984846531,0.752986595633895,2.15762696934966,5.11522718583268,2.52484772197685,0.991182280012434,3.32508664471882,5.65017557221369,3.35864596055255,3.69671402839726,1.72697760828855,6.28694166615873,2.85048648380535,2.42825067980986,0.767723914461181,0.796510900227853,0.64565389612369,4.28684647062164,5.12787049488878,2.38989240151389,2.08091072451811,3.45664658466122,1.18311584882324,1.56773696473391,1.20194338518637,3.14937765950827,0.953965688080402,0.214611456976931,1.68618747341199,4.50045708312938,5.09848206086432,5.29812875144879,4.07157586709531,2.0600606822277,4.91798566818017,0.484163600393972,1.68737216300748,2.36751168745923,3,10,3
"751",1.51431022493209,1.90580668690674,1.73950948286801,2.60201653479509,2.76233280340547,4.52509994035782,2.34447342220693,1.69447723286876,1.36318126290295,16.5333752581055,3.37502439929865,4.74257898921967,1.43744480265288,3.71493485249808,1.49625330950617,6.10104676935825,0.68433447138803,1.52611477012756,2.57945518860697,20.8016136152823,1.68407271009634,2.86316010388098,0.639156708219114,20.4242964827977,3.10215948568303,2.00417147368351,1.2637688558,2.28311862971596,0.650491448971764,5.94304216964794,0.27587819663249,2.21885296795795,5.13796396486401,2.36904218069417,1.2702739584263,0.310942079900184,1.25910089801839,2.09557955649319,1.27315360174899,6.76266664034375,2.63943549490692,1.9755735683064,5.26781100892278,13.2649746107746,3.70321819976301,3.18941791756293,3.21485543554189,0.809584169799183,1.55265637672274,3.27476892107928,3,10,3
"752",0.823916675291057,1.2027300803546,2.45511845192766,1.19520808153898,6.18544309717322,3.29782100658086,0.952620434607363,2.47334703806527,1.14803870169314,1.77762946112444,3.03632805034313,6.65174205075603,2.99299950368143,0.955249806146288,3.01125993362713,6.2994352294573,1.75199315181516,2.06308425830935,2.40828228125214,2.2538329916011,2.25652213083113,1.68358837061344,2.41311592753387,6.21073870935966,2.61834693906488,2.81615865203203,1.10950318016148,2.03741507904641,1.84850011576712,5.22741559027203,0.89346761378372,2.1692138849459,3.35479423010529,8.41832879980742,3.39007018384256,1.2622696895085,1.90188494922936,2.56700664933329,0.118633275208773,5.7506635453437,3.51424942575765,3.09222254149797,6.22021300072421,2.71530521894946,7.56014786223849,1.62417081092888,3.13275892490768,0.920131275115796,1.58071693334162,5.85073494512189,3,10,3
"753",3.50637282837111,1.68046433226066,1.40371819629597,0.439506968669764,1.38496365744059,2.15586431565462,1.74825598804572,5.27821428687386,1.83364099613794,13.7903989798237,5.16457635714014,3.63273815522539,2.68147967255471,1.9555920432181,3.3869197032292,4.08976435785686,1.02118775635395,3.07713656174192,48.0243073590986,7.91893726148345,2.33889365854499,2.13350171198186,1.95302918300348,6.46619754665803,1.14400082487804,1.347621236081,1.16403657693575,4.6279365423273,0.689200713694183,4.46680629572229,4.33085079593234,6.87160264844187,4.64435278832664,6.00734956971555,0.907266512537609,1.08244520645268,0.826158194737373,4.05146734270328,1.18638489415099,0.697583786331858,1.79067224069403,2.15032034085946,3.66642905079256,4.80040687383239,7.89932407337657,1.50237867722473,2.88148123040569,0.766569439427913,2.55263599185876,3.01141224075049,3,10,3
"754",1.99962782171117,6.74801023570181,22.2485951194565,0.749104590463224,2.48427361105281,11.1852881294533,2.87946516784088,7.94500546723798,2.66216723084954,15.0852811431859,2.17166594402498,9.06098605478974,4.18392269649447,1.38290385643441,2.50516424617319,2.54754834164094,1.6534691107385,5.07258507728404,1.90028582962255,2.52538646679066,0.75718953777012,1.18936497665211,2.62840653535447,1.63507946611859,1.31925689599415,2.92453390832346,1.47832861609733,1.72247686088632,1.06580656352518,2.91248643167022,0.606110438100915,4.90526045114204,2.05729326548804,3.49238170324466,1.98332224638,0.460324680346493,2.04287199035447,1.83028265660994,0.362563092599428,2.34817084243015,0.730603591828525,1.12812426867825,3.49151691128832,3.97893410070897,2.20574069589689,2.98185031279955,4.7733450771243,0.0823361287845607,1.3643653178985,11.0771946295208,3,10,3
"755",1.03165048239888,0.89726091899899,7.54493586269179,0.96430771209435,2.29676535471834,1.60599308060918,4.47533620294214,3.18428417908681,0.468539815217059,3.92817068179362,3.63461047272795,6.16053094023612,0.814117057094336,3.49761414484311,4.21666261054565,4.03243909036974,1.16030072890714,4.78287174685017,2.80722340069271,6.73847323448254,3.797164635791,2.54956364886176,1.22441842232455,2.1401609796143,3.07124653082427,2.01457469835758,0.885261999388212,3.83658918848413,0.534116008489375,1.14746168602655,3.38071387128595,1.23260714896659,6.39323522710967,4.12846768536951,1.09473333995505,7.20205855297853,2.70482675635133,10.0080556041492,4.6327206220929,2.01178930122842,2.16289635195396,2.93820832044004,4.16992376126822,2.80865627738988,1.80546969400157,2.26946676116985,5.03344800226896,1.22214252440488,1.81250483210357,1.18559740153891,3,10,3
"756",3.9254043515785,3.86762237277399,2.07936171569478,1.38456273744043,9.68698344775995,2.94619038859517,4.52001175437002,1.3280324434069,1.42250900835434,9.88361099980399,1.7020534963884,2.6264104440969,4.85712170327724,8.58139304258604,1.08280628024053,7.2874984435494,1.05630565959186,3.03159179761886,4.36022033758462,10.804091197939,2.52315909773385,2.75631257681821,0.847584313522729,2.98687733897124,2.2780158719736,3.60900310294907,0.728039019455703,3.89574410103099,3.88225203654479,4.35738305867168,3.41993642533634,8.49540501484538,5.87481822771574,6.17661046866898,2.83489073702517,3.16985170199432,3.74326391904273,1.43656300107332,2.77511311372646,0.849418669777089,2.33408664332475,2.86195119105591,1.71765206755135,3.54526932667465,2.28485549933278,2.79561610974057,10.0021510326871,1.31449789306538,1.82569659805264,3.46184642335785,3,10,3
"757",0.841318687111507,0.51536923025416,3.00755161455483,1.89524217673658,4.85459033077741,2.69752184283585,2.77971803867301,3.81503633727234,0.288234042594447,15.6117831739447,2.93311446127212,6.88178171526567,2.5282956124933,1.71737692862721,4.51764684441659,2.96956119675077,0.826132194899169,1.24974258343182,6.89503938622808,1.04490925103521,2.44868017072507,1.549585050768,1.58596212384713,5.75899049562386,2.55481199977382,1.29503963686895,0.94869724195764,2.52126734684395,1.20859353567426,5.58951816118519,1.05334540396345,8.35454756425676,3.42508390092368,2.09056962275709,1.58712746733345,6.58112355595508,2.11313175127409,0.895728173941214,0.7019654304793,1.94755016085079,1.74418017364259,1.46384322236027,4.18849937187439,5.16136560980138,8.06771554316323,5.69015259583896,3.73569342558458,1.20235685180575,2.40687757600311,1.68311628933741,3,10,3
"758",1.15961493551937,2.50778703319483,4.02971923148406,1.59323642200918,4.20232419000574,5.84270131846034,3.75563872984136,0.738353324631787,0.621515644402702,6.04830385384287,8.93132257299005,3.56709809318224,1.33909898769414,3.08887007177833,2.67197666437998,4.48535864441485,2.12895093703356,1.04912716932409,5.24787572201233,3.39434870370764,1.79552818389662,1.33111665976121,1.51526575784815,2.25407955015522,1.01488036958499,4.15132221009051,2.11702106118943,2.91965556115235,1.40051112640203,4.82042575003295,1.1552966144644,2.24880285785392,3.80090603397304,2.05241068285315,0.942824865766138,2.41746647203508,1.87109346786123,3.70626467152956,1.28517241107139,3.09318129331994,3.26084170079941,2.72881245417022,3.94740840571106,3.19345377830079,2.89205302719103,11.4456613263693,4.00949042532845,0.900060380379511,1.52680705743453,1.88838912429927,3,10,3
"759",4.05826207198217,2.03037856919525,1.75999443863554,1.71478295345945,3.65890336637611,2.9888331964934,1.16475217368116,3.6819283483473,1.97371398619224,6.73964985127181,5.09858661593326,2.30077397271219,2.22081127053388,2.17299083585817,1.84832910437507,6.39362475960298,1.2358157020069,1.9268782259122,2.69834954128524,10.1308909538285,0.703256690914146,2.18133512369923,1.47472591404308,2.92322129797788,1.17318157833033,2.94202063647306,0.823864808662629,2.05051914439946,1.3831794382369,2.76327730803884,1.25855340099946,4.79351667848652,2.58712231790798,3.59403802993311,1.44533879067356,2.82622427111375,3.75809742140981,1.26308493525282,0.318720470951508,0.471252975151389,1.82608927978297,8.19782343151908,5.74912400195145,4.06289121837663,2.56823860790234,5.55852373505875,3.68858023136836,0.698552161574129,1.20918491860395,6.11680734206422,3,10,3
"760",0.526215316241197,3.08974781986319,2.02223675133839,1.8602726001889,5.57819628483707,2.73741975424185,2.27957136284641,2.84431072332878,1.38712285883295,1.43075638785914,2.23204442499076,6.13002593851791,5.83431612785116,2.62428622782423,2.83163430574728,4.03493090998176,4.21818106215452,4.03725972524804,4.26235418355492,1.29449122683464,1.92442893132062,2.60328497040145,1.65721487433872,4.57297490771726,1.0236841058905,2.61717134700672,1.07885098847318,3.05866168651228,3.9459319488624,3.56933120558255,0.55863878410876,9.27095819214246,1.88772642462282,8.2785278705218,3.00848457078578,1.13509281958725,1.82495529278785,1.60897981721496,1.05890555448309,1.10693817528171,0.896176233719346,2.36320033098663,3.72979982115475,0.740417439506752,2.4802125900827,1.1347713649574,3.35082389278407,0.983349585566875,2.79290622177073,3.29534335589824,3,10,3
"761",1.04338278935136,4.52259389113754,1.27112099433964,0.39103684872259,9.0826078181414,1.47493268429463,0.805340935590452,0.756884440001168,2.2935129906612,13.2255934182863,11.0349989461453,2.87973417490559,3.16481539952032,1.25128525533356,2.08298571415282,4.02555694350652,1.49568649009348,2.35839329714545,1.83221133717917,4.04298428239205,3.01342796429725,0.957176343562625,1.55433851831427,3.60272099531735,4.69647090321068,2.13495342453338,0.783135073624734,1.81813232630765,1.46213753046851,3.52383261409897,2.55049023391913,3.32640017899621,2.33291118411835,6.20966812486477,1.18023118257934,8.67673566186942,4.39780506559654,2.14678556632526,0.600668177304137,2.76578705762996,2.47768681099634,4.36227075667819,4.05758297030326,1.34523334759549,1.43826933950045,6.01259135533576,4.99634695901428,1.22584586935153,2.42599588785789,3.89505405876067,3,10,3
"762",1.3514814284833,0.991204171719634,2.185503396455,1.5750353316791,1.56641650343156,5.69594455640028,1.89588901172554,1.67630959265347,2.11378456922208,5.29372775380543,5.11277038532342,4.76151325621336,3.6590985635687,2.36226513949949,1.80432417804993,6.02607980379578,2.1909946331597,3.50881830163506,5.84809284166382,5.48649674119845,1.28984037789164,2.74214623212256,1.50136921823403,2.44519427098709,3.44437015768965,2.40681246914109,2.0676957720112,2.91731836629575,2.88730087544951,2.97151125711219,1.9697947277006,2.47426204214801,4.31005170887814,2.32879510420692,2.02112281672539,2.94757159712783,0.216866387416257,2.91249107094012,1.23319533709904,4.21834135950081,1.0229400940387,3.07375985698347,2.71832947557971,2.60387932520315,0.912702440994513,1.68172026816459,2.73378838405727,1.65589326897729,2.98794037605666,3.10451318056705,3,10,3
"763",5.03322418912667,1.90737314110589,3.72267086165057,2.946659169606,2.84155537629913,3.04225337521476,5.13730810428705,4.79258409753503,0.74089795991384,3.3962548380688,1.37962200533806,5.02222311712519,1.054447550726,2.82660947630566,3.81244426623316,2.86215639440816,2.87895817615702,4.289450877758,1.68160459736878,5.35734877246191,3.66467989669,5.40395503674502,0.805774269206501,5.13842845777193,5.02548582492541,8.76010029919879,2.7063176224955,3.553798771973,1.19894190553858,2.72615184597102,0.555297800375744,6.35583662871616,6.0259930807083,4.00027220982895,1.81635102251537,7.12363068847073,1.83766833532719,3.65699830678811,1.35818768564109,0.701352887474598,2.1596355642135,2.29395310239327,1.66512914689035,5.40617043852256,1.451198939074,5.61901520146353,4.27664328963494,1.26712381357302,1.51789591769972,7.61452718291276,3,10,3
"764",0.500956970378265,6.05542152879092,1.74077893768216,4.31612684267224,2.11857399417453,0.882011246528098,5.92038247899057,3.78187817822398,1.14537791558199,8.17655103633944,3.18873123624357,3.49872443912704,1.74032366231751,3.85175901960878,1.63943585164094,5.32178605730203,1.19610942486492,2.91364041227765,5.85046477283641,2.20990947685001,1.96433325765315,2.29536637861679,2.59734155602718,2.23178682392701,1.50405226679551,3.78384400912499,1.72618025834711,2.78279602788062,2.13372175505971,3.74486145608057,0.93409235382204,5.78532986021162,3.80164565933206,9.30620161911958,2.04206455719968,0.754542153087315,0.674951519341889,5.93273500161384,3.70745631725468,0.268019818403881,1.63803203417666,2.06354840667326,3.7068975717091,2.37666604298819,2.52619878125139,2.34524974520599,6.32677247887222,1.24003797156292,2.63602619950879,25.2387709119653,3,10,3
"765",1.09853715106089,4.49742015251544,3.40933809607833,1.32443259984132,3.6607400396084,3.06847747582743,4.94788539456519,3.33452095325837,1.88078808061725,15.3153724670666,1.05466359103954,4.47922435742031,3.64079892491457,7.50211636296775,0.935022424717067,6.07599598368162,1.65063495482433,2.34573993273037,8.83254017871296,5.68945021711178,2.37815336046691,2.26779592409278,2.59901347325524,1.99298941965783,2.68426268752183,2.30666424407028,1.3952671485055,2.78202808868515,2.41775254761486,3.5316738062694,0.888279260848223,1.43908708438211,21.7012338193724,10.5179992167742,1.14881725344088,1.87660274648223,7.15637124316146,2.56992353129908,1.44031808678934,2.73888871964431,1.0486140242008,2.33458767006202,2.6599921552543,8.16042610242359,2.9799780357733,1.61127022452625,3.32117469295434,0.820809139661737,1.59520022401833,5.23493333216655,3,10,3
"766",2.91437966287822,2.71387189358876,3.09949481777197,1.2000866313718,3.61246429622338,1.21644300662693,3.4468384669519,1.80771795479801,1.22131880210306,2.70187734299541,1.05867507858424,3.21788032929253,1.87625873130096,1.67044394992471,2.63687089017747,2.28325649157154,1.1724161912904,1.57923884449223,4.487780216796,7.12042764059734,1.0758395383016,1.89060790071313,1.64216384211413,4.08475687864332,1.83268905926976,4.70678586988014,0.859943888234362,1.82469816839647,2.92381809106439,2.6292081822732,4.84607142701783,2.41696499333236,4.72250931853929,8.65743890549002,4.21066109820965,0.690140442937391,0.427491630027658,2.51420157541142,3.42592573445619,0.559189448584302,1.67961928883851,3.91060655393227,3.37588018760298,3.21932078278134,4.3431010728315,1.19760989302006,3.36427720992051,2.05196761884188,3.60804203870147,4.70218261066718,3,10,3
"767",0.72050459939825,0.878159290524221,5.4062821334494,1.67284792161526,4.55902019675981,2.1301008450895,6.68929692459166,1.74215554109994,0.687633980968257,5.50496402545184,1.6622459398818,5.58586192753815,3.00233606125456,0.947773816087112,1.5783343341463,5.02229417605874,2.21772133616299,3.37515950730898,3.75440526801489,3.748303286075,1.79960137152346,1.738396177509,1.00883702542702,2.48697833705621,2.57666500405688,2.9463347749081,1.25963405824623,3.7552972123013,4.66066432594236,3.57829115283774,2.05369020942438,0.653059436407305,1.45959291497303,9.16953415320597,4.43223860660382,2.70051775983863,2.74392977987653,0.753976842997248,1.18217806777575,2.81588820552819,7.22697726693324,4.57922804103147,2.74699982613847,3.18438802994717,7.78805846751871,4.1177357881102,5.27557255685229,0.683601648027126,2.20910253442073,3.52778697545755,3,10,3
"768",1.92554240087672,2.04456314831939,3.27897318271756,0.763729325165434,5.15304814392187,2.39135756524639,2.84114567760436,2.72305715747885,2.07371009740405,10.6363927872776,0.779799526641288,10.1062874527752,1.51667235009758,1.84755251758277,3.89675274914983,3.25541988896976,1.41640051281662,1.23332262538738,1.16376797356548,1.83678829975671,1.6611612139856,2.10954792030713,0.980247169616008,3.76526117661029,3.79435722323414,2.14870636577983,2.14882562938882,1.26439001260417,0.678019823306504,3.52211785367314,0.37717932608065,1.35956272772647,1.64625732259049,7.12377724058466,0.778721709217725,1.51854116092499,2.5809861376635,3.6319950573753,0.619237944788699,1.30978699292737,4.39642086388591,3.32967043810204,1.66286750995402,10.9543460860712,1.90581912394112,2.99913910584201,3.36046052714138,1.35496828887592,2.51188483594917,3.62577339289933,3,10,3
"769",1.30056904708691,2.44415540576265,3.6323825518064,2.68235951089948,2.90888015324511,2.6771692939078,3.66732851750775,3.58982834708191,1.34453912280913,6.66231963927063,2.50902630131879,6.88419053979227,2.69277292119055,1.79306995576806,4.23577714802598,3.06961259382751,2.69929800924614,2.13628763618431,7.98667761161969,1.62704532202023,3.02229830779381,2.27718315697939,0.613095041176492,3.96154344115897,2.91033551550901,1.54002293496842,2.31222728739253,1.96715978311523,0.780465206298228,3.06134152544632,0.840273113023125,2.33951882947813,1.55629033450216,8.04239136903676,2.44653734084998,3.31159525355187,0.320669792371687,2.43229000853172,2.52277702090804,0.566806132633902,1.6206739273621,4.46250985814242,2.50113212658208,2.35394158767986,2.53782191500101,4.75617124560713,4.95898970649135,1.67162828348136,4.51312614362177,3.44013967280834,3,10,3
"770",3.30452240222309,2.75111336539093,2.85216938902366,2.32041880984283,6.32114275695698,1.98406834802093,1.59260079619893,2.2667303636233,0.840661888436189,4.08203699068136,4.83179486567533,4.99711944140105,3.97216804369737,0.980030105035479,3.92670881111327,3.9916590922843,4.0025544826244,0.872807506122525,2.50683539470566,2.64206182680742,1.92057001002291,1.47308214180917,1.00717756509036,8.34072178788947,3.62253999220575,3.43813742966172,1.23093062151595,1.25427840893549,2.1555337013667,3.08354846396943,0.313609103316642,7.76335377875358,8.09158963998134,25.3648677046437,2.70298869470562,3.34149424995308,4.10239645581259,0.533550423886566,1.52458529000879,3.42426353625929,1.64169864101569,9.55365845235686,5.71832533819178,5.54040732259789,2.9316318769318,2.16381617633402,2.6848354504157,0.949453926051986,1.67435427425856,2.59523726004149,3,10,3
"771",0.184438395542599,1.26239255255857,1.28068550718774,1.46013522080729,4.04616110505733,0.965681466367107,3.13568957290802,3.3732458613811,1.34704977363118,2.87201928399378,1.12973545344399,2.31558612235186,3.46339911619889,1.76303804319477,4.7653940360343,2.56003915361558,1.05627320025162,1.71578124672303,14.3452434539145,9.87081221209273,3.27006013354863,1.49759141281984,1.26071814107087,2.95464767890721,1.07700860099155,1.35633503212742,1.93135188079642,1.77929386914794,4.91907769301866,4.05317159372392,2.88967844296557,4.84325412635298,4.94211399734602,4.15117211237529,0.862075195586408,0.719345993072587,0.72949486119387,1.62293159928123,0.298743628408838,6.96791326378476,1.10594804754835,2.60127331846718,3.92711690652739,1.05368563563443,5.36437406205434,2.5976395272765,2.90865177646377,1.57087508787359,2.3009247280187,3.27841753943104,3,10,3
"772",0.656359699302702,0.422059087666483,0.949127148881248,1.55560751206068,7.97663332268984,3.04065321122253,1.12449061142078,2.56845382709624,1.84321123841687,5.92390135353516,3.73782034192291,3.65885244542532,4.3206406762284,1.18550153132213,5.58432631710686,4.95404906686092,4.04582675204582,1.58081017854408,5.3763585017112,8.3874982606521,1.03621017984292,2.95240234868294,1.08935612419647,3.94169007671568,2.7736115856304,1.72960596646997,2.84040690300114,2.1644396959297,0.629444418608747,2.72522596508706,3.3120527003544,4.98266979936892,6.40282344425268,8.28749527160464,2.66053518764048,0.385671861531514,0.948998709324069,1.87103456884054,2.13430852670536,4.29389143838026,7.93715151697393,11.0293415419012,6.17095326231879,3.53122694235333,2.30722479330848,1.53120446558089,6.94271843892264,0.509908638884393,2.55841473485251,5.74394118726631,3,10,3
"773",3.21888340187659,1.50663158039199,3.11477422350146,1.4438723919213,9.36616264002967,3.03887805325529,3.22169188623124,1.4151619877596,1.94180638499616,6.54344799154814,3.13491339552469,10.2659965202099,4.43541506481115,8.13776428947962,23.6503753100403,9.40678351118459,2.47667360646842,1.20598278678142,8.78904970919274,2.19839115135907,2.76381086061242,2.40250849950651,0.842351637623574,4.74671529002205,1.32444246680104,1.28411937437821,0.894266471018535,3.33757099505346,1.84287246924298,2.27230047958929,2.21149743313168,2.6161317812431,3.61405530990635,2.53336800153358,0.412847488300496,0.871126235433771,5.65760847560666,2.32307837845071,5.72437883642462,9.86841621293556,6.23546081429802,4.72135298404909,3.22600599434954,5.37282479470667,16.7465500576132,2.80363461355333,8.27073116426571,0.411062722046391,3.25078137650335,1.52806402746937,3,10,3
"774",1.2756115303645,6.61399531701409,3.49571435417052,1.49648531621297,7.07642418720596,4.80172993942306,1.74501273962195,3.18313834512639,0.412714878903661,9.03048609679138,3.78991985656588,5.55477146609243,3.38581066972423,4.09123464617809,5.06246630860607,2.51105132350769,1.30722517865849,0.744401665985569,2.96819558043149,8.71058462327345,1.7267993851264,5.21179717848515,0.499560944484345,2.85731449131937,0.763594096664356,3.25692628880537,0.97377807978993,3.25860047783189,1.08792370565519,2.79432291409463,1.01451809836575,3.06073265531853,6.82614332994886,7.85814052236234,0.464941648470395,0.842800811191891,1.46510528841232,4.15417494954316,1.73313351217882,1.55348089443172,1.27213442636863,2.41314440415379,3.25106626092491,6.43528004489681,3.52577970549667,1.98569452878546,5.61352352860463,1.09405235241585,1.89021826839273,3.44237843061529,3,10,3
"775",1.18257522223462,4.16765717780643,2.76501310259606,1.87364147532146,2.54750333146768,2.65975788112958,1.61535258796,1.02406654402963,0.77131419813168,2.01367554188908,6.39489509690739,4.59677257059446,0.429538285004642,4.5899689767262,3.23004568040868,4.57650139339773,0.995165852575387,1.8088195905479,2.60513631129843,9.29644673205734,1.06668673412382,2.88742296797656,1.80037906515597,4.50066679505095,1.22823128660881,1.44858898546055,1.65070353677121,2.95925567281777,7.03941402209581,2.45090065815793,1.30173548157651,1.21786581914752,6.36048786296343,12.2644673473099,0.399864861925746,1.0772973603317,1.68899738473842,3.01889045281262,0.786447748531593,0.295473755973034,1.05592050884784,5.08337701626742,1.19578069653126,6.04630975199433,3.13053004346763,10.7040914305657,6.97335060436783,0.451903454212872,1.69142234553137,1.94642638328667,3,10,3
"776",1.48738940325513,4.7934988828596,2.27771278691635,2.21017078324793,1.96553345235882,2.93742766342051,1.05877434668448,5.08840074909579,1.70985829530167,4.32561088431616,1.18537721723928,4.28398837414818,2.09512474859716,3.94539118205688,2.36877138376358,2.93985886129507,1.43823529354388,0.596858589227105,0.985105940906169,2.89353059098548,1.20347787569647,2.0872806181782,1.02102942051,2.86468512666458,3.42643460178488,3.26121629914396,0.992627218389377,3.6641260645108,7.77031614494849,2.44199719358917,3.22315239840859,5.37519048753816,2.97816580969162,6.66401370412636,2.17817633296514,0.656557056857308,2.04854591671972,2.31383719983856,0.346206939561669,1.74916895369816,0.880636363984453,2.25272736148121,3.85548796216043,12.8384633424485,1.70887660455334,4.5811864128087,3.54388059216307,1.05230481127056,2.53993503742565,4.87478525168076,3,10,3
"777",1.9301946944573,9.13155389563639,7.14428317833999,3.7021567641072,2.07238297905345,1.87478399237113,3.24621077928014,1.23456456839055,0.781183406197137,15.1525467092783,6.65652382692841,5.11138061019339,0.652465816714895,1.37925089668473,2.12838029916991,5.35008175885386,2.41082119111548,1.22117426247081,7.13038989303535,3.10079234768728,2.00828607108765,2.37609726984449,0.812305770874528,4.16825260287403,3.71641721309702,4.66171538249687,0.668013311393303,1.73152054456523,4.82629213691415,4.40783083955799,2.93439438697258,4.76843238024943,2.82335678599179,1.32651622008859,1.01996722487597,3.70853011321843,0.899907493843476,1.94227284438108,2.5097129061887,0.664110060246547,1.47370566339882,8.16587501186291,6.04332671159883,9.25981258618588,3.32276976062188,1.70204235375079,1.88914995610111,0.563075660474397,2.27974193937553,4.21072390420033,3,10,3
"778",8.81218757771786,1.57655773450933,4.64546325599301,1.09304565079117,8.03138974758845,11.256746442098,2.85803903258474,3.98459735646257,2.39291231018663,11.1747086758533,0.931839216920577,4.47733291565223,3.3099892467752,0.700880561649444,5.15888117872866,3.94336990402993,1.17035196994402,2.59882662766409,4.12929267927832,4.50135430206773,1.76806509021588,1.56866335168132,2.29655082600125,16.3107304281866,3.03680935582442,4.90593445110964,1.01844281448701,2.87702355839734,1.04700493844502,6.61952385729905,0.372485130625032,6.73840723215931,3.42860085225314,3.69592076591169,1.97311769939179,2.61055305249203,5.9721252378957,3.5997094867664,1.29993152783501,0.599010724726868,1.83082151375675,2.03983508079364,2.60044038703167,6.69401232096902,2.72968845387987,2.26143265826593,3.50145233312219,2.91402435846416,2.45597675044847,2.68045253646581,3,10,3
"779",3.6571922592236,1.45326776126773,2.09998795093786,1.49855867593637,1.10004307742545,2.33619780281145,6.9586373707954,2.29873727246665,1.84474346570393,7.86780765983176,1.84003891787946,3.04440866604259,4.39613096936637,1.31174065932201,3.92528887329526,4.09127865310454,1.7580011612047,2.1600748834217,2.29477820360229,2.88697367670743,1.74647562539225,1.7997932663188,1.92254571366469,3.23830094885938,3.15877799453805,0.997832782012829,0.841316754446254,3.30260041930654,4.08717783141095,4.87781987932048,0.458463086670341,2.77732531475962,3.08621595500025,21.8862264820308,1.15538717786167,2.56243626630001,0.418050986268272,4.44671595468968,0.736936515565902,3.68244442383708,4.16963349430983,4.02007185612434,6.33877591312692,2.50039594799346,3.04502500132014,2.9973987541829,5.44295994813791,0.460969384498545,1.97710273044265,3.27016320368257,3,10,3
"780",1.04910795602365,3.68642930817014,2.36427207628155,0.936758846709714,1.22410372646063,4.15916681135298,2.03401329758802,2.2640312955279,1.21244054494579,8.32912332616805,1.75001658583359,6.89180107457028,4.06200222891272,0.712718713897775,3.65033071388968,6.51960433839073,0.963207656188633,0.382730532558755,5.79412538901431,16.9452618785967,1.53526391501667,4.12349397073177,1.28411197536566,2.66717426223274,2.31956330971405,1.64522886024158,1.93812243141733,1.23020349372463,5.68123200968278,1.76939064758178,1.20446835905524,2.11444324122093,3.76651456920667,3.81174228052718,1.21659003534966,1.12448471584031,1.81506654977842,0.691397593011247,2.35478994360871,1.6822386135578,1.7996417356492,1.91687157547718,4.96611377951198,5.46221036050189,4.3006039906878,6.22808668633281,3.94940453766541,2.33665047434503,1.53346762674992,2.25350300455337,3,10,3
"781",1.53962021281655,3.38211953961228,3.73611858545827,2.35539284662932,2.44534014577673,4.30645108415246,1.21921605724661,1.5654831324617,0.85034963243519,14.768316359277,18.2497501340614,5.20572084309063,4.56599983476234,1.20654707037134,6.30037539687628,3.04853390309823,1.34340092978949,1.22520208028537,4.71974076094232,2.24928689610304,3.38886125146428,2.26289376941204,1.55061795424559,2.30436580970456,2.49133384563831,1.91923135435559,0.625333501547515,3.12456141718872,0.582510871935759,14.8313099429955,0.683305660086634,3.17076809300144,2.66658654527294,3.31493880640983,1.56401109519459,1.71636894612474,4.97951036754414,1.02896730674825,5.04082541192206,4.77909350244857,4.39238099497799,4.62781946479682,5.3912032364224,5.35001313818942,3.92541620813993,4.64300954067445,3.34234890122278,1.16029854077783,1.01619091271944,1.25610297392076,3,10,3
"782",1.57136567431164,0.361218812824018,3.55129567681238,1.78765842187373,5.49626687187822,2.55230472147432,0.80782132646232,1.74706432244251,1.61069765231608,13.4524082852113,0.580265681377041,4.67922669790061,0.293015222401029,1.43033258338811,5.38326440899903,5.71746181999882,2.62107740724395,0.62253716099369,1.78256306834091,16.4188077699526,0.736128165858361,3.46590549779625,0.603927299902968,4.50877523457454,2.6214151692944,2.83509310430097,1.05794798133881,2.0431329816213,0.834183641075714,2.91962696494217,0.5487658885949,7.76445412037662,1.47440429758841,5.96791577224051,1.0591011752653,2.95217202009879,1.36236348971044,7.33485870501546,1.11882844955115,1.37346741384262,4.34544804694706,2.19151461389994,3.28913733470739,5.1353949547664,6.63296046922336,3.85997261407442,3.43623795994686,1.2209885059555,4.32061743708647,2.52344807616957,3,10,3
"783",2.23997230102745,1.77313729643854,6.69577145051364,1.6441926031941,2.34578131656558,2.02125750893187,3.11586343983626,5.31733450715822,1.00332714409272,5.13269447720187,3.26010111790274,3.82171179124262,6.01578956634203,2.37543128091366,1.99810265164745,5.64838181177461,3.51312792687927,1.42717674984187,7.99859806545393,4.56960990157663,1.24652505067092,4.66298713761804,1.37122575073915,2.14870339196044,2.54145606382697,3.08975628197292,0.580229704737937,4.21341994849381,0.742413938468517,4.04620980045347,2.96920188292625,1.86034318643597,4.89867901217647,7.64899051905346,1.70443288432565,0.603603570836695,0.781507395769045,3.75904829164432,0.379735844990935,1.9492133728202,1.53548873191855,1.82350933061502,6.645844448226,2.60137154610705,2.18899556795239,1.94306893709138,4.80299695759218,0.748094960483299,1.93536028638494,4.18778711826643,3,10,3
"784",2.71906760039372,3.29679022166066,7.94121148653591,2.09064534452745,2.06992011155015,1.60147057900988,3.58541803935074,2.89376471134238,0.967692638931029,6.29013337034675,1.5640922295937,2.08594487016322,2.59567300024982,2.61073791584482,5.44918182607619,4.58055649865897,1.5368471751702,1.55536708550995,0.484119262784661,2.25183235795754,2.33362515367505,1.78898243475057,0.831729163776281,2.91053529030095,4.02853961284861,1.59538599285987,1.45518016582621,1.77549860890801,1.32503207841808,37.0893186491757,0.825368422099043,3.63747774511896,5.12836171810104,2.44312968363357,2.15168281334167,0.76464533836241,1.60448943210024,3.49592141546213,0.621505598023777,3.53898727582946,1.24139188857044,2.74370601229159,3.19921080069715,2.07763698340977,7.10556529908566,4.16113168855913,9.04825314400166,0.313730387931535,2.2503845877102,0.899284033741983,3,10,3
"785",1.46742003951314,2.79178621858775,1.57571027173398,3.39232936583118,3.62972792070076,3.05048651215524,1.2388793968867,0.572306928517673,2.37300323539253,5.95351019445275,1.65234342468519,10.1198976855142,1.56737203698329,1.43250012602616,3.41451148899987,4.84940442155726,2.48258738056297,2.87985784388541,4.20668664381535,5.83999933721936,2.57818421232013,1.02950560474726,0.66145778353241,2.89437652786042,1.68691299286964,1.58333329447221,2.07733845851296,2.79511686434958,1.22151528419027,3.99080202470809,0.28623545394931,3.03191394956829,4.26684484111531,12.838872741499,0.257301030123748,0.695083455963029,0.397861131149104,2.64174780824312,0.351223954819148,1.78000763942485,1.47065559294887,3.29999165815999,3.71453645595422,5.21251835153032,12.3697828385733,0.738760695017313,4.74151050428397,2.1968589770903,1.98838644658166,2.20444062592799,3,10,3
"786",10.8880654763151,5.89948182853639,1.91083662076195,3.04371210072587,5.18656660652124,0.752235188898148,0.995459503576975,2.0092431100035,0.736051763912134,5.9604298308279,8.96606699356663,12.0942306676062,5.29303561116297,2.44700868486917,3.02090755461821,7.45424336484637,0.786234879374039,0.55955956429004,7.67496429320123,2.61397258023336,3.01811057160366,1.97966797659829,0.599720427136572,2.36234861061123,2.08307843518886,1.59737762773526,2.23040232006483,2.65363039336322,0.544886712705011,2.04981739920308,6.43811350654821,2.51517954800432,2.80627637996487,3.61554239316993,0.301616133329697,0.855271716372971,1.8325828480851,5.27111367628001,1.35437378146141,2.11231205795301,0.837189616212581,4.24436333571421,3.70688368646966,8.73936882079689,1.70605728669125,7.24219736089097,3.16394097215723,2.55155575555331,2.20371715849774,2.84673516624401,3,10,3
"787",1.08339568220739,4.2071372516483,3.70476960048256,1.56326226680155,4.50787414163789,4.43469887915686,3.87926140789828,5.03543114801798,2.10718508245562,54.1923905382818,1.2070328317455,2.06496350360692,0.732081241316854,1.13930675855114,3.65754467770553,6.42375843874748,1.19197808273226,0.397649817501628,9.31265596520217,8.4027725225997,2.52660516950607,4.08112975319628,2.76622656937899,2.01771079530792,1.18961331547259,2.7031696496908,0.875223382466472,2.92552050133194,2.51909092503621,2.89245142917015,0.629095669151942,5.82031001054429,1.91775705124314,6.10519265496149,1.58291832366513,0.755155140080894,3.83006664348132,1.27775177656139,0.474533631364101,1.41784704018292,1.16801091786509,7.35368677958019,6.18801236318137,4.0131762037797,19.1343943943716,2.36394411284469,9.78488059554934,0.459936857328252,1.00315269525861,3.11753824954194,3,10,3
"788",1.31299577532864,1.49898820815758,2.38016328806737,0.368436801747029,4.58852334653506,4.08991808039732,0.871777183093942,0.894570557617032,1.23628985077256,9.57941872373824,1.37492741098445,6.39841321059672,1.47889018355632,1.88261827682868,1.64465683215513,4.81374506803856,1.5941037193268,2.69254372961989,0.661216714819615,2.66987358190984,1.40581298667333,6.28112689612137,1.20837288420046,5.37382470857068,1.94744888436462,3.96041861874894,1.50015284345828,1.33261324925405,1.61314707247151,3.43306742362541,0.282248257334568,3.08985362503045,2.53036607767471,5.04307372933874,0.623043651799935,3.14998472042356,0.413261719257775,2.07624713374655,0.63557410906838,10.8167511126923,3.22575348574485,8.65754024598806,3.47595395861948,1.89139183790277,2.2854896572023,11.6496435356256,3.00304448749651,2.18739765600782,2.66020096773999,5.24675329072758,3,10,3
"789",4.81955134187757,0.482048172338333,7.73634651522675,1.55587371449423,6.06003253326469,6.83822657234237,3.85817750149994,1.85684011978629,1.56004157701001,5.09000900986468,2.81090816623124,4.72460230066959,4.23538960374238,5.40853744982182,3.60207482177983,3.08047060476176,0.692727634669666,1.88745875236418,2.09374978632706,5.69819405228287,2.20728291444113,4.11307905355879,1.26002538931975,3.53961816400163,3.08437902783832,1.38444514254158,0.744386029383993,1.07685851373566,0.485438396324977,7.44569946155381,2.2901671566021,2.04309914223906,8.98573092215788,5.72346877582246,1.572286466046,2.7163041012588,1.35522386651018,1.0037012184517,1.84850782562235,0.768430018218442,2.08055170761858,2.68837837414134,4.89677442792236,3.52368587941963,8.39566249856848,6.01960366762281,4.08988580795702,1.11872480346604,2.1703009586152,1.26365131802012,3,10,3
"790",0.735217912370761,2.49877445820447,1.14660233346464,2.15585934531288,5.63661742067607,5.87509652714597,5.01025737730484,3.23491496253378,1.15464502531168,3.36871275898854,0.69963555621129,6.93056555158714,2.72071466532853,4.05882292393232,3.22231913629027,2.63033992810302,0.943805376026006,2.69631024458766,3.13626654142151,4.67942195153739,3.88552853583508,2.49134955291732,0.599435935841894,3.82691226471983,2.00064006702937,2.98598880123504,2.19949049400508,3.58943828578773,1.34303777876574,2.47400297932856,2.61194693386466,3.46746866452258,3.12147786470582,4.46837464071728,2.71537136911731,1.12103912831758,5.7230675504403,3.45782211958054,1.58829340840195,3.04629630324767,1.18155111317534,3.9697122563307,1.71611787780957,2.57403304431115,2.1714526520186,1.66393765275348,3.68134832761066,1.96512277061916,1.53834863582446,5.3578679730343,3,10,3
"791",5.29886354751066,2.75143114051252,3.08128577768865,2.4305270949958,3.91729935917774,3.04341151479549,4.2471231852982,0.42477181334167,1.71098821527671,6.59906844860123,1.97561291783455,2.48746513129203,2.48165640239368,2.77469893055581,5.43983338070032,9.04526014376309,1.71056076514813,1.79953950007884,2.98030831527101,3.32804652651808,0.861818207940976,3.44099607587777,1.25841037061038,2.47824006588378,3.54724135101431,1.69410242559927,1.4282076416797,3.04349687682715,1.49809893255364,4.83876833054244,2.70974822200846,9.80039970477972,19.4342309789525,4.73704793756562,1.08953956699405,3.36229566355301,3.92263872184331,2.31945966091296,1.33192457894723,1.82464735486424,1.6666569393069,1.80262703846299,4.61985836248479,7.58967047825379,8.73574629793147,5.46519071210871,6.16004860215204,0.823471409125287,2.0434942238435,3.75196129343025,3,10,3
"792",0.337348870734026,2.31583616788432,2.75441254355051,2.56476398587425,3.28682961898391,4.74761452475562,6.47401908117563,1.68456056246631,1.44116323872446,5.06213413656222,0.601201822126772,1.92623533302229,5.35479993459816,7.56865208456739,5.9998892078836,11.8675702302709,1.01335498661662,1.63740910092878,14.4904708475107,4.97938684637659,1.65289399811947,5.72797387312146,1.0205606550679,2.08954659637421,3.78677179586961,3.39635067626292,0.345185170006038,2.09589419873586,0.671970491892888,1.90926086212181,2.66151143717065,4.73403031453435,7.56919449442479,7.32439447010078,0.91819916762335,3.59377091565658,1.23667728426623,2.73824160165018,2.34601984682284,5.66642934332831,2.82346302133279,3.54856492877979,10.3269100419707,9.62997356782846,3.94393651590204,2.7994176086932,3.36934536544491,0.416801268046766,1.64461198954101,2.35654995183155,3,10,3
"793",1.06727693546338,1.04157900961562,3.54345068729227,1.86334424226403,1.24658501462725,2.41815923990375,4.93543258305834,5.57684497863963,0.97814495402679,13.4213135915043,3.4076586939698,7.63709247407687,1.63743837119848,3.10836281770025,1.44806705019477,5.91575604040897,1.53164903739238,2.2167777395775,3.33701459028758,3.70652426049972,1.30988965187154,2.67009854130689,1.01927123137326,1.96631064852606,1.51068319093001,1.08163227532398,2.04539583407248,3.04061056608495,1.65484239706799,17.318035986238,4.45316027633993,4.74917280286338,12.0828499345,2.31451564558599,2.50973904451875,1.92722331938118,0.407527539885899,2.7947795909327,0.266416773849769,3.31501061268096,1.64678223142631,5.90231195623144,4.0877143998753,2.36511721239297,3.82932749005419,0.89963556829345,10.6557501584862,1.0372844377415,1.6116663935106,5.66100709160029,3,10,3
"794",3.09045004437894,1.27253384712424,2.32969044654085,1.5950413207896,4.81539692793126,4.20428952002184,2.03033428544596,3.22184565327209,1.1281037083325,8.33338343374549,14.2337282165966,2.17443626764776,2.11696166534469,0.632046973603778,2.07990964270978,6.10517195395709,1.7236965863817,1.16160833207021,6.61826144565559,6.42772824521044,0.866646074536796,3.19855061152062,1.40012176770015,3.29189925326633,7.02478754575162,2.17035634400013,1.17479878491719,2.34951980113613,2.22288546005486,3.96997044632604,2.36191776866775,3.84927952178771,2.71632597508397,4.6802385204486,1.74052077184798,2.13933013239792,0.282664909092926,2.86948432652869,1.79041713602416,1.50587039577537,1.81981904998884,2.28560458213764,2.74769566765404,3.74168224710434,1.26595594148917,2.60303550291417,7.00672506337211,1.10638078181875,2.93477665699916,2.16227640612701,3,10,3
"795",7.88097445228646,1.68350426891941,2.00452801962792,4.57256676956431,5.69442638605985,2.62840672663628,9.98116083802691,4.16140203373474,0.951064813370604,5.44424251409054,4.40173956095699,4.38411634077191,2.16080919035792,3.94025075953056,2.09828496523838,3.64424329726933,3.5591592269457,0.494085726235074,6.32957883249604,2.6641318022295,2.26083988395106,3.1892203538562,0.588533418001479,1.08648395609075,0.54369464677231,2.9030746069299,0.799597998113964,2.30923794202045,0.931980168258212,6.06658676950571,0.829194304005448,8.83405875202699,3.7105876086615,4.59367425833887,1.76855529715279,4.97117833027324,4.21965212476616,0.797937457932605,1.13028404807638,1.5277882875932,8.95005688847796,3.85428047728872,6.24044787405556,2.67921697809246,2.72473736816196,1.26882384052131,3.54238969977852,1.21636813876285,1.91248642327725,3.11921573429498,3,10,3
"796",0.984984617025115,2.40227617148634,3.8154219536454,4.4028314192846,3.49438660120852,2.47678981956458,4.57613208063022,1.72074283836037,1.69911198569031,4.53064008569334,1.68392400107415,10.4918816570645,0.667097336143956,0.935554837074903,4.30771073150424,3.94821010138685,1.82902119082442,1.52812718548884,2.57839490453593,5.68173075227913,1.56199123750408,1.59553697413881,1.45271347080505,1.07683738170632,3.56174194773222,4.99371440624882,4.30595959729683,1.20491610925505,1.36915264867896,2.48257150179363,1.55517656491012,2.65728250341011,4.17827884248454,8.38515806183311,0.815419235826498,4.09368851927483,3.79899421012651,1.34783137318825,0.38037728540332,7.14645244170978,1.94106702078219,2.93615222965267,4.6060263705963,0.757051058316561,2.4678794376189,1.57209640841436,13.0689502088209,2.07841935764334,3.26413419947006,4.37388412558734,3,10,3
"797",3.94201536168135,4.50296684461945,4.08285439654059,2.63660495764317,5.93802112994134,1.84382919439572,6.19181968369726,2.53421715513744,1.16788875185017,4.46748704091914,8.92116540697339,4.71159887627055,3.33516534516634,2.03984287323104,6.05297862632329,6.89871222291145,3.49547920166325,1.96826377291515,7.76034549398702,4.71364120290387,3.70594062622354,4.11405852396595,0.904001003849095,2.26314683479957,4.3788756322443,3.56473109179165,0.420239620476814,2.78295861874829,1.83976799713348,5.99444889336465,1.77031895454766,3.3883772119046,2.39629244406149,3.76255560712916,1.71955182331287,2.65272843025188,0.576540175662876,1.83520941891961,3.40995406216027,1.52247429227446,1.37028766267258,4.07377773118166,7.91828870426808,4.71544335275407,3.70010091333561,3.39675023139376,3.29007314388305,0.542071751949425,2.15132464626036,1.78929333724992,3,10,3
"798",0.530009090329914,3.11199339987822,4.85950848037414,1.77510501475637,6.95706676361615,3.35104183958389,2.56534639376929,6.24869418107216,1.88731828481289,4.70605956307442,2.24033132833346,2.10660624489991,0.292313251619897,2.25357330972123,2.35993614916766,5.00956672248999,2.89638557377579,1.37763819601816,2.06139107638099,2.36481437970339,1.71043260348621,3.00813193862644,0.198658533192068,3.58831439112142,2.2827265522716,1.93919879195037,0.855351777932681,1.92881288998342,6.54004644926389,5.29829348271752,0.481237101432039,9.29531258750308,7.33640560886892,9.43809848072866,2.12056692219931,5.07868643999635,3.26489540810765,1.57049584497082,0.208382671086251,2.69509067453893,1.52381389613592,2.69085991598378,4.26613492195388,2.19301969867263,2.2181518224208,1.88299440398665,5.16869331363075,0.906515894252077,2.98702247612425,1.8485364342181,3,10,3
"799",1.143263086119,1.45676610051278,2.87001364010519,1.12803843777649,2.68622168897669,3.02095772597148,1.09066077426647,0.658705339751488,1.27035911605492,20.0826025227763,0.452095913426838,4.92383805004952,0.524128072515349,2.07839408239455,1.43815954802778,3.77655266251722,0.915265605811749,2.91155365709807,3.14434291787476,5.71524752234816,1.31506757213335,2.08505207201581,0.508402522930457,5.78324295955997,4.37399210163653,2.08424982328932,2.01683560152187,3.85028943287079,1.38529112697689,1.84021531458052,0.582530724984646,5.72540853369166,3.94209630843973,15.1970019534653,1.13998644991167,1.58179979452097,2.60511882348807,1.42944021319533,2.21246300074175,0.771249589569792,0.764818976451507,2.32392149312536,4.62561562225095,3.19219942968949,1.67898952339712,5.73266085207727,2.62334045220724,0.300254126017845,2.50982578063259,2.26633969347723,3,10,3
"800",2.81191435114711,3.22207453114452,3.50087064066759,3.41843823872596,6.34375574854922,5.21408618334304,6.81536979035656,1.3546800174909,1.27191313416064,5.75930395066149,1.33543113358626,4.22975088294026,3.83086111291305,1.45397192695596,4.63392482649243,2.36512361037431,1.19903331382914,2.46046123404418,2.60442430558488,6.04352153793743,0.751533113523179,2.88984972239972,1.64418294498933,3.05417589766454,2.99059199950083,3.00392889524227,1.84215495951598,2.46797185663006,0.849296220986473,2.63606427425413,1.11644914264776,4.08365336801714,7.62606694576242,3.46757598846018,0.752628127600012,4.99518924829532,1.86767392245089,2.33224081162588,0.987522148351023,2.08293685715319,2.88634469256165,4.80447641547818,6.96579924488879,2.45085294363983,8.72768786579845,1.77474483262369,5.13474384311877,1.38738196332477,3.5216864931927,5.13577562636303,3,10,3
"801",5.47326822782728,1.92036556567782,5.35213298616914,1.47548206884637,4.61820551105774,4.0152108983867,2.1965256796687,5.19148932442725,1.04603351256325,7.29937939819549,10.7619024402855,3.24586567609518,5.76451248342888,3.23730070232598,4.60519851317698,6.15762093870239,0.831778930023602,2.68057439315024,11.1981758653841,2.25120925965883,0.965458320733373,3.85562276501443,1.38317757273807,2.97864147651964,4.34612842117358,1.073111889447,0.184608796792945,2.02537093174757,1.23016845195104,15.6525746601273,0.408560372366247,9.46888722794707,3.93961391873133,6.08392577895643,0.357642503608552,2.18961908848946,1.32087661500632,3.20667579237634,0.592608802896063,1.09772423966661,2.23813033721436,3.00885193444584,3.93000178564406,13.0890573144699,3.34509000891719,3.66267644168651,3.80188004485923,3.06884849557757,2.44600633999442,8.88736834425215,3,10,3
"802",1.96731861163064,1.42615302497896,1.80305731865878,3.90842651099139,4.80566795771439,1.99982066722927,1.54276180500702,1.42413596991124,1.20799620772481,13.7742789485949,1.45184955165133,1.33921088890099,2.30438209996288,1.75390776778859,5.76175686294618,3.84488324747295,2.24417991920599,1.97447018869239,1.94982895130526,9.17275599003699,1.18151297290151,2.65162808177877,1.04868941104466,5.94386300562611,3.77765213109842,3.07259130983575,1.09587880749339,1.47479395949552,4.70898232222984,2.08183546220767,1.17201461705628,3.40453579874176,6.53715951686214,3.96672549281125,0.928312152011463,3.60961756880245,1.97571569157081,1.82071046511691,0.730465109346257,1.89248598464256,2.09121617677482,4.90053797668984,6.76677108085539,3.56083196353229,9.78677981474145,1.5507917580445,3.03420063338476,1.74406152834043,1.81233357108222,1.42877240328507,3,10,3
"803",2.73108123676459,3.37569198572368,2.75650023890527,1.37225628177186,6.73236203727009,3.22694606753453,2.17048370436226,6.20067035219262,1.94815036329999,6.72520529360204,4.7936017814864,2.38481526540235,5.42364925190909,1.73029726097459,1.18245643272212,5.66035707350528,1.53069110380952,1.15052205517273,3.38321720398949,3.03904787577095,3.54170689842881,8.78540483189176,1.37784692511608,3.73465929068849,2.66825950169087,2.91166248800378,0.945551121220608,0.874327897883877,1.2278135713398,4.39970217748868,0.540947361556234,5.56385032234309,1.75707667572434,1.27299472048999,1.87961327352743,2.69029359517562,2.05663357563286,3.04622458177962,0.331080843935293,3.17029120499131,3.78362557171669,2.14727241909558,2.63289911603387,1.91083970356249,1.37670665413203,3.77186651519045,8.07929851904575,0.663057539391707,1.62686422208467,1.6395614270144,3,10,3
"804",0.471703550904499,0.67015850627286,1.48498261859554,1.79973192901877,3.90407098042358,2.94559897843415,2.26922088425336,0.435454273706406,2.11003374621117,6.35143904387417,1.00722386597489,7.87695071499866,2.19176484923857,1.59286760675879,1.93168908822845,4.22478886174746,1.96317660493078,0.716864397514921,1.60048955342709,1.58591325620267,2.26988035153732,1.96963331871164,1.80402243755047,3.35079931469086,1.03911442517727,2.8892042290275,1.39072059283647,3.84986758649871,1.879880952339,4.67131315745915,0.863734007445402,2.95032045864546,17.4392589103134,3.39208356706902,1.58754203910711,0.947803451480207,0.736331514859568,3.10808264167443,1.3747044454817,1.16606696344458,3.67715513690663,2.01152516391223,9.5380698932875,5.31069270815188,2.62549629484621,1.41601780141079,2.97149373374864,3.47715181169254,1.54230791984168,2.84269305253349,3,10,3
"805",3.75414865060438,1.57736705671545,3.28301857856221,2.14633851015746,3.54268096679251,3.37747168884427,4.1685364816102,4.39287102230741,1.92855406864959,6.91768636856895,2.88975017894892,6.85669993009269,3.2084588287367,0.648736346067946,4.18092919286379,2.98014719890369,2.92740410261601,1.54933429916066,14.5884561336529,2.8424628799654,2.11847814999054,1.16505324969179,1.66964854013599,2.51959711159761,3.07154266467845,3.32173535436276,1.08838825658451,4.44509893322433,1.84951552407965,6.57864285127093,4.87578209890815,1.83092619996024,3.55509814141381,4.83770051892922,1.05560095499528,4.62898141051097,2.68912986804086,2.21417434340756,0.317086932075202,3.03526337095288,1.5331590069092,6.74674934229567,4.04779923916542,9.5783506989361,2.90284672798314,2.68219632518625,1.93087157894052,0.983254884703897,1.36890618504749,1.18994999319327,3,10,3
"806",1.89887507691362,1.3349212032979,6.74116474433617,2.99593849919151,3.59317396684708,3.07251017673516,2.49988435525006,0.66035424251988,1.34080084445187,5.74662022396656,1.45045127036762,4.89488231841146,1.52727154499349,2.48063115229928,7.16221115928013,2.95355296181391,2.35415230711604,1.13409381314292,5.27647826762143,4.71031728512021,2.69241152826561,2.76242896340432,1.04598299585022,1.89485148259899,0.716850432223568,3.68177406109186,0.367536081423138,2.62845511833136,0.855551508601404,1.79779445731576,1.16214463266848,8.14804899020667,3.81463985055647,3.43296389260791,2.15725616375402,0.93497905344336,7.1867399712527,3.69863841831507,1.2521740899423,4.80087432012126,2.41067922949497,1.50662642775989,5.88063900430159,10.9612027482956,7.3965555928249,2.22727222322539,2.51193954863714,1.78713785053561,1.08038343281221,3.27169452092562,3,10,3
"807",1.58020562451854,3.97838944878368,1.49556037372781,1.62446569457456,3.73105104626074,4.30299081557534,2.85135941934954,1.91575200314832,0.719037676939479,6.19893057991732,1.91419426067262,3.93353888020483,2.1281686000215,0.529203629408009,3.75995980950678,4.47702525097277,2.03447337547837,4.03506879814841,6.04247601153309,7.6576938865841,1.39033037622978,3.10005737046051,2.59219488440174,2.94140141070967,4.13173392246884,4.12928537510339,1.88519775551623,3.50591854616262,1.23822268177165,27.02336976823,1.11266640360356,4.93861316497968,2.30190936169888,0.90568311691987,0.441213639753012,1.5567821616836,1.3661273272029,3.80730400755722,1.1653223136948,0.67120469763481,3.48259184197442,3.9038055172415,6.81796077613321,3.73490713480652,3.29834427357366,3.94033391485994,4.85184653255404,0.417390520290485,3.26075004494855,6.32555247237809,3,10,3
"808",1.47304099014426,3.96905988324803,3.04782677418465,1.63514865701101,2.92137797357071,4.47741027052262,1.90608943094345,2.65117003786359,1.13769203265303,37.6766190012021,0.692180812676287,2.55206634329357,1.67452841966797,3.02054056658909,1.92774699013408,2.35518745817915,1.54336615693939,2.70192817982793,10.1287624037033,7.43666319189537,1.10629590865308,2.9697968462626,0.866372223622339,2.20145466543646,2.16023676901303,3.36128653074685,1.0760725974508,2.67417464978318,1.46025378911298,2.50008078721731,2.82519150131414,8.5848876368963,2.50895637666178,4.37687146883059,2.92041380734926,7.25873365278805,0.774781831374303,2.90964481504206,0.854261707238033,2.25091683155591,2.61801673076378,1.78270854995174,1.41498300231873,8.23320947265031,8.3488482242405,3.82294104219751,3.95816987451944,1.80662503425309,2.76994466499315,3.42437148572157,3,10,3
"809",1.40679563345798,1.65673188651872,10.3672841738889,1.26046627457539,3.2337836725105,2.5212475379527,7.62368400868881,5.59674540722977,0.827318333678401,7.25438266704647,3.00449234397784,5.11825480006648,7.78378909932215,8.32000234932772,3.30573524715521,3.00170042894145,1.42541086052207,0.707230213837908,2.95871775324886,11.3254982876203,0.804416447396688,2.78811028242146,0.419454033302326,2.02887036784027,3.91809093277384,0.845942355999011,1.12211319086021,1.23247740363923,1.01286958563044,2.68230530054888,0.510659405000653,9.03912505707464,1.71934468458723,3.64116432377453,1.65712658395325,2.94653487924256,1.4840726209451,4.85854932673283,0.926601992240405,0.792911964596237,2.64611963269136,4.8046565772249,2.06241664937563,0.953362840836936,3.42197326858274,6.50343032235429,4.04519321505138,1.37091063520491,2.12458475855862,5.27986631458887,3,10,3
"810",1.8653214330416,4.2824892368524,2.02136888205464,2.64636398919707,4.35244309089058,3.04000692342941,9.72611974154756,3.16229060067879,1.30129973033903,12.3199430010739,1.93253220690919,5.94853934116332,2.47052486293869,2.90156533603051,2.23931405094819,2.24519353501289,2.9032756656841,3.3229477010357,6.43669162317138,5.66813395404226,1.56254325376817,0.966683839558538,1.25968779886166,2.25364282784865,2.67448835366825,7.82863838863102,0.512307003757986,1.09431261817255,0.846144982718158,2.71926755950904,0.611302108976762,3.94489689037918,4.22263392595646,4.43813435354677,2.00062543200766,5.69538876757992,1.03080425135312,3.0975706735581,0.585434373071002,3.67345429896522,8.21185284949713,3.19428938786713,2.70592503762145,1.98805321590306,6.75868846369647,2.27524174596409,3.08776134938057,0.878037395252327,1.81626310661583,2.51752575773334,3,10,3
"811",6.19507195088557,4.47734927841778,3.30483699989932,1.95595779490087,5.03290396513201,2.33736175443836,1.87965402820346,1.69351608665304,2.01922110084801,8.98943194541894,2.50360138072143,8.86307094318295,3.059087062183,0.551671075697341,2.17729721086116,8.19176734133195,1.70950419876515,3.29776562717717,3.95527710211361,4.87401922891905,2.98386369885559,1.99936298498844,0.693844442503115,3.08484668545274,1.56182293895021,5.20537181803531,1.26655960154685,2.59876888141583,1.13184040082101,3.36736816695091,2.36078798415099,2.45732876360603,10.3163180973339,5.23277680959388,1.66326953738524,1.7684105880453,2.8083111074092,4.28126218354939,0.848561157567533,3.65476874005594,1.15984734081609,2.96806520929425,5.12510200483067,8.03107888285971,1.22312587743987,0.868392383490652,6.20802122114575,2.112993874901,1.4461990952602,1.23358334757505,3,10,3
"812",1.06860434016017,1.23559784706679,5.00072316550566,1.98534967220911,9.20203357996383,2.2511346290026,3.12909840634941,3.49037369610937,0.982149940128433,13.6460352361202,2.0903891915579,3.00767862796213,5.02633324723963,1.69951784835022,2.17482108497597,3.6766052388664,1.00192830187037,1.55705051343427,3.18567656311371,13.5028733884513,2.24452956295509,1.1506430413301,1.84126346862309,2.62202267995761,0.861790452607272,2.92661056901436,1.24971426783469,1.64004694663054,0.933378291089172,2.54209370313121,2.91014836755359,3.21102480999239,5.6300673577348,4.01302205371554,3.4047457365763,3.8009366944107,2.47815141917136,3.04492187350709,5.75699147999176,1.07110586056433,1.45921562744454,12.3744658623754,3.06202953048543,2.87020055213762,4.90228737470758,1.83318929054185,2.6820515772862,0.411388389806895,2.26217322642641,3.7131715239672,3,10,3
"813",0.733141152015535,3.71586764844521,10.0750685310603,1.75029127919555,5.8253938135909,1.3867486687854,2.43082042237202,0.644624523054738,1.67696919350302,7.24427928921696,0.587533439214613,4.6278080481514,2.78763701069697,1.4504448052306,2.61352016471962,3.71349886449244,1.52234528311043,1.18300165871423,4.95998392285959,5.84706399983921,2.73651766804665,1.77941258464885,1.6481523125,1.95757078969994,2.82510514860148,1.59525324442934,1.32502202291016,1.12659077497607,2.98836598084131,4.4098769833473,2.17785046684423,6.37377950455494,4.82510698217352,20.2316306021394,1.45024287775205,2.23292315564977,2.92218174955861,0.577647109239581,1.09929775925625,1.60771091415358,3.87691645582745,2.88300109572886,3.84928867488175,8.66019964865981,5.04049419498105,2.41925485089981,2.36525145873258,0.808769451571694,0.838635970428992,4.37996752317153,3,10,3
"814",1.07807371552821,10.7811752294088,1.92191753097757,1.2663917668392,2.757259472372,2.12473499862773,2.61840707877072,2.36273681570743,2.38815767227267,4.28665930542874,1.43461406444979,4.1270514346694,2.87410111472,0.271267705261184,7.47286101269181,2.47379712091382,1.46491380924048,0.633754764271924,2.65809558186717,2.29799307612045,1.58532081455542,3.18110303269382,1.23873984306982,6.98841333324877,6.82531230404474,3.72777286632218,1.53237453079146,2.08368950846666,0.432468169532384,2.69271606230827,0.84737336920908,5.15939755856113,1.72732703289592,6.62396880209479,1.71672071067534,3.87623468979607,0.860009918606182,1.5486739398157,1.71361702485985,1.08019987202404,2.61292327285318,1.80078149777369,2.8656460881538,6.14515911009841,4.95387663436936,1.36799454368233,1.61158967554725,1.67710290221885,2.58471029851031,5.24486751412719,3,10,3
"815",1.50059006771629,1.00685920474266,4.50837184978651,2.34511171003229,4.11168640741642,2.01261259356105,6.15087939379106,3.03164645452763,2.36641438015883,15.2685716455047,2.13133782011123,0.400646060768439,1.03553967718019,1.53896909774537,2.37253364623193,2.25139834076411,4.19362639665306,0.953353260224315,0.778801826735444,9.58651431307509,2.16869784272712,2.11618919123624,0.981452236248772,1.23536349031661,2.89731786452458,2.24703512871456,1.38690113576226,1.74957063856547,0.618241427315334,2.98707279929021,1.4519954771866,2.40618827192228,2.24399017619978,3.45986877664489,0.893623629182012,1.21006905623021,4.46572889049659,1.85487237103788,2.63852314072956,0.856847317209429,7.18024392342158,6.89711098019141,3.61119019644017,0.945279690506591,2.9611619582345,1.75225059966657,4.2184895162821,1.79923014589154,1.77435819334588,1.81643450706979,3,10,3
"816",1.78391604780733,1.61605133684712,2.4437605488874,1.47289445793154,2.86398688178578,2.43269498563048,0.856712199428652,1.65016128147824,0.928199163652934,11.6484802106004,9.20092897207875,8.75822069607013,1.01792664656295,1.69563875439116,4.54912236569163,2.94130393115198,1.17763541616231,0.551596108314413,1.92498582501318,3.42345651770974,2.56690571401869,3.26765765242942,0.657511712025977,2.38537946991938,4.00372717344539,2.48135763809796,0.829746861824657,1.95442170768459,0.85931426835274,6.1684705125634,2.39142130691928,5.6528563978269,1.7406538216209,2.32459461973929,1.65576465347633,0.84860611318922,0.279135285853146,1.17455508263833,0.529467935635384,1.15069723199384,1.26879754682026,3.31789511879084,2.35541762577268,3.89736983285439,3.12504781121959,0.80766493401569,4.26633895330946,1.15157609711721,2.54131714845828,9.68411302496971,3,10,3
"817",0.233461465844594,2.52334416630815,2.23320138594168,3.85674233069714,11.858591814171,3.75250416125394,3.59523202996955,2.26494526164354,0.93904681704557,6.0942445141215,7.22658097325752,9.79087651319063,2.77598437830214,1.76986783975475,2.44821123762282,4.12372868907256,1.67918831034804,1.22047598755982,3.62192178938283,2.31522638185354,2.52867095067004,0.930756277069226,1.60057251538629,1.14216833596392,4.02230443032408,1.10461116466552,1.49703658176451,3.57211598118574,0.707913314560538,5.34985479682406,1.51531655090584,5.58422290096711,3.60460014173897,3.25866183420888,1.82550332652171,4.15132464623137,0.926746218916097,2.04941193603044,0.711205173715439,4.72398152507156,1.31169081566996,7.68221907368656,3.49642695328924,2.431617670872,2.92335221802793,2.0619182596433,5.45096671153861,1.19907619057651,2.0466975381581,3.83016157729616,3,10,3
"818",0.774685532486918,0.773669546027995,2.49483352812689,3.6849317179015,3.81600098691906,6.02437797314967,4.7507191088431,3.9090114705255,1.27997888583724,4.0786930179659,6.16132504415445,1.38177587928671,2.14975248788471,2.24119203686551,2.11965418890006,12.5783390519807,0.920681577465399,1.72244967281587,9.94534640585015,3.21710699270264,2.27466453116913,2.97417262230547,1.33596712152311,1.76637681376586,1.61648948363772,2.31002405435725,0.349043794885689,1.48570519882407,0.729796280172329,7.58151478708499,3.55998908123615,2.89410918620117,2.7288736866302,3.7409601303569,2.26267485408834,5.70130242762457,3.90942763813298,3.32847859721968,0.436184038394329,6.89379025877507,0.843842752221572,7.02520965622729,4.29915122416582,3.94552320421494,2.23500495857085,3.17988229719004,3.1825686217602,2.08828192768033,1.75068610190979,2.94337315966951,3,10,3
"819",2.20878178536356,2.48155860235631,2.07776995736453,1.36707656294701,3.71941299732662,1.09741331655021,4.16327602532119,1.25197357642653,1.86641295589766,8.84392224960509,1.20116663563451,3.91016166429057,1.03896743638056,1.9510198631797,2.56746738669219,4.94295526204892,1.68733747088048,0.482339055367921,6.91029283684604,4.58136490345741,1.06613421699813,3.51821397753552,0.923348861260823,5.10315491198808,1.27475033307427,1.87302127370361,0.518662882512392,1.27332038963099,4.77601448921373,4.29287335669574,2.68790317023678,4.02428762285833,2.99593644336967,4.97019556738175,0.657874802327062,1.4192929508812,1.7635974889361,2.50442600873131,0.577318628851986,2.25636814865998,3.05506773840138,2.45615220923833,4.37997271112882,4.70258915529095,2.73904078343437,3.61421164356602,9.45217144610213,1.00802640220493,1.72167802914215,8.52028052951809,3,10,3
"820",1.68445613580672,0.815172024645753,6.56902470734952,1.43261193375095,4.16283897704323,4.07637918314106,6.83496235673336,2.85727521748698,0.781029680099136,8.71106645823371,8.12390667100521,5.09044622620649,4.04745756662399,5.13764841103056,1.87484511204866,3.90272330999706,1.56580608146698,2.2881949272582,2.41178730364047,3.09687711061706,1.80706951171253,2.38987428871382,1.40230317953683,9.8679106133654,0.843500210555755,1.45949248222105,1.18169046355447,3.35164371804028,1.21766586439283,6.99983736760281,1.46754604342729,5.79058425629284,2.36942540105851,7.9728315695037,1.88467498510525,3.17693688791879,3.37242916841368,1.45404487944385,3.46504592925308,7.98166042063251,8.40417310878679,3.14575196604133,3.24768183760738,3.24726031764159,2.69929081846513,7.86009303660234,2.97581365364295,1.72654998708314,1.95408304624804,23.2025911463168,3,10,3
"821",3.9050956614167,3.88269992994312,2.30911785662449,1.56607249804201,2.32441826387952,2.41129447075685,2.46710475871413,5.23554707279686,1.74297239561143,16.2186197524886,1.24622816725093,3.55399536244722,0.680654478901126,2.9916610595598,2.78004978268781,4.49848821895147,2.40311716366263,1.21798809118602,8.95377388066152,1.51096578069662,1.45832583058786,4.59761080068468,1.90207320209303,3.24775033710588,2.13784776003747,1.78437184484211,1.79959863391513,2.77806393112753,0.754814372682146,4.58771636721518,1.41425657910438,5.50260536069082,4.64401143131417,3.36415452287086,3.08854538049549,1.25155506845945,1.17631390257177,2.55764530924622,0.29816723832858,0.961215141241354,0.824340274897608,3.24455014187979,4.56931758270718,7.18013122933035,2.79941482054911,1.29190592729817,5.05193374351825,0.490247996927883,2.14248144315529,1.41320113089512,3,10,3
"822",0.914276326625355,0.611876156798744,1.99203951492583,0.519274521776869,2.00069419376651,8.77291665827036,4.02136683378511,4.15240376249352,2.66736174755294,7.31247704603308,6.86187771453114,2.47160978317853,1.34881951324964,2.3519690430064,3.66022333524728,6.73962122699768,1.22942554594322,3.06013523101515,2.24479270808349,4.87010329278876,4.13711162360554,1.32839360974753,1.87044788102903,3.8910722663302,2.73271673765225,1.59333074111394,2.89182662209113,2.45156588415997,1.04240948334467,4.46026069985904,0.662849387314092,5.16156743615469,3.79737058370062,2.47411843132748,0.720179124814072,2.0760536828938,2.04705582417989,2.71640861492712,0.165461323136855,4.58853398500768,0.887572501574184,2.23118746112782,7.21820613924589,0.746441292851895,4.01594775205976,1.06848591011127,7.039618502714,1.87787325190238,2.82345875455324,2.97112179204808,3,10,3
"823",0.554690667980944,1.69355835227519,2.79423423316406,1.54860964163467,3.57133124913565,7.6334763903923,7.37454197521193,3.3968706624743,1.79639156445533,7.29814768611175,1.44550940036988,3.13827248512588,2.86497440846831,0.69750578550944,2.74264719650268,11.4892185935237,1.11478012396368,3.02839306752312,3.80499807256782,6.82799843952444,2.51679856247476,2.72809395527702,1.53935450618169,1.67315716983025,3.33146183123356,0.788388402074543,1.02609615547144,2.91638019825597,2.76373047003884,9.12407512170383,4.65042176986716,2.56014575541622,3.49414101031028,2.9113573903255,2.25770143425425,2.77769309208936,4.22586519323015,2.32318436364385,1.65410999239136,0.41154862144627,1.72605944632468,1.24640191875826,5.71484561316659,2.91611078784341,3.76009536820815,8.17687111385952,16.3264327169553,0.706466383473514,1.05605298578899,3.66599562685497,3,10,3
"824",4.0879058504932,3.70513388123081,7.62201986149906,2.04307339177438,3.35876985729757,6.16985305654454,2.70687460234663,3.08178513802659,1.69213630019937,4.56752901300738,1.83634127079294,2.88170212181145,3.12153149330213,1.55074072349028,3.28463955678578,4.15340705424699,1.18193828556383,1.56049040164927,6.66148934376796,3.29145781343729,2.29682695453913,3.66003311744125,1.01294688861186,2.14418308386842,1.52048217777311,2.86734588901936,0.437110133430033,1.67375533405482,2.05047467099578,2.66655012775795,3.56673298949555,5.80554892993262,5.88836215164185,1.19193617245654,2.63215680449127,1.39858833766225,5.25639656245761,2.79130487215363,3.10753713362144,4.84740406686263,1.75473988491777,10.6563268851426,1.91165927845165,4.60026979669603,9.54481348100594,2.92311961476658,5.82957938033453,1.49472688692737,1.62910521194011,4.84947246121661,3,10,3
"825",5.44079211909876,4.38486829578872,1.21212185205362,1.01549860864303,6.57848746121369,2.49851901098201,2.30953266498779,2.58007683681938,1.84609497799939,5.70690310724423,7.84418740645933,4.67437615808644,1.60895209342187,1.01036197078527,4.13049770533422,2.8602538828532,1.92051560868001,2.48842734244498,2.23873798645209,5.2405239429786,1.33998676104569,3.06000069193255,1.14462630370445,1.44282641977667,4.04923062406983,2.16547116863902,1.08283486562736,1.61155249297183,0.884930877966508,3.78995038900062,0.181835720720894,5.51370737041893,3.48973333429873,4.73416923219401,1.12311754152237,1.74436083957507,0.319536987312364,0.337562803926718,2.22711871067612,8.02902984100297,0.989419437303994,4.54657326360258,1.67551712579008,2.51639495821148,3.40890462567757,6.25093778601773,4.00668852340736,0.453830198865664,5.17568546556706,4.46932808785041,3,10,3
"826",3.75800590794814,0.53555477004921,6.34908885966242,2.016521046176,1.17112167574982,1.99823402151026,1.65287688950417,6.40881543069522,1.49510229436463,4.79131652412662,0.915248571659352,2.15471977846698,2.22778990574905,2.43581551049688,5.79283438783864,5.66768834897181,2.49514798880709,0.381889841114574,2.60637213426854,9.56265540278877,2.0809649370267,4.50270652921523,1.79564133613603,5.03068584293411,5.59255959518129,1.0771671995641,1.5748039829591,3.1024632989835,0.775149111453639,4.77922400825664,1.27694335757221,9.99068651305999,6.46370768883336,12.3198466837877,2.52832346334043,5.37980364422657,1.26790862626747,1.10374676815983,0.464379529881233,4.39938738676657,1.07999046201451,4.05024267865011,4.38512786674418,6.65237796278137,5.22696588976823,2.70257971339121,2.80571343495454,0.795147231116312,1.3859989816613,5.42894888964439,3,10,3
"827",0.980846982961539,0.605329308250457,7.19700514385333,1.51240235690864,4.4075127159934,2.16938858960158,1.53711065949228,3.27887968006333,1.42477120162488,10.1111166303289,2.99097901139787,2.75869869848512,2.7693252766053,1.6684910913238,1.78202143090434,2.85305752298265,1.98875448563524,1.79285406252649,2.26728632671462,3.94422085871756,2.73008764216873,1.94968964842609,0.654995376312618,3.07148853527461,5.0715043465412,2.26454190291731,0.691507583614528,0.920803437213145,0.541374588468545,3.67299961048941,2.02516151497101,11.6643795712658,3.87138782197916,2.58651559829236,1.17440321452761,3.68276879934252,2.31498457867712,4.87567997995581,1.45094227650276,3.61401262796607,1.11440911997316,3.64532201794666,3.37540541897864,5.25900609720909,1.95330587676768,2.18846075053242,4.90686564841877,0.346095347337235,2.73261043415578,2.43226229257608,3,10,3
"828",3.38296131866113,1.60958358200775,2.07633367862724,1.27050227599544,2.29376457945727,4.1945275675607,2.61438377701835,4.76174753608874,2.14492840707451,9.52106838978445,3.88863380815457,4.98511789884826,3.44976596160843,5.64873300465982,1.17998533817906,3.74826840542079,1.6251069953079,1.42144821168314,14.6740655930614,6.70930669156526,1.06203585201479,1.89566231083602,0.385157544538759,1.30622135309841,4.02662885624591,2.06705703467425,3.87058353884035,1.42965199159031,4.14471013349424,3.20749040627434,0.616881965927242,2.80903593313438,1.82117070628139,6.21942531436978,1.34843369780502,4.52078612578966,3.97512787763215,3.8429565545688,0.389139278824368,2.720849027574,1.29812778866614,2.31597011230915,5.74054175248617,13.6953444469381,2.72733683564275,3.01760710711578,3.87010597921235,0.985344733100966,2.09202147915324,1.75174579523093,3,10,3
"829",0.663554139333729,1.71141010272148,3.69701525897558,1.25698993357318,4.8683434780996,1.89658458908019,3.0837343718389,5.42375197635154,2.11155912688696,8.51494220024521,3.75381374807935,4.53748411078747,3.80359344176958,0.645785209545686,3.71659138996337,3.11286874741862,1.92487946613786,2.17275503780367,1.42215979261065,5.26970470356565,1.19299702796047,2.62382374271753,1.96351208679111,2.56953611369334,4.41307905837154,3.47871924046882,1.41712966446836,3.6211092217829,1.55747513287821,5.21156260661367,0.227584164528374,7.13168295572632,3.03954595631048,6.34197830184637,1.84794565352865,1.58690733647741,1.26952687349155,0.620547404867203,1.94357010964175,0.747855556126868,3.19618111273117,3.7644977443812,7.55485194178356,7.74359132991677,9.70252805256125,3.65449231145451,2.48597018374255,1.88913247328397,1.54891769807481,13.7450271115483,3,10,3
"830",2.32878724319873,0.384513292417007,2.22055619753649,2.61904822865197,10.3884261562679,4.86467389761669,4.68973283741076,1.97126452116896,0.685128203635706,4.19087570365046,1.18762904828023,5.02552298896555,4.34934842462513,5.69063446364723,3.56656514892602,5.32693700555016,1.70824767196879,1.60598288948892,12.2363020762294,6.45193640441331,3.01062479340241,1.14913231722525,2.11521153265617,2.04066429598188,1.68446294946886,2.99832926223938,2.73727607310866,2.0418410700484,1.38031769299134,10.8494088410177,1.17715513897847,5.18398763146243,4.55701408335726,8.61963789067776,0.952611227638213,2.29670726489677,1.39242611162834,1.46106318349283,2.33827712704948,3.99021198900125,2.53028501764374,5.83401237548049,5.10110271452789,10.7489200474196,2.7761919739893,2.48084534802322,3.4621003224879,1.48701026784743,1.99171749650623,3.60818680585245,3,10,3
"831",1.17867250611968,1.28728087379903,2.48541954045569,1.27563123230048,2.39918072774353,2.75294698103695,2.98433092918145,1.4673877858201,1.82165312523655,3.25776656554771,0.437838383913317,7.40655099749382,2.46085666660804,4.89745024883944,3.9277964133614,6.15760778056481,3.58688275931409,0.693264939949862,2.24608650759389,2.36655200403507,3.39451361480005,1.37141122770925,0.442333533268748,2.07642686234979,3.89636667192455,1.71746881933508,1.76245008036628,2.19147880474241,0.780326539960477,4.39725187002959,0.781717644616484,2.7846193211438,1.14041407295874,4.59121495085689,3.78327922431408,4.51118413619406,2.99936910831731,5.28851728569933,1.44231088960709,0.813132199092612,2.02692448889021,3.76501703072089,5.55983031073618,3.84908158652783,2.18059151932802,3.79111479413768,4.04119776372243,1.12572321798466,2.32187178399488,3.37707042583627,3,10,3
"832",1.39302305896224,4.19714842252483,2.39035720224426,2.44260377419513,6.8272019907635,3.73794611613713,1.72063004694731,3.31542548477078,0.982652842403794,8.07111450302446,5.14732197036601,13.6860210642582,1.05973923825936,1.34835970904047,2.21180702187197,2.11822720446577,3.14536730093608,2.20579809406445,1.40113577575106,1.57617264103051,3.46102514518333,6.27628774094586,1.8462980886672,1.83153662869775,5.0042813998337,2.20493920976162,3.09194928434361,4.22098077222612,3.0595459656418,3.06798172759633,3.44903041375251,6.5996572544191,3.52698994649231,7.53570377400124,0.641650400418068,4.03510336788065,0.29334431218171,0.549944876817095,1.45331404460451,4.51219668436925,2.45180426783159,3.51290409662758,4.30980189147649,5.38472452185115,4.3923728564866,31.1471299768272,5.62164181973677,0.826520714728514,2.32555576557854,2.14530236434405,3,10,3
"833",1.15622730424009,3.37458262145575,1.97736783510813,1.04312985150005,3.60698393167634,2.82866778519415,1.43408827415265,2.33275560245187,1.85049006975382,8.4475134506783,5.07829940657554,1.71161032511141,0.487955372296393,1.68594546448904,1.88314876721367,2.24438826302101,4.24224089598747,1.03539482274248,4.48197299792171,7.42441608080991,2.06016477349074,2.01371267236494,0.875061540664901,1.64688880016138,1.76293074256009,3.85772946555412,4.43477325624465,2.67031684150357,4.99092852043216,14.5559792660755,2.42200956295441,4.35191876209075,3.80341885447634,4.63627736447631,2.50126795215983,4.1429112646222,1.35732941990957,2.40983650170222,0.980098187510311,3.89147691193335,2.63292522516391,3.671187457761,6.6461504388226,2.28660639242196,1.52969104705668,2.99413897441409,2.2842168675387,1.56797429089371,1.74323274890523,2.84645503034989,3,10,3
"834",5.07195003165168,7.29583198310902,3.25853209770348,1.4423224776222,3.80477235890643,2.06503407445259,8.51852869090839,0.401805522815552,1.38246134724098,10.4769204642484,4.34904979421307,2.97620328075267,5.28376176743354,0.603677809471974,2.06680130561119,7.14526156779793,0.844711721558215,0.690731935568849,5.13458504640356,2.95677910210452,2.5147464289941,2.14176497723424,2.32774850470611,5.12847832062245,2.80630235187733,1.62200690265874,1.01718940651415,1.72542752473387,2.09433426671137,5.83695827203338,2.66686184608718,3.31223276623652,3.72197541370426,3.05367714831794,0.702889369335668,2.23488461377275,6.75465827870366,2.32805126210746,4.03666157202508,1.18733371195508,0.650404830656983,4.8031589818136,6.28334927901959,3.99301456847579,0.857753790168749,2.41168072034671,3.53130533416567,1.28966185301714,1.91952621838747,3.47806212880544,3,10,3
"835",1.01774909773285,0.78223600016322,3.78566498935142,1.70092576398429,9.89710488438465,5.10256162135741,4.07039865568784,2.45401197811083,1.55586905803854,4.84441813825652,2.48899426554737,15.2505929524905,2.54203423717593,2.87679085380014,3.08665981319194,3.09316958113822,2.34183092025652,0.608150553929002,2.35138250453507,4.5985418819078,2.48663998348099,2.8898391285035,1.37680345031154,5.02557757224683,2.26488317916204,2.33882176967419,2.48449658499802,2.69551176149144,1.45202839724557,2.15595689376099,2.57235115449554,2.41998463485697,2.52799388684282,2.81271886096622,1.06085062065494,4.82263911493002,1.87270646589349,3.41592220245907,1.08866244404027,4.50865440243797,1.92608310346203,3.91989087135563,6.07091262211482,27.3757515833247,2.06939793406163,3.83850194287812,2.00614908068799,1.42745126545248,1.8095847586501,1.64831941662853,3,10,3
"836",0.432074145559471,1.21441675984739,1.69010235735406,1.42293926087354,2.41341849751833,2.38367072758738,1.17567699596097,1.44650701886683,1.0803584864566,14.704576725541,6.85593094845403,13.5551365907718,4.49312357220901,0.604295691944482,4.81471760953821,2.12727820801813,1.26855510264641,2.20869074520907,4.08473401117013,5.38487963998569,0.797280492120625,3.01667398831064,1.83544080426409,3.23119994136629,2.48954364661869,3.27927370954252,2.06007937779598,3.02959935428666,1.85279872552512,2.51918108706077,1.9765585385709,2.3962339581612,3.07407917226554,4.86304009326948,1.83603069784045,2.02560030334039,2.02418878172803,2.9279788770545,1.75710338407898,0.908737719610036,4.07172921735562,1.18007672922786,2.48161124467612,1.0887201867877,2.77870404374991,1.57492568965953,2.68993311515435,1.22677810917563,1.61929348265534,2.91352847738018,3,10,3
"837",1.83041937188605,3.73178688923473,3.29455891966579,3.39735416311457,5.38143362935409,3.3954190340494,1.4888680626393,3.70566992146181,0.46462351927565,5.36389462790256,11.9117056790338,7.36198862443598,0.673210789150444,1.26733508786518,1.04762707125713,9.45109000251674,1.69055952280089,2.4295610103271,0.849225833706062,8.05612674915401,0.309973408773819,2.63175692217806,2.47940822126644,4.16361973535552,1.283509369737,1.5792547781879,2.62866130268696,2.62501226933361,1.54650751784654,6.60354926077965,0.66924130684981,4.84611241313416,4.90226931700152,10.6911459337477,1.95928084708708,2.36867809012723,2.32535867497837,4.3986535513307,0.369125332959001,0.844886410902393,1.49868224242072,1.74386854218506,5.10284046123539,2.26954188169215,2.74738304247205,1.80435517079915,1.85448206645879,1.24621349626773,1.6878963627308,4.73317547624373,3,10,3
"838",3.4156498094017,4.78030141335256,4.77634870785352,1.76021256887449,2.62215569013064,2.15323305070943,3.52807485029994,2.85326218276641,1.2165459911317,4.58789235267459,1.59841193584479,6.72873994115438,3.15456174271413,1.85861630508017,3.01220521356817,3.98054785849946,0.672895867812794,0.535019538077583,13.8054146735293,11.1145559792285,1.94937481256376,1.45436804147076,0.364422425413496,0.718371756399404,2.80706345659918,1.7653492144161,0.663377289967098,1.89469506429009,4.26685346423975,4.49021644345585,2.21258108050661,5.21340124173397,4.24597203265591,9.45306911078094,4.13279580465004,2.74762622719381,0.346495144454445,4.0679968927209,0.367968755367722,5.68256269321214,2.87315856381497,3.13166833806474,1.3249222000642,6.04434875549704,6.51911844946012,3.14169451554051,5.64627323700722,0.695817641217823,4.61676931640863,2.1046745166402,3,10,3
"839",1.73499306693969,2.66365055029364,1.65954893820667,1.7235305773092,2.38058201368783,2.01646186178224,2.28922756137637,1.3974689069086,1.21639428413296,1.92418992072951,6.26973145500074,13.1124091475276,1.93996113827872,1.37164491344678,1.63635384350721,4.16747625342077,1.56019079268649,1.83403146247307,1.11079803887822,9.84760197804639,1.78902283272776,2.06667695365372,1.65826123205957,3.90236267924985,1.88402711801817,1.88111276776272,1.36830519057679,2.32632052543792,4.70809960060859,5.57327367736495,2.0794228819857,12.8260264021045,1.90933771677001,4.36680521824165,0.930128737254971,2.93849983042803,3.91054479301543,1.37137075572841,0.730220778053129,0.883083340381995,1.05983079173384,2.39410620636319,3.83283302762957,1.80662389606706,3.42173932422779,0.712400312702368,11.299724400188,0.986545792857672,3.80638665804172,3.7252957223891,3,10,3
"840",0.928961194227332,9.0301196575313,2.34366246720101,2.35233250280555,2.87943662867932,13.3206206895369,3.99755361849396,1.62321299071211,2.48018296470306,8.43251619794273,7.06969397028037,5.94898796418527,4.33664045187469,2.64598758664656,4.55508639727555,4.879489310362,1.25431405572171,0.515837937687905,7.58615429061935,5.31030280168251,2.75151506995652,3.1426217302553,0.7858435459481,2.11432641027456,3.36468382654157,3.10045388926938,1.90260400229538,0.972150144760798,1.35762805202052,6.31356524147545,2.86943748600672,3.03699787100495,3.6935922380324,2.29811398447615,2.62476942319214,0.731259041620096,3.05860102055631,1.98996832510683,0.171127237780224,3.64169260608245,1.56484968913453,3.18778680369744,0.478147018218791,1.63183255660129,8.05214880330052,2.59593002681109,3.38350701192389,0.592113866970387,2.15875165164889,3.53148771232363,3,10,3
"841",0.588069427140678,5.41114135483938,2.34129400977922,2.14512388571922,3.93348181623234,8.15791133380265,1.40737443208103,3.89774126978512,0.744009059584698,12.4010254134338,5.63652636403941,3.91371641251568,1.76751194367939,0.597581302126552,1.4369103595917,6.06398440884774,1.33522003629047,3.44548756259561,3.94329527057101,2.15618854622474,3.67408433329744,1.95698669877191,0.888565702186709,13.0866702804335,4.44691569514086,3.39866410245374,1.04924681820534,3.37719405175187,0.614225434405647,2.23733089090819,0.473999332665516,3.39540960692816,7.31462446227726,5.5992751758858,2.38289410305844,1.9099299529846,3.9522183318425,0.568957847272105,1.86100476825518,2.38488162701051,5.84859697718744,1.33000880106159,2.73804149703691,2.41717382449185,3.39336736558963,6.57628432289614,4.83262699134243,1.02794256838563,3.25869039673812,12.5417877326763,3,10,3
"842",5.03728170552559,2.50353453441991,4.97537904788278,1.40440367086654,2.56481329096548,1.97587949808512,4.31118812143958,4.96054279071214,1.47074241104768,4.33189898186237,0.768904969146737,3.15652324271795,2.0563787141923,2.268854573594,2.17903719855963,2.32580336725539,2.9112131962111,2.53159291427558,3.24822708872024,4.10199716199757,2.32547503252692,1.70621051045499,1.43446962512366,2.06023225263746,2.70223169826013,3.12255360103081,1.83059813452824,3.36422357412714,4.07018563301992,1.34049886166534,4.47990117882618,11.2963850576671,1.69937562289791,3.37443361887631,2.17329784297119,2.00285534208991,3.18660844566264,4.50571571130378,1.69107444867155,1.00697180558338,1.14228618130042,1.81280018282723,4.42593747787694,4.2399145931166,5.66180921730726,1.82119972182644,5.96168047976306,2.52976820823506,2.37563066177894,8.52349681664277,3,10,3
"843",1.68593689902603,1.49466390091888,3.45806048070858,4.07475939188903,4.65796903473029,3.66331506491892,2.5085013063552,1.5023035564758,1.71191983843282,8.87322615535324,2.56783664570599,5.74857353404859,2.37255400316857,1.27248700684101,0.533847446921183,0.985478286718234,2.52169243720601,1.99009250957214,6.99098180850639,2.11371806346316,0.188824208801364,4.43898301731277,1.84546248612103,3.1647272438993,3.02725736350354,2.26890547607098,3.74187230566313,3.40963671454212,1.06122345017021,21.3537588941175,4.73969852394919,4.39529942919271,5.46592729677349,0.588073840788612,3.11675612534536,2.56648872725863,1.51940968734503,0.408930090321625,0.455864069347652,0.866791346660161,5.01734996945633,2.28384206613117,5.71330285104812,0.782583068068699,2.01787697721376,1.11146366891928,3.93988397578647,0.904860450734607,1.39856666617684,12.6455108352732,3,10,3
"844",0.475788745704712,1.10143627522648,3.79916392435135,3.55299690257516,1.17912388604198,4.59538794662781,3.57231216332637,1.36998470841233,1.63398523992456,5.71410853180387,1.67693315382693,4.90817703257857,2.79321452515506,1.35950461501409,1.16142191975879,6.70940175836817,0.7301729466589,4.78371599443192,3.68842669238439,8.88020244725551,1.24011460282136,5.91270555844207,1.7001392056861,2.02038842067788,2.27730918062755,0.943159310079145,0.268488948516352,3.12098099794865,0.417957661281077,2.94908935182543,2.27973007699511,5.43568270539162,7.46999079330689,6.20389467356062,2.56142963274905,3.99917016377024,0.450942308072401,3.64976170151152,0.608905136148775,4.24691524622272,2.74734000842932,1.61021610883412,4.1432410448565,1.12552254020438,5.26236453380117,2.37923530284952,12.5186368526683,0.29584780572817,1.85592352866264,1.86350210316374,3,10,3
"845",1.91088762114553,2.72853732172534,7.03741763189069,2.6134264417107,2.10228017409797,2.58251615705373,6.45483590801864,3.34444523032668,1.19252557339572,6.87067550425366,4.58844229406643,4.98557359337419,1.43598377782824,4.16086765191624,2.19693853356203,4.15792513677573,2.38922157486143,2.35305340822441,9.76915189644331,5.59961550742305,2.85182563797497,2.12405126108834,1.36051090497667,0.991141980116552,1.97717707243324,3.25089580715562,0.806158646807306,2.78124121498117,3.06301867746452,4.8712633497393,1.98279915248082,3.2536198167884,2.02051495828688,5.17220696342651,1.7691397323638,4.02901082575263,2.90315700204371,0.74429798123927,2.39415495786213,0.668464814466039,2.45666962395615,1.97968828887761,5.0879399947406,5.65262942043721,5.6006949690492,2.14361425153708,2.93807658868284,0.771578870793595,1.99401350133021,4.04351277184779,3,10,3
"846",7.47155257345147,3.68641755868638,3.42419611468833,2.21352018280923,3.61790589053854,2.77465056773015,2.69570610984683,0.365024881076961,1.29073991137365,2.80582317034234,0.64581907765292,3.95616270306953,7.56168361151625,1.04041752614788,5.33180243210652,8.10587356322019,0.859565806245584,0.920219107362624,3.02728374992164,6.59263017759839,2.02507836980932,0.96738153729349,0.526166957957008,2.20903773015302,3.35404418723639,1.60377383747686,0.970818636943716,5.1533472487758,0.798149442768389,5.15893247386648,1.13560618500525,3.6002253225028,2.01741204076195,6.84331132750256,1.61723576338909,0.639334794555344,1.16797392172549,0.416961545860467,2.26575887129449,5.237865294466,3.60523810605273,4.87420396089437,2.38342159257371,3.11392282786427,5.25012483946544,1.86819570197092,2.83155233695894,2.15279081913313,1.46114828844614,3.53827839684218,3,10,3
"847",0.673009662066785,3.08181641726552,1.68954096873126,1.59179610663383,6.92421537949995,2.09657125347749,5.9432458880981,4.2957002548768,2.13558144389457,12.9278130606477,1.57512056614675,13.5398802150093,1.48986052014344,1.11063751314628,5.47361791672385,5.26463158468715,1.86029208343185,2.07273272759343,1.3741983789457,2.39985257938424,2.39384764504102,3.04727687289808,0.998352359207153,3.69868037028085,1.83306573787626,2.53407165475883,0.627736938830677,3.89199170141005,2.24659903146693,2.96952921481222,0.262824621728089,4.63260865719743,4.06275291128881,3.38056809556093,1.58255029106726,2.1500202527466,2.65778196950087,3.06405339804457,0.11141947373735,3.3625125281386,1.0034118053194,4.15157974484839,3.60327147556705,2.20029622339084,5.21509185788159,0.942358537378776,3.49882154979009,0.308820464067343,1.13782404412892,2.44015886023554,3,10,3
"848",5.48828439865588,0.46266991021906,2.66572169529151,1.58817820393153,3.85942308992012,3.72691960404707,1.59702298298423,1.15969392653457,1.20420015664687,7.0895532815711,1.19472367217387,6.81548784461415,0.853708626469976,2.33184124461732,22.017365386876,6.77203827098761,1.50245423740737,2.14352931917077,3.49906969013326,3.57874751944977,1.0825492338391,4.57470379844567,2.78089096117853,5.68786365221361,5.93658684350519,2.10818397309649,2.12789232977426,2.76865088938496,0.8253675355391,2.17131406865886,1.29841009838998,3.87328827509418,2.09486583499942,13.2873341260604,1.26667755692108,2.43590924146391,2.99121713620495,4.94843931513043,2.16751023053484,2.21924474752063,1.00451076103071,4.8391113604113,5.78137121311692,2.69225214642331,9.26218118866202,1.20408135149597,3.62666976053242,1.85441768202357,1.90167784066078,2.44484171097744,3,10,3
"849",0.825102169377951,2.98006185018938,9.75554373270693,4.25128844224215,3.36647354993817,1.59613720310946,6.66673251751308,1.64949821150508,1.24749644619667,2.26061073292805,1.82616425965515,9.74038803003796,2.3508675276194,0.696536954710231,1.7247093539376,6.75777335462352,1.11772209788718,0.233509690805833,2.38253744884525,6.14238981343178,1.23804518945808,3.73425105277721,2.1215659737428,2.46292744775764,2.08551343426043,1.76375268840985,0.47462943092782,3.10721059459988,0.902100844535473,4.10158486770047,3.89279558124238,2.51921313793508,2.53114727561323,6.69283098674587,1.66205822551148,1.26491536113887,1.42366375441595,2.30346827710364,1.09023218485452,0.737350346895197,0.705015932457583,3.28385025185768,6.48379253443681,3.93530909875623,2.1560232444913,6.03214493759932,3.09803951814485,2.31379700812386,2.76740567679804,2.449327770454,3,10,3
"850",3.27604609797351,1.26465082591226,9.38984940797938,1.88609965615121,2.48012277227654,2.24636174337642,6.05913143668952,1.53595041854202,1.16608860444163,6.8669430143653,1.5432193438459,3.44807238198509,6.30772067156725,1.38459086357942,3.95047665936097,6.18925673962327,0.962167622617491,1.47343262038904,3.02405782519044,10.7169234145197,3.11142135879023,4.21797975046046,0.125875062429899,2.81982255467278,2.06217794589214,2.75564902482882,1.21798812089439,2.34061220803269,1.10907601626785,3.64273645708283,1.43914909197449,1.6301266603764,2.28219025401982,6.17805224275826,1.76536378462433,1.55694701388875,2.64115705703315,2.86505522344954,1.16311269534518,2.13934385765006,0.96115932280624,2.09517969711105,1.21227323998113,5.06647197825243,2.06475423515918,1.66469348144862,2.34602507484679,1.38602602703067,3.12852369968416,1.08813717637271,3,10,3
"851",1.06604452046688,8.25284845391842,1.16569786964543,2.03732504107911,1.52994413000757,2.77617789492789,5.48186807735026,2.60301030419688,1.54695378606033,5.69096084932236,1.47961977378542,2.70614204987667,0.414600556682113,6.39990181266702,3.61464662472804,4.05201641373373,1.78993787788335,1.5105174664231,4.48956944537708,2.8760634973674,2.01074415664032,3.9543927603783,2.60406127463302,5.31958110475661,3.1584912832465,4.98022821073116,2.65691575306732,3.4196990499601,1.53156746402618,1.84165667975994,2.18746883053301,3.41116819192338,5.3961705850199,1.63695831100628,2.21089101768934,8.92328401808251,1.81656086277693,3.41926042667178,0.258430922282998,2.49225623219563,6.62617228949311,3.18050908675904,2.76725924029832,2.08854090640386,3.01495996101715,2.87858508585359,4.11786262050789,2.06030530691753,2.66868249292275,1.20714914842518,3,10,3
"852",0.861603240657896,3.03222002258823,5.23700049549297,3.48478560527307,9.31621294853641,3.70774855340766,1.1622801508422,0.182958779880663,0.897270630288071,10.664486269639,3.91263972926849,6.38842879576545,5.36335419101998,1.32174359821038,5.30222153480264,1.94566068841822,1.46288627375987,0.292865254165054,4.10293718056831,4.82180821874087,3.83427225522676,2.66724269798255,0.876144391542446,5.17342276531976,5.16846492592222,1.13726801906883,0.964663863474565,2.50312552855454,0.619689172137262,7.61406714005094,0.688350644910951,4.74356780201618,5.05846888840784,6.840791011667,0.858126189331542,1.02435458110282,0.556488841896077,1.37715732578294,0.231317844132678,1.39427791058216,2.42869203578285,2.53351140467977,2.4614950943243,4.11798611518159,5.14352873993367,1.51277753034154,9.23975577731174,0.53938907194638,4.03213127034208,1.02732292842174,3,10,3
"853",0.704505460454338,1.88497964104851,2.46180338262497,4.26200298080885,2.41724991390285,1.48934247210163,2.26467654726329,3.36682523995515,1.8779877930801,2.33209922223475,0.473534006273196,4.78356304052876,4.55591634178371,1.97720679887183,2.28671286613197,3.2037920652267,2.47258644147409,1.60852551121263,8.18986023059812,7.76487769710284,3.90612003138894,3.94870352878024,0.909809736604848,6.60449191292473,3.15695584265753,2.46871169463491,1.86947487726611,1.72048524720751,1.16741382262173,2.72864017933175,0.726467631342404,1.871981791631,2.58335051792897,7.58727615983191,1.26346210899829,0.924374108659002,1.36330520679405,1.43590442777167,0.903429888855366,2.74703827010588,1.40430494759312,3.65455109333775,1.16754945175131,3.49904033216084,1.97771638956451,1.31832878116666,5.8023047587349,0.180039345046404,2.28695898467765,3.12092036437489,3,10,3
"854",1.49851086360996,0.586436579260037,1.53802123851735,0.92133450900484,4.03742114393383,2.36472574984122,2.43603945045044,0.861113641512254,2.21761390038023,10.8824176656748,2.39952689486408,6.43188734687601,1.91487484014445,4.43261099363431,3.60084367717113,6.66346451698059,1.66124943545088,1.39712182068981,1.85985795070494,4.40279072236156,1.72401509788406,2.05621047074668,1.37124225265482,8.8231291307791,3.61280451577823,3.2672074677913,0.322098687525738,0.856397175680332,1.01940832787993,6.12530485725615,1.60464346600808,3.37254305617408,0.793653181734169,2.32168535133917,0.795483735418071,6.09637505799803,2.79394968634194,3.01096932411886,1.5491003191787,0.336788260327731,4.29107651597461,6.58051881931397,2.98497735757016,5.47625183320165,1.74820230034586,3.69581545859123,6.1975568567927,0.974224398429863,2.66815714695253,3.15291427444915,3,10,3
"855",1.10067717252867,3.88897237884493,1.64668419417955,2.11600375269103,4.23689321956612,1.56007716485714,9.06745167806662,5.39975057862113,1.3278607155101,1.88588775460852,6.62578159748632,7.07547390489337,4.40104918403787,3.35715094135955,7.18188542728987,1.84746480390448,2.97868123811451,1.18611225772798,7.20458692229774,15.5454255349384,2.24164316541778,1.6158760227228,2.02637797872991,2.82687530189518,5.02690608352825,1.34428790057083,2.17846212547777,1.3986667287087,1.89069017552367,2.67907555893258,1.23345023044192,4.24167782957854,2.85087935433862,3.90810864289024,1.22499351994673,8.24940402235465,4.13860491965335,3.62091492689134,2.08624434956121,10.6730653846319,4.24209055993605,3.99767695637243,4.02655841427237,3.17917228348264,2.77350769054822,4.71303873566524,8.24972146033935,0.929244647708675,1.81166786198446,2.07707424453292,3,10,3
"856",1.48253861834228,6.76676464267176,0.980711128223874,1.55568786475844,3.32752828310523,1.88800967109286,3.68147958412367,2.89420466910575,2.24301961363893,5.40921555663456,1.94276297260931,8.11285950322021,2.96843138389783,4.37832727431626,2.91350087354946,4.68250102204113,2.55220121247776,2.2753155529999,1.71142695469303,6.30076879596832,2.19211331030934,1.59184781221541,1.9345920301916,10.7025258222,2.98790186485759,3.66657844030639,1.66703867037042,1.92449705767063,7.87437560600954,4.88540714963247,0.578024711695088,5.38294192323231,2.15295768399773,8.33959061849929,1.55387704039776,5.3718631712665,0.450330015937177,3.99642335992848,0.542627133100993,1.87189544854134,1.07287197216026,2.15252447318351,1.85460200541679,3.6336984456879,1.53492604958058,2.36662133782716,8.07260603802878,0.662069076987195,2.61952103569307,2.00689202156957,3,10,3
"857",1.30562862593722,6.78950681854582,1.00903132008498,1.08068762977836,7.11259517660034,7.79764082212423,4.2051355388558,1.3244718850761,2.10507410946583,11.8961297439593,1.43929956553965,2.65195013826482,4.91213161022245,5.15759036420778,1.92662151473561,4.85867571161034,2.12860259219543,1.87643927834367,7.29116122024372,5.40707630503238,1.8905466589785,2.55055513995281,1.37840193176122,2.63016206528443,2.46044543233483,0.883030682501647,0.590146552624669,2.65647116523524,1.43452619568042,4.06340911021632,0.411955486806639,1.73442808815571,4.99692206787459,10.7256213788232,1.1127867898046,4.47089812786673,3.96078863853757,1.1674194371469,1.2327509637553,2.11603968045328,1.45208399138984,3.73685433063839,3.12940329686236,9.06561886378642,8.12492429957595,2.66283883238575,7.35681193082266,2.78595051641443,1.1130515958178,1.95867836702644,3,10,3
"858",1.3084367227801,1.15727479489603,4.51066421967616,1.56114657954208,3.82522896524569,0.746502439237763,8.78121850313378,3.04151357952638,1.41101298937397,8.55545820359528,2.62895861140736,3.72064861174229,2.09199406510236,3.60224531914315,2.12896627260442,4.57748485396325,2.24106662269124,0.977891090096868,4.76683713955415,3.08297764700356,2.35529107983519,3.79023942638974,0.674561277738346,3.1603976785623,0.426718790636125,2.10982399966936,0.713015142284813,2.5543423622613,3.43568427360947,3.03436761399047,1.43656832259887,5.61423374642957,2.12864280768097,4.70326311143302,1.12498393946518,0.403336232990828,1.12810862138621,0.571700152501485,1.38349629211143,2.20702659589333,1.07403316025466,4.03983367135877,1.75162832962686,9.08841353607378,4.5778537112071,0.808522474849679,1.76840741824528,0.376199604762537,2.03279478125157,5.89201072312996,3,10,3
"859",1.53771506451478,1.13575545096186,7.03737522780856,1.72030253384962,6.51571986245484,4.14358158889935,7.76481301310296,2.5975658798982,1.86165917165923,5.48350027323705,1.00526127024543,7.15357136463262,1.70828976861543,2.7339770859435,11.1608686177771,3.52387062439122,1.70680072284508,2.49847597490219,7.96314143007547,5.55990782984515,1.30200136294898,2.48446619680303,0.450354303048547,5.13560339218534,4.32155012497208,3.45658060468577,1.27068730432032,3.20600964176122,0.883586329400419,2.24776590702062,1.19559000958725,2.25089936321055,2.21120897548723,3.02350342588616,0.686959996502339,4.08400122394869,12.4862844153301,3.13411385160764,0.60889762023072,0.895366201186805,1.27402858204782,2.59559609456415,4.32454210260361,2.41764104599459,4.27078958403308,2.39842025833984,5.06243387775563,1.50262701903895,1.58735375941437,3.74163917064018,3,10,3
"860",0.792148302005862,2.08623834280689,4.86707510813646,1.14257621485171,2.12778040052303,1.7066578685917,4.60864465811352,2.37853374093285,1.00281329904031,4.72742519649988,1.65875333759885,11.6955653359241,1.98942285293159,0.637766453900353,3.12227617467378,1.92922485959122,0.809281332072848,1.97107242125816,4.59641463485715,17.2109856035745,2.83747372925489,4.70166857904362,0.80880196598056,4.86802274710907,3.30904004485457,1.64156709579421,1.81219662495606,4.71647435133964,0.643791834676749,4.27161093046428,4.15257174358613,5.18990577331968,2.79251171260622,9.77292064915679,0.862331193797466,2.63111709595712,2.51498104301201,2.58565193695342,0.727423401081556,2.61914214794639,2.33105793275674,1.55214291331329,4.37768471358583,3.37416798944968,3.17278916598248,0.693568812321735,1.32489756702349,1.53954350940561,2.10075472191502,3.95741160226928,3,10,3
"861",4.0976238503045,1.85016182815941,3.28084998842334,2.46972279089033,1.52692869917166,5.25424439929019,3.30820220042972,1.0848689471241,1.1260342376951,5.78967126961354,4.14117285543851,6.75128320537484,6.34867334342769,1.01100654056388,4.89534789130288,1.96120498043579,1.79240662603496,2.46479392193511,2.28200295716538,4.57917254983039,1.87216398153375,3.39139091722552,1.98973327853326,2.40360905384804,2.15164948355074,1.05542745980822,1.71858167835818,3.34428692791421,0.827521123265202,4.7756218670087,0.802554525312571,4.98066592633643,9.4779029215569,18.8753483747325,1.00718441629513,4.80625379023635,3.13911265046344,2.0149138003998,1.65070706904944,0.708413054044736,0.982278654244834,3.7120128648253,4.96889298106698,5.91348344865945,4.35936984409528,5.12344090487345,3.92218063675263,0.211365909381803,2.75208492460327,9.0968664008058,3,10,3
"862",1.2373158339082,2.60989031676297,3.57485526330948,3.565234045907,2.34526302716862,7.0453335590768,2.5995819829271,3.04398877691783,1.43354839645011,9.13907653032297,5.6772762565926,6.33765784053534,1.78665828112625,1.58034465420762,2.80087932018256,1.77705792271817,1.15139152705715,0.303418952903484,2.60541710304771,3.99744459988879,2.00035893071781,1.948884172268,1.21248633302755,4.41215064039243,1.90704672544161,2.13408975287577,1.09160676719841,2.26252316430329,1.37608382814091,2.5337452730849,3.54557422381742,4.57941157715943,1.41184609881187,5.83751512830368,2.05826618350232,0.444236425914466,4.07152269713871,4.79223676738481,1.03428388471598,2.56782264050942,1.46419676383371,4.81227155471547,6.85077965365513,6.42642142075236,3.19160162845401,1.04517936424554,2.72532664447263,0.382376822936857,2.05006587867579,3.13965388105403,3,10,3
"863",1.11122976468694,4.0143471533063,1.81622979092376,2.80219204496764,3.59211796522172,0.857358480306314,2.26329974443987,1.51038919055478,1.47246257241956,2.61152846341348,1.7803405919479,3.43069143719308,1.23093176805009,2.12056205839836,2.70193470494565,4.34225775150129,1.42529270684909,1.40880027423747,8.53108153653398,3.01473573391116,1.84963770824382,2.23938047482888,1.3784274839515,3.72048887127799,4.34821824770626,3.23845710580391,1.01245903083737,2.11046422628771,0.410085923931868,3.79708701229544,1.52380498451882,4.31903138409783,22.0987844149018,6.50288179491107,0.607204394387521,0.656709608842587,1.4103860051425,1.85977144294032,3.24526241418009,0.949019887255342,4.42500263133929,2.73080147756779,4.31343302645183,3.18646662073409,2.64916097741449,4.10806241872421,2.19621724943466,1.87345587614052,4.17168840962318,3.63769277777508,3,10,3
"864",1.25266561929744,6.35218860713542,10.3566163537837,1.80491666275027,1.70712630173279,1.69282775974022,3.39827673986382,4.04208152524322,1.13391213532775,10.2061361911475,6.67984752673423,6.68552516081689,4.38102787431666,0.794946747937846,2.40247638427138,4.79825766066331,1.67537049364523,1.93165152470312,3.84608828051792,9.87235960776144,1.59201732144758,3.70770280795135,0.830914508101615,1.99185497838124,2.82090007195844,1.84318688163843,0.280748926905962,0.903146323806704,0.708944095390827,3.07656337554075,0.427303534506049,2.22887984560743,3.02509408781567,3.56237586748911,1.85752558995001,3.89364071252818,4.74402621100858,0.279749390427874,2.54921916859087,1.31176416428497,3.61262675473537,3.58384949800182,3.33524804883628,5.44280005007217,3.66082020373834,3.33012649811769,4.65190686478252,1.3356882445533,2.66495213756684,2.7976010211706,3,10,3
"865",1.72255778419423,1.61113651501011,5.66418048770279,2.49769155366402,2.84941904108969,6.19529075891803,1.7732050959744,3.36414033547039,2.46227423245238,9.19537866120111,4.21711793018684,5.118148648458,5.38026693297044,5.32158064209142,13.501495023464,3.03580474509122,0.887253025091517,4.89428498499545,4.85453401900842,4.90601798597544,1.16619665269536,1.94284601806217,0.838976309068188,3.96071621132447,3.51605532787741,4.01307694807983,0.820620588975916,0.932067273878408,0.53586096201866,5.29475572234026,1.21403862975762,1.23738175675185,3.97172748630358,4.05502212094926,2.4221770944511,1.11282479592118,2.57256300488713,0.609338717519191,0.544927149592114,17.3277410559362,1.45139041357647,3.41281745528399,2.54631909803203,6.64960233825574,1.65304426451676,1.95827595240913,1.86883976145169,1.49466636581102,2.28846581533087,12.2629205967935,3,10,3
"866",6.03661049633623,1.72022505103447,3.61003359133425,1.41593390484897,7.79671836622033,4.08980543499703,2.45444364525387,3.65532626806346,1.5861116983298,1.7611202060383,5.3727958949076,3.49262065960892,1.22400255356763,1.83393413322608,3.34253651069533,6.54955004743893,1.27451428751918,2.66045505740609,6.18371361897023,0.834094151835456,3.17501705786874,3.06413924793648,1.00040839421274,2.66422348229063,2.50324772312381,0.830805514340997,3.80867460329897,2.2982278185531,6.02114970937701,5.65280227729057,0.386898433519399,3.75860214786093,2.70885336325363,7.0297623373275,0.776517987265951,3.83905229848907,2.45587428887996,3.38937763327762,0.392020363250822,2.01324699644916,1.08488779918864,6.9341466835335,4.54733407717261,2.0575474053298,6.1179678823929,1.22210126393821,5.81401929703001,0.513661960561343,2.40183170415339,2.63186294880829,3,10,3
"867",6.19007055233261,3.42523683947753,22.0723407019585,2.73010795723195,7.41641291548163,25.2664624913118,2.03734987329855,1.12151419714981,2.22737697532149,7.87395608341316,3.29693137757037,4.08992835818702,2.80695445139314,1.37514362009323,2.8763003675418,2.49524646211502,1.70019024540198,0.873998001057974,3.56523286833835,2.30991873862796,0.762570504417614,2.40072194859622,0.592800531373678,5.01237093858173,2.47405063762222,2.46643342802305,3.80922971875096,2.23995711549532,3.40858338913782,4.29792269930259,2.26043150225866,4.82435453900254,1.69904261342835,7.69993987653968,1.37414168932892,2.49492369073633,5.47709322820698,3.58239496105746,1.89961246915343,6.07611031318329,5.45918610157592,2.70379234038901,1.86066721121821,4.75272512728999,10.9608370544017,1.09212024912441,1.95121867296031,0.770692948829391,0.89290674627384,7.16455788491601,3,10,3
"868",0.373899682740282,3.95630035186872,2.87708416979976,1.34569100941325,3.10522700966699,5.92840926423651,2.12702420390817,4.13042900934119,2.26143088914305,4.59814204637873,2.68418978771723,7.22566773021135,2.52342062591634,0.324266386781008,2.03366017705711,5.34923214863592,1.2512009966,2.94747232338025,4.41104150778556,3.06002253078035,1.30146743683279,2.59187584008524,0.54236904811783,5.2585187088717,2.52369117892988,2.10236948224068,2.60103461758159,0.98040361022312,1.65812093065153,2.99165064653169,0.992580172981635,6.82280384549182,3.74266139092526,2.20949270629437,3.06261084388019,1.81890414148007,2.18417540938007,2.5236105535806,3.98339406446827,2.43312272667848,1.3282695965293,2.2651687717587,2.48919455709369,2.07999215156507,2.30489122221051,2.43862743813024,4.68316361677654,0.820915642235535,1.93983463267624,4.12887369780636,3,10,3
"869",1.94112020671187,1.62619625926786,3.75833045069382,1.86021344545846,12.9166896711891,3.70514289587673,6.96857669565053,1.8509294112028,2.37924183427682,3.13615491408029,1.04004593309366,6.48888252652564,2.54549398746457,1.28647780673182,6.26665933915344,3.91256291171922,3.17940357974433,0.598494282067807,9.22078408740827,2.93562243858837,2.58959034057303,4.26831220514507,1.57618642097139,8.69270592850667,2.15102819931145,3.1346088230802,0.487229235654575,2.60069828774261,3.91090314424983,4.32216491278854,1.5896346935538,2.07461346655391,3.2174762446532,7.95667456456326,1.85996957274117,1.51207487869629,4.0883187881089,2.4663151126395,4.79180861425365,5.29285434112312,2.22677626754522,4.54295821457685,1.86516186514571,1.87818810817017,2.92114892374557,2.55678844854574,4.76439717650896,0.403559550523479,1.76855125831647,3.05218580426727,3,10,3
"870",1.47953566165222,4.97844425028881,2.76836811360188,1.6959809608435,3.41876797527146,9.82340991130432,1.90493541089873,0.664224885743318,1.52056000779314,7.28750993147992,5.07637806611385,2.15192306497854,6.08380498286459,1.4529310603275,3.63494510954098,7.26866093876376,1.54722735123312,2.12405008586831,4.03428437307718,12.7376406226785,2.22095509889044,1.45825931895404,2.96638684091467,2.28975170117762,3.68956737683711,2.93107928961579,1.79987213341839,0.935068752124085,0.884696267482043,2.7165650328142,1.35655169261206,2.40969983512335,2.26291295748496,3.92336922466655,2.25559142904382,0.455249807007933,0.679011751313918,0.119240743086766,1.72708382226273,7.98752950924316,3.6129220675212,3.1031031652303,4.21778525218522,1.71276471716257,5.47382717028741,2.76169288915067,6.80505258845495,0.827303467745258,2.62970856268031,5.84260497514987,3,10,3
"871",1.16908974247147,1.79591572756528,2.3349779826502,1.69341622873397,4.48382472658953,2.83653052618697,1.52614857152535,3.73072681045049,2.48678904779992,5.5029944327814,7.7836518901217,7.21303921841488,7.80963960103894,1.35920887687706,1.5641254266807,5.72465648894456,2.03538833114681,2.17698340517619,4.52308052378973,9.26658081421127,1.52628771899589,2.23191367203527,0.758179336561429,3.42463653914285,3.78584518901577,4.62731532261115,1.2204857559378,0.973180119089055,2.97039017845697,2.02158492158783,2.37379920474802,1.78042768895849,5.82800031142311,2.23172519934518,1.31175569792123,0.957075590305503,1.21910479005252,2.45901700120571,1.1931401303675,6.3615446290545,0.965515801213162,2.46420043540366,3.61942710953904,5.79379907190467,4.49471724183965,2.0774725795513,1.95283122546155,0.447438270977656,1.55926459554745,5.01629158631587,3,10,3
"872",0.457317431379048,8.15406965869395,3.84988218833096,2.16524312589946,2.21879520233299,1.72884304974028,7.19080266640635,4.92202328283692,3.00233395827342,2.09622665812528,1.92959761773647,5.77684838132044,3.31019513605832,2.72414008978114,2.32430226359494,4.58891814141294,0.160021143792089,2.90989785273667,1.46398277108638,6.68287421160933,1.8756938535271,3.86593266205629,1.70042485128536,2.4232254226117,2.41561752853045,2.67184770775971,2.42305479300079,2.75325599799751,2.31019650622661,7.46102429197158,2.56170167598705,3.17788135305791,9.12178920140702,3.13990315863192,1.68710766676022,0.774372149744188,0.689164700483129,2.28529588915235,0.761152782977847,0.693740091444652,18.3604852699413,2.14990821738726,3.96349190123062,7.79485935239259,2.89964120004935,1.686250073963,4.18479931170981,0.911043139217166,2.00818782156049,5.84510690831209,3,10,3
"873",0.646176606089657,2.84541683543747,4.00183118715509,2.08789776212637,3.77565233013899,3.33730194635284,6.26404598403861,1.575464066013,1.09345468224836,3.93746482812264,5.88619029476791,5.32733469311444,0.984263553677131,0.44306245462597,2.58014289609904,2.44569439849121,1.96619067341748,0.861509849614465,4.1502028889371,1.62505315769886,0.670519471496332,1.93330263081499,1.76028021429611,3.23473512177465,2.44994962164648,4.53445653174436,1.44941736742896,3.6936584570421,2.16154081761735,10.1204389061726,1.16412494809129,8.72020162823772,5.38086890368337,10.9140630970085,2.30678574804919,1.34823671677459,0.827208875356164,1.51778238314015,3.88553249619264,1.53839193884589,0.822596687854024,4.03209005433616,2.59753659578277,3.01852803547929,2.42715965553507,11.3901618362819,4.93450383358034,0.539951470972369,2.20963411568054,1.11359295149279,3,10,3
"874",2.76196838604157,6.16775355985951,4.03881900053059,3.94701852737609,14.351651211836,1.87001683104689,13.7988681806311,0.930019220920881,1.14632101093259,8.54858117063952,1.37273235772944,2.4237192969807,0.454504549816783,0.907079948498933,1.05042027830802,1.70628834257274,0.168760852996243,1.11135560426375,11.5101312471548,5.15516108748231,2.70054769986285,3.29824979457852,0.830382423569746,1.57023869036554,4.9884662719529,1.79339142968444,0.951384779446196,2.95961852671803,1.02759995950464,7.87179373886545,0.287907874884354,3.55883859173075,1.67616725026327,6.39547667460122,1.02122924733893,0.306976059242968,1.88906933544371,4.05556931513436,0.302652628200075,0.607877507860859,1.69075219667646,2.59197854422599,3.44037780427413,5.47556937391408,2.78374682108049,2.58170972290449,5.68291996583214,1.79835597857265,3.14668195014721,2.74786424253131,3,10,3
"875",3.94904936365978,2.05995703315245,2.6797837422043,2.14443774384685,4.48903653443224,4.66546707783733,1.44362567779893,1.33571397130312,1.01845031656525,8.040311605926,1.55720395489862,11.6571953389603,2.88994282336855,2.44256924271526,1.96573756295884,5.25472974211587,3.23965452472031,2.09139935787511,2.37486716486149,2.77768813050556,3.71429010783201,2.7754746151603,1.8478120592263,3.57963681756313,3.04969755567194,1.63764825526241,1.1484836695198,0.36735914372559,3.6291064587254,2.05750169086389,2.00754998355636,2.08703590518381,2.07612310744878,9.04458851141648,1.66346476311347,0.995208818012001,0.834880375295275,2.12662409100379,1.69302072994104,4.0580718869384,6.46734786910882,1.41640953202746,3.39609498480094,16.7144040535952,1.97261610795433,2.64144641015165,2.4274996562135,2.17411504366616,1.70284747378162,9.00915263192006,3,10,3
"876",2.0525065066763,3.26400474659805,3.24568999418785,2.84712980827217,8.88236205506043,9.25473755756096,2.39036742998691,2.53403204644146,1.06226713021941,6.31825738179448,12.6283310545176,2.95272133443637,2.92229303410731,1.28467603348692,0.666860958210506,2.13453590067674,1.79309012032453,1.38514547244342,2.75035386800153,4.54486407242199,1.16402018921519,2.63983290933436,1.52528744285433,1.94643001165175,4.65190810965349,4.62567764664257,1.12824134133955,2.26739822853501,1.59366746113538,6.34587733174476,2.21489247280116,2.67885728386278,9.29421739137786,3.68799624667109,0.721282762601261,1.84516700458003,2.80452046234728,4.74121341552705,0.460333763159454,0.514661739480813,2.25009936777891,1.01665977861239,6.46400751880869,4.32957634603853,2.78700170359178,1.79924980475907,4.92685163609939,1.85306831589946,1.52500033448937,12.3760725364295,3,10,3
"877",1.77002072876963,3.72860847121217,2.47562865756146,0.504107773979945,4.08550950592807,1.47343421794403,3.53312395529796,3.87572114138448,2.0826789261321,6.002883513564,1.75428986662182,7.38508445279215,2.74730355562014,1.08630089731871,2.08477671677732,3.4790621697938,1.09440467556135,1.17333948343155,4.80985813961631,7.41327138928417,1.2769980811364,3.91029141675283,1.36965454769962,6.20474911415631,1.37596536213425,3.26221570569057,1.34205284089958,2.65206926283724,1.89591886634966,4.22967137928788,0.829980912578055,2.7035962789774,2.51287798141985,3.09833880326913,0.788050432572438,4.56321610004012,5.6424097897314,1.2647066192641,2.71550021993271,3.14014144015337,1.82451786177989,2.4315213021381,2.55096293923078,1.88293619790964,3.74116118163997,1.67875421998343,17.8855434054715,0.575993274231066,2.87067529973403,1.36343293059942,3,10,3
"878",5.21521978952907,1.54283942979771,2.73082617514703,2.6935064890251,2.91360939406648,1.9901044830211,2.9906740662378,2.89683328936307,1.30277632715006,2.21453308397671,1.05937568926134,2.56585781015632,0.669861674443248,2.04037289257414,3.8188250794968,6.20844288048119,2.07350271414883,0.39808424297665,2.16316882413096,5.32220778569182,1.76479340070779,2.37411413366911,0.269847212946987,4.5593734075865,4.05057636356095,1.8725972249103,0.919189343608693,1.09224430229039,2.74466886450678,3.74782094217327,3.12271744054782,1.54795887146326,3.76461498447238,4.18394776898483,1.04109986318155,3.63680707507839,4.0716481294308,4.98747640618309,1.69198582827751,4.04766905116144,2.65290525087701,1.86300766389472,3.01155858081827,3.54940963855673,1.53853033672028,1.4091225841494,6.20281456013363,2.33919226184391,2.40021546909311,1.22889809940363,3,10,3
"879",1.21360368902016,1.95143156955895,1.99865338660985,0.766012670553514,5.41964589066354,1.12728270507958,1.28529582850677,4.71998986951433,1.37076410848036,7.73463605465477,7.04328016160846,5.26127739076138,2.40820854760567,2.57072913095982,4.50504103495788,3.0648322862864,0.761348738097081,2.66564717528296,1.31352106819757,7.27716045142192,2.36173687238479,4.46657700114653,2.26403875843435,1.60517332707085,6.36760856548067,1.58555746458173,1.57677545026029,1.06290057509472,4.96834882828755,4.33292864423204,0.920046298434801,12.4688370760056,1.3148977012759,2.22758111380301,1.16402291050284,4.57610129265697,2.52011595821625,1.64477439204595,0.367053150203351,1.40721842362273,4.54433273809594,3.72081755577937,5.21116976667348,0.6783540611023,9.3354167189922,2.25476902597841,2.62838491170743,0.269700031266006,1.96586938030442,1.43927592632363,3,10,3
"880",0.865218358161584,2.19136243478407,2.86289095050762,1.88872920482908,9.95106221860177,2.23061198813258,0.473081065109391,5.92701340482015,1.90059287485404,13.7164673502768,8.42726650887777,6.43366773261047,2.04576947544791,2.73008262661826,2.47517372202226,3.23664229206697,0.582137042554694,1.53782093782421,11.1775370929714,10.2708225742505,3.25964889182474,2.70460264350708,0.492249894424269,4.30898681473469,5.130988922257,1.34589216087644,0.869194517042099,0.935632973713353,3.09286570567308,2.03350093703082,1.67544681808182,3.94998805179328,1.95957516448773,7.30047358242147,0.795574500794594,2.48725612138288,1.20752133635831,3.38915284870316,0.971964198696717,0.827122521813568,0.929378451854977,1.66996529901434,2.55336865828143,3.83018405184645,1.68640448753989,3.03433291667147,2.78107646501086,1.2235484527726,1.13716918011089,9.29907043224705,3,10,3
"881",1.8989269882874,2.38686812161007,1.89137651971198,2.10926327815069,2.20062261818206,2.89153110111874,2.4208891529576,1.41249666309131,0.998077530268075,15.2889441923285,1.11220745318625,8.85000863918527,5.68426740594465,2.24292543313319,2.95086313529199,4.45695627127389,1.77498832502872,2.67801175237772,3.44492476982688,4.42590070516679,2.55616333889013,1.99228137925039,0.386578521457963,2.30388500749089,1.66544567063038,1.53320041099757,2.49797549632645,3.53308534552962,0.97831477154426,4.39474461645852,0.393345900443344,9.3795474177557,3.5730822546935,11.5111292174544,2.41599410512895,0.299968327778627,0.232634498585893,3.53917364988206,1.58703657042667,2.38280595431669,1.61388067900691,2.73431785498012,2.91164723018187,3.0343908140846,2.19879163793336,2.90837907218005,3.69564974157552,0.524396308586003,1.37542027735178,16.3455196936102,3,10,3
"882",3.58370472650995,1.09837028608219,9.51853700274134,2.44856322617008,14.2130477462709,8.41146302030243,2.94168746461908,2.89643690638108,0.87888779898259,3.21390786642003,6.42249503924578,7.77347521124117,2.21200102149627,1.10424203488756,8.78013371121152,5.64455554988525,1.34095900301716,4.35612902553013,4.87374533547164,7.69105779753652,2.21734292744601,4.6161348838081,1.81439032151374,3.93332999465314,3.35802811333927,1.38052790859329,1.76315665213852,3.50011595402481,1.83825235921611,8.72018045923122,2.05923317010797,2.54874686361861,4.24147276935368,1.21191565903501,2.60602310095134,3.84688996215686,5.34752801272636,2.80007884484219,2.23504706074801,0.431613303435957,2.01326483786793,2.07756533820961,4.03424169154073,1.74363669676893,3.6329446493451,1.76203306203236,2.67665470689329,1.37880445626578,2.69731103440959,5.07100259919046,3,10,3
"883",1.63995300607927,4.0939766426675,2.1832251014527,1.60441403139977,1.04528271028793,2.55483446041512,3.04280704281145,1.8932529632352,1.66173678970703,2.70289823645559,1.47669974468498,4.58366907485489,1.19410231697204,1.72797228394741,3.27205533760193,4.28870107265214,2.30362175898424,1.874686196823,3.66631524102163,7.55077567320563,1.89924820934704,1.6641839696027,1.29384019139895,9.38090844342001,3.9643885074141,2.70704978257736,1.74498124791699,1.34062403029838,1.29528297396073,1.73478166784478,0.693986748688752,0.615343904052187,3.82301480311314,5.34344419120622,1.56699652119468,0.592810779264599,0.919866200853997,0.604975337416413,0.52615293230787,1.9282497401778,0.966423932093759,1.78012858862473,1.84246089776217,6.21963681288565,3.17688075903581,4.28699515555968,5.01054381329335,2.28485281241669,1.79298250744369,3.57923341298764,3,10,3
"884",1.87904412307154,0.983996185477143,6.14056764222182,2.38894807294504,6.11081254463811,4.50050229714528,5.0772623304586,4.11341444060829,1.68385465742506,16.6579760920754,3.42943611735335,9.72140419711248,1.3924756089562,2.15451919410794,2.04761860653001,4.57482097637792,2.76375108100067,1.77216690052945,8.93839251120355,10.6521427409121,3.20018921623265,1.93100768467901,0.809587963340587,7.21047203446073,2.94703502153991,3.45123109235016,1.07867150425298,1.34969453664106,2.12721851179079,3.41730479547679,3.08574126376529,4.288869512888,2.12897279835714,2.25663509222764,2.9757513078313,1.23342726773823,1.13097049519859,2.73962434320044,0.349458294135802,1.13792363164919,1.33276025836054,10.387078504582,4.23088100249153,2.93181987489173,6.97247619076369,2.31530913633043,3.1392331127062,0.363144375519118,4.57106505410819,6.04917884992937,3,10,3
"885",0.698113426270719,1.8412037024887,5.51007448407969,3.01480860230759,2.67888894832931,2.19268418328579,1.57390815199283,2.32443670686483,1.66443169285666,5.85624840862483,1.09136124367121,3.51140785977932,1.78586850346476,1.28076446147457,4.72645107864933,5.18420454889314,1.2191769509083,2.3320027318478,2.21944033590068,25.0608584791856,1.99183057475965,1.70817210350025,3.23795941140039,2.88071733936841,3.91582286451166,5.86126058912589,2.03166310176228,3.05637744147946,1.61924040052283,2.32716422333537,0.960856835860349,1.43180774984031,2.74088401837586,3.16394548735604,1.72295022681251,1.88942357238064,3.36097494050975,2.28306026819537,1.3212616199712,3.17271819437334,2.1678550467248,15.6906024327569,1.87959457451582,6.44497913712218,2.98700816000504,2.22277560768597,2.27230988181989,1.993619092672,3.2149277059666,3.46151458928807,3,10,3
"886",1.10163376017638,1.1574822046673,3.85537675118284,2.2657148099108,2.41630352552502,4.42220094381238,2.48956198913653,0.306236916576013,1.33027830861362,9.72025148508374,1.38452740362957,2.23843236470851,1.10754418572372,2.52008394721103,1.21954543226004,4.17366108338043,0.871608260271879,0.853220573437684,1.17062690452124,4.29732257641675,3.04208182230327,0.969910415578193,1.05991133748302,1.60159717965168,2.05209936365533,3.48138071036778,0.445269925997794,1.51724135332388,2.13694059144373,3.2663309177997,3.98152837268708,1.40971176669368,2.4552710545861,5.20561092136896,2.15752509969805,2.47571044879686,3.95846223332912,1.61386184106304,2.22274929360744,1.7680744483252,1.27167243503711,3.75837081942968,2.95168993650305,5.62900554946939,4.14097832775029,3.19127855259197,2.75995530396706,0.599619651305764,1.93786919166605,2.25290908298828,3,10,3
"887",7.24762592826097,2.55264455154185,2.44713712190993,4.34230028753999,2.75173580596553,3.41772739524759,0.937494812356346,2.36453751768998,1.54154859410641,9.47751533227941,4.21858068358356,5.10504026736629,3.39483446512671,1.03369460986168,4.34051822206671,2.33810966521722,1.53227137439151,3.09900725333742,6.32741677368886,6.78380673130613,2.80970308558147,2.36339989642581,1.28827797596537,4.51301302528294,5.60195113039655,1.66253225240513,2.94347690665231,2.26770798495149,0.703950829484691,4.19692204493027,1.38773310220878,2.73782456690539,5.88481796196156,1.98041403802748,1.54123927351084,0.26716349775663,0.378237801874527,2.03305680169638,1.77891991998963,5.61473802863812,2.43583842242795,5.74796508952595,4.29396274542796,3.5560552524285,5.16837089976949,1.40143166170147,3.7628861477515,0.756162316018419,2.04727678313188,1.62325939735813,3,10,3
"888",0.447574787311026,3.88993772755722,2.82390239274171,1.25575517547223,18.0935681145706,1.64595432338016,4.93048983702901,4.39640692229694,1.15788877831491,3.53519484032616,2.41864044431894,14.2184946807484,1.91673328864753,1.96763819751711,2.39344493293291,3.09328399688687,2.08075640951561,3.03834763425442,3.86312132737133,1.24141490076108,2.06237251930226,1.40891498085879,1.87685079603673,2.39652750235645,2.41053800819102,3.10402164325408,1.02283413187941,3.04521302422567,0.901615809915507,9.16697551733263,0.346331468183283,2.40249472546374,4.45702903116244,2.5225555963144,1.98822955720951,2.5593657098289,1.29887774530142,1.90537087618174,0.370200947288422,0.91658797920735,0.997334725766608,6.23464149426618,5.91930506434443,7.41929714972742,6.84938413838904,1.00002537476047,3.54314381592691,0.997718730321181,2.52303820160307,2.23023093499216,3,10,3
"889",0.72639701426272,1.75388838246594,6.35709562129383,1.67636154002138,2.19915823136483,5.4026998174844,3.453161758244,2.32436223209081,0.810877745409188,6.52691410050348,2.86503556325735,3.01859654866621,6.36208007768273,1.30644821840877,2.68760705492163,4.96065878073393,2.01147046062468,0.651107290700416,2.7608987463354,3.18827672901962,3.83208277619812,4.36671175106544,0.310357221035672,2.62211603961863,4.73557787183716,4.22590262001087,3.12463871271243,1.50289412883323,0.521745050216321,1.80985848520244,0.650791716592676,4.40076901396314,17.7583201241453,1.7602259153457,1.24055720747112,5.17290881258692,1.99094311032963,2.36676370888018,2.8700546835149,3.09409333856821,1.31000418855141,4.21982228087321,2.21089488655025,3.82753258159473,3.20633762699166,3.6413595627061,6.51056225692682,1.52341155488521,2.19636509174884,1.99171153828186,3,10,3
"890",3.85949640790527,5.65209112444207,2.41394444595568,4.37705102901414,3.95378758115546,4.40683485243498,3.12055749720117,2.41477367288984,0.507127509146903,13.4669157198802,5.84838381893356,4.13052145505181,4.52290466500626,3.7842672841974,3.87839172528944,5.90865027488694,0.824754046468867,1.74256807295351,2.45230430087595,5.23631520290469,1.65105387015002,2.92507041608701,1.08610315129358,3.2661729730093,2.40559593155028,4.85279726266942,1.13516165714691,1.24202239350197,1.30551676166284,2.3221080786268,2.82173237453483,3.15076486556339,9.05911386597386,3.57883804989864,1.4723683875427,2.13755241363641,2.60816869045799,0.778970637874209,0.460435784618772,1.35047319071925,4.80340626841271,3.50966303678072,4.4526041924525,2.56020453243355,4.17233496526126,2.29066842691381,2.81080249853024,0.408621714494077,1.95980792962867,1.24385217153202,3,10,3
"891",0.48101494496172,3.22819029474927,2.05192485346353,1.99127853301841,10.1982006578551,2.0795105492222,2.39008886893563,5.17498362501091,2.76673530141529,16.3709195885215,0.966415100686917,3.7904574447108,0.581250548666858,1.72423451569479,3.61930472581365,7.98167797476124,1.29275793397481,2.60578203958985,3.94867204756942,6.94000858105913,2.4159382335785,4.12677818318729,1.49245177767543,1.81348178444619,3.79799831329155,2.15427243186695,0.698130937703058,2.39432701023674,2.85473358303169,2.43491892737241,1.64739124249187,1.17498256452157,21.0341738090125,2.60043051861778,0.36542182675767,3.30780064884368,0.940447603563117,2.40459181992463,2.46943700371232,4.30533070723815,1.80440741661253,4.72228731028723,2.84622493808715,3.20733546488572,1.82505273275253,5.60933354698029,8.92964991162075,2.21522146350793,1.44212752458611,1.56088786084262,3,10,3
"892",1.23282653496,1.04883819178937,1.44921907864573,2.29798110771679,6.49415048126912,2.33086290029614,2.08431488612453,1.83792127608013,1.8914011636133,3.90617503901106,2.89555241022269,2.23605839710109,1.67873780217429,3.3654911627379,3.45130268779745,4.26424113040555,3.12772588130969,0.571037644484059,1.46882893327117,3.23718193287876,2.4417378486035,4.29190443938856,1.17700390166501,4.83946859750307,1.48504590284935,3.03045619140385,1.58346255179098,3.44006772190649,6.4828082607714,4.74315498530042,4.04439555220758,4.10119347609672,1.7441151962312,9.14089836819573,0.815568451272147,3.13640911227388,5.34607637799229,2.91919175490279,1.21277665245245,1.63316230029964,2.01359383493231,2.08409084514672,5.58687348194888,4.82766191030645,4.01768278152404,4.41110101579344,2.03112698684002,1.59184717643264,2.02087855005186,2.4320106300274,3,10,3
"893",3.04332327910145,1.49473068903915,3.13436125134008,0.828767978881558,3.58168424503066,1.91436640536722,0.909074375334675,3.66239963479734,1.23257006658549,7.43924525813396,2.07773812702079,9.73758469231951,3.94140766723955,1.63758625371086,2.60658689047628,2.57680512215715,1.74132134666976,1.29659440900259,3.06946047001839,7.74993461422501,2.66605674647494,4.3270473152865,1.17132402196782,2.21725056720088,2.28974182290971,2.94443407003726,4.30814992792851,1.21347180820403,2.01388212484343,3.11118587036902,1.08979569786189,4.33103768519503,1.3035223722139,2.79016618384598,1.88952022863033,3.35588881468071,1.41422352977951,2.1632570969024,3.30266971920604,3.45494132249662,1.6524335261082,2.50707205048768,3.61927745576476,5.1906592499325,2.35525282671476,6.5824908758409,3.87549282100971,1.2604263856469,2.73177617170701,15.0990410463213,3,10,3
"894",1.04303630567245,2.85238896969266,4.83227599202097,1.46557518708803,4.88978690205272,11.9724720825333,3.21651837286665,1.09179739950821,1.20956974169524,5.11048067734525,2.7854815869874,13.9311517655424,5.1472547838489,2.74743062733417,4.67899560507227,4.85558996809556,1.11812328453265,1.97640433032205,8.0627612619594,20.8311587936544,1.70528753250186,0.934722420392828,3.10046293791978,2.40525641397283,1.4289271951843,7.07225759150097,0.54717060347419,1.15301857158166,1.10813720579344,2.97299193421314,1.15193147510739,5.02024667463286,2.12862400878118,4.10328078529972,1.48593775021462,3.47169628439738,2.84614176005598,3.15882021303147,0.625093151999714,0.47726736276933,2.23462294950324,1.97651312680991,1.58631696108738,4.2960791654472,4.88903866530091,1.50551258749281,1.92643875344432,0.263253027178123,2.29279216094324,4.35417611092183,3,10,3
"895",0.869310110159331,1.03523856087155,1.70655786719564,3.16781183741047,2.81493708305483,2.96190123317301,1.19983252973918,0.345399090517064,1.67992895397766,4.86524142353302,8.97640396038591,5.4431896930382,2.33724094884513,3.12567641676624,3.80059076347265,12.062781642769,0.967612020843936,0.251924236672456,1.37209786998497,2.29217391351421,3.75159013976313,1.97522276845749,1.06723212078299,2.83790497920059,3.30240488780344,1.57749966117481,0.982330886324208,1.79207680895462,0.681023698465826,2.67442698077032,0.665262050518927,6.97064589778821,3.67215952483167,6.01289756892678,1.15760775005766,1.23371419936501,4.44254362803422,4.03382569219626,1.88920480604822,1.81162841973033,3.60316239305219,2.88638311165531,3.10622625205345,1.80333178781483,8.52101041530126,1.91324413163411,3.88877172578057,0.755152610886578,2.65914600080165,4.13097995164741,3,10,3
"896",1.99610304633179,2.18659277110356,1.77075801328219,1.63258813415895,14.7452270062018,2.58712637064778,4.56735573302733,3.5618899520626,3.58441713816211,7.11488117447174,2.68729099526397,1.88434520491622,3.44722814161462,2.35628625832141,1.26626789820145,9.54534966157257,1.35067850993803,3.10404534234943,3.79849193644527,5.93706885307217,2.75961834871087,2.09145035506341,1.0369019018701,1.59217390407854,2.00807867405731,3.28628716018905,0.969622759277361,3.1165847313198,2.28691026754134,4.55934410758535,1.22515653597042,5.10098012613997,16.0891485318284,3.24182612304003,1.554963598558,0.576827938046859,1.58859338689119,4.21366879359465,2.25192935127781,1.97957927470859,2.2256162893589,2.9406446245681,4.05583516095858,2.67094656826897,15.9643862781945,2.29439995187006,5.75307577292368,2.02398226656281,1.67999095150964,3.75158575304605,3,10,3
"897",1.18873746664053,2.995526367414,2.73725094988153,1.86760547997839,2.39586926234107,3.21539242628569,2.05211682841883,0.90820476093265,1.11778472088301,5.27286703038136,4.51731320106883,4.65795556053785,1.53650452075586,1.04984835687215,2.30897980512402,2.60713586466543,3.16360610478765,2.11405121847152,6.07372948877548,6.93925069705797,2.30407354673413,3.61608436162568,0.685812344800849,8.98411885449333,3.85395062273439,2.38776677416397,0.813934696298961,1.70354637979521,1.42526872586809,3.32826566958361,1.30459418968834,5.19221280015896,12.7549034369122,5.52892953785377,0.295201899247605,1.76836449203393,1.50079903771871,4.32329257530746,1.19481143533056,3.18489697812536,0.904546985918913,2.51896527284057,5.18215363033682,8.44126380745274,2.48976919252738,3.00904664368433,9.08399676238138,0.356854040060845,1.87576028208623,1.53941834763628,3,10,3
"898",3.53379012756282,3.48163399009535,3.19069459407574,1.37267376734428,6.10402822523663,2.37114788355618,5.21778004781737,3.93001483430392,0.836247932198271,2.21758801967555,3.10279349081333,4.37179851643223,1.83424584461996,1.97993513949218,1.32931177209239,1.98229364113566,1.39707299462742,1.69074613632145,0.71003682616248,2.8487198886076,2.54327939978199,3.98432513985388,2.10684825069974,4.51046962679289,4.65504950105952,1.18812510982714,0.802759463148792,0.930435356332594,1.77641945041027,2.01530684068446,1.40010921176513,5.58949941294641,2.65240280280543,3.86934395630289,0.779873557175978,8.82108723192809,4.36908853614214,0.160749626217985,1.23020405451992,1.1172414909318,2.45745609794968,4.94049130338555,2.49780832043711,4.4904523907009,2.12941295226894,3.61713699934019,2.35700610207983,0.90287553921786,2.40567171794779,3.70256994443632,3,10,3
"899",3.65586143271464,3.94722222071976,3.01764949214853,2.03319809663431,5.31499216720763,1.39866872934194,3.10211610686701,3.20332523568736,1.1489193282423,28.0011566461213,8.32421483206164,6.65038818562051,1.10148095106705,1.94311261075311,5.48279323367052,5.15071552037519,0.667732297858226,1.70125408175115,2.94029225623802,4.42768916380791,1.90451961045778,2.75302143581576,2.68019838930608,2.65083014045883,3.18791181443181,2.56484400793901,1.02474445539547,2.12592344668992,0.722246438595765,2.24748775098951,0.315518756240125,1.87091930204106,9.47957305390712,3.35401068097813,1.41689503297957,1.03473476238012,3.45515325169439,3.64298970178298,2.15547047701864,3.46890922729727,3.30949016348108,2.83337054797026,2.57922347484591,8.37858477746939,2.23713499489941,1.48651793967276,3.95003607880757,1.84218858608462,2.24277780403788,3.7305010448337,3,10,3
"900",5.53093316785575,2.89028577337385,3.04955892834576,2.34396896082205,1.54566142111256,3.52012679894205,4.82885650492948,0.819625331767071,1.88278041816826,7.66238884238756,1.94976945633034,4.97514631974555,3.0176426083331,6.65361815576402,1.78502511755988,3.20379772607187,2.24100461422843,3.07058946579575,1.44345588627578,8.23612050400151,2.16690397363478,6.07842473092543,1.18665025844203,1.80863623265146,2.1962842385948,4.61601665090129,1.91234147494808,1.44939885359427,7.25514705260405,2.72203081503612,1.09036791940449,5.70250130464143,3.73641088845185,4.03202132772047,1.44745538439381,3.31112051893121,0.557276881634536,3.23155995797172,1.08445854656019,2.92742636046016,1.02919080513866,6.53185775085594,4.13461073958346,3.61026100334905,6.09920869001425,2.32270051363349,1.89610990294788,1.56389537137133,1.54286446344088,3.10300755866466,3,10,3
"901",2.00331913709726,1.6695190696188,3.38327027966751,2.51496932433912,1.35020713645612,4.69673923017693,1.96820441766116,2.69871482700713,1.57161794625554,7.58674165215477,1.97513440804588,11.7600857234363,2.72458032797347,2.61660174189996,3.74942252330317,2.2087802817514,1.93582518918525,0.357814291332698,2.18300256092557,3.79386876436294,2.18438145358559,2.1741840367579,0.906176156185396,1.89403572244919,2.66204138603072,1.19888126440868,1.30748084358208,1.8662032226156,0.44719475143134,0.917100631523074,1.90650877852016,5.55247647296088,16.8886019054619,19.4904348005764,1.19687544047632,3.17099399590509,2.29512476035525,1.84322087781792,3.8724572578765,3.06408633217291,14.3964250849477,3.37490362340534,2.25211281020709,2.63082761780694,2.19000202043247,4.49354442154578,3.86073845249877,0.693456985672573,2.5919301571248,6.70178132313652,3,10,3
"902",1.60835024327,1.92948322997257,6.76807660896592,2.27221446350764,3.70824282552902,2.41108890605194,1.75958945729254,0.84679616934636,0.873308686996966,8.919110620172,4.13401593723795,3.97673375697793,1.65928609602841,2.44204776781053,2.84255096755638,3.37481186756644,2.30037322299949,0.886274203144351,3.3420345247084,1.39673224176149,2.60823536373329,2.13804859910101,0.738472375468857,2.41965271562365,4.56837867218061,3.24556823642954,0.970280670050794,2.5056343095254,0.282463243721279,2.87422396176108,0.324734768197613,2.8157838383504,4.29484085039957,6.64284614359313,2.23360609078224,5.26818132372406,4.77748734827586,3.03973928844422,1.21432117398808,1.57864861240991,0.866725482461414,2.50356684242752,6.21241272369121,9.19620872971884,2.041581820948,2.79752402779728,2.61682940202739,0.753734683969606,1.86501802986488,10.5508812643872,3,10,3
"903",3.23942669773425,0.49783739246658,4.06677069913389,2.13714933301594,3.3869759633863,2.89117278331491,1.5201235742513,0.183229750962942,0.356076269850257,10.4779460389714,6.76073465930885,8.4157229759037,8.27697658500925,1.15020966108506,6.31734775255933,1.80338793709572,3.05171351769911,1.07191528051184,3.55247062275612,8.24713181628328,3.4312198266032,2.68844146839568,0.196257867555883,11.523135716383,3.27356215339793,5.05162348077778,0.886191680267088,2.27695131536949,1.26841483549705,3.44723873787713,2.35843745989256,2.39785492518997,1.86228906385912,2.58619106554851,0.884203172634635,0.137230533067661,0.249476403793951,1.67369404067485,0.961267962694005,0.761497438100319,3.83450562968912,3.13701813941629,1.06306428192519,2.36685258346691,1.68045870036368,3.39404487167635,5.48445848364667,0.830175986752697,2.1910297416253,3.51679974530957,3,10,3
"904",6.38075965661987,2.6057527339361,3.67234086598925,3.74853332377319,3.42002784279984,4.34372874746972,2.52504342538424,1.8355387889698,0.882030594726532,2.43587228623482,1.93820150665394,8.16998559111179,1.63391977714518,3.49159984739366,7.37287352057272,1.75378191024127,1.13257587705631,0.651615008754397,2.59122870919118,0.87530395972282,2.73260215802811,1.7219284637447,1.66724232067662,6.82986811227571,1.6082614705345,2.29876398560693,1.59528346645938,2.51273453884219,0.598586501418318,7.50500464960747,0.434897812468987,4.86558726144215,8.37563353797762,2.95954622676985,2.84735088357915,1.45467549833235,0.759744913050141,1.30021282509954,0.617207988856873,2.87369337101636,2.21381079070889,5.67867247259575,5.17841244314626,4.22621092938467,2.69087476896479,4.80355174734858,5.40179744227938,2.12250589471058,2.02992330122361,8.42537208015899,3,10,3
"905",0.328819290011147,1.57512926000559,3.36959791638545,2.16831884200413,3.31919702294952,7.4486324766485,1.82569711298453,3.2575829070874,2.26634804509806,7.1622962067456,4.81655947207771,2.71098363085478,2.75375492033594,0.934196427385764,1.88323435048218,3.17491915112581,1.11829377470386,1.08009508453911,7.77511064250327,9.55903613109485,3.91263437921778,1.0889533592747,1.57554577729564,1.88977389261643,0.91251774049691,1.54231630195833,2.44794093079024,1.34921955740957,3.34781164683717,4.00700712494166,2.4238584346254,4.27611745802307,7.11460289694403,6.69240883278492,1.12338472036441,4.10413654819022,1.06820231362745,2.62870045242624,0.523861142135162,3.12215301539168,2.55564457747579,3.30793139942572,2.17088104827592,8.21551294693538,1.01298424172497,0.71887588748999,1.90596342652491,0.610673672238424,1.7868727329989,1.69871542877991,3,10,3
"906",1.56747721593499,1.06081453083007,0.965627221560322,1.33030425786881,5.60636424385953,3.59432431247132,1.48463018483222,2.63663412323314,1.74055526011247,5.78875461470956,1.90610063589022,4.36165981028973,1.1556889948237,2.77147307152684,0.960004097111153,4.09915359243045,2.18706234953152,1.36965342360813,1.60023545651333,3.07437378517315,2.03005341167041,1.91135494917247,2.67935304164577,2.1449322624578,1.57295050532062,2.04812300713218,2.61158640098347,2.70865300875999,2.16406787856717,1.76568765464616,0.287322020222501,3.28380440612465,2.59296615762211,8.4009390047476,2.43546485693184,0.885006884354464,0.598258224188301,1.75427648711394,0.569518600055236,1.22117403252608,1.83920654446336,3.86919479310471,2.07413961410047,2.49833132846521,21.6309387841405,1.34230460736201,1.98409814826192,1.16002372129864,2.27553176216861,1.98755395594404,3,10,3
"907",6.92075790010491,7.27407496955535,2.82679742224696,1.3062023780665,4.67557945605436,14.5419225716081,2.50196000827924,3.28230432291641,1.51816256428101,5.95836834082319,1.69177389476828,4.21533411502028,2.84686701702128,1.04448161679176,2.05406671430664,2.46348348341934,0.850451675981578,0.84929103243081,2.94446901040704,8.76431965831482,2.52415442048628,2.85240689991347,0.467954946455069,4.96477181035513,2.86764120207671,3.72910363595445,0.803144373768043,4.33612237252616,1.46299193656348,2.69151055742641,0.72076406531926,4.12583486548286,3.20675585414236,5.66205624510003,0.85588924844308,2.03327221859098,1.50655064446732,3.98884987860703,3.12005106967835,3.16508074682019,1.13423006432427,4.9475298080661,4.92821300528487,3.08267229761305,1.66481338983283,2.09017179955216,4.19442909825221,0.399661813998023,2.49211219561315,10.6466007273236,3,10,3
"908",0.985617881115275,2.22434011705757,1.44190969471958,2.99010710449004,3.13907909911353,2.60680249193312,1.66789893705561,3.63814568247184,1.92796895097058,4.80142860781676,3.32368257139707,3.8667696966266,4.30300287857465,1.11532354245169,2.71115333317393,3.07211549559307,1.698418015477,0.878706007719733,4.19645707260645,2.32698562900244,0.663457286369995,1.94975887206418,0.778830739802488,1.81996467450602,2.39665416495825,2.53314105410784,1.17542573688497,1.89553881075704,0.808160553580175,4.43294186060717,3.79946129769117,1.40275653808333,4.48799791599642,3.00948207556479,2.29846650316477,0.660889310321168,3.29166887314643,2.66919735699674,0.353840066053874,0.698224194100331,16.6992378370874,2.9458318379594,7.4480385214094,0.76255039676163,1.84337937029014,1.90810684790469,3.12514437027233,1.83446036038401,1.77221430316845,3.20435670185964,3,10,3
"909",1.70635240744159,1.84878437625206,10.176787655636,1.07231134669505,5.29332192593113,3.58312234836517,4.56407995318618,1.35670934692971,3.7403933733649,5.21910708654134,5.03206155944386,2.98229887647262,3.15019036708522,3.68273159573155,3.74291503886499,3.05476940394427,2.42483708149292,2.663269653394,3.56268469035524,3.29281464311795,0.522683119307846,1.52091019690253,1.79751181798873,6.4186109779984,1.23195058883188,2.31784144095615,1.81611064636013,2.82502873307045,0.895897142774786,2.83853205224652,1.01870731798383,2.0259886940234,2.0615325127068,2.54986472000145,1.75068564627437,1.71158427680503,2.89335359454779,3.33213350544966,2.05281191336876,2.88432225379763,2.21239653071327,6.41534822121365,5.73369235615484,10.028999244314,1.19168739986054,4.35705541919478,2.65896951547847,0.2896816935252,3.05461432044008,6.6894798244987,3,10,3
"910",1.65252424997723,1.95523199574453,2.38403132458742,1.31084099824144,1.98558987412203,2.37257805028822,2.5036764328802,0.472993784114511,1.47374830030796,3.64375298125098,2.12863276917614,6.54342153358917,2.58048763909407,3.28147485012653,2.1954976645476,11.5504107029934,1.50496973221826,1.49782552124954,5.75046725961346,7.20455522147919,3.34154829101639,1.94858798440376,1.34493546382429,2.65470739446391,2.9255562952065,3.32320571815291,0.861215767334169,1.78539649828594,0.790199690507607,2.67420012949165,1.75110763815325,9.56303085389352,4.14469589562515,3.23355054943884,2.5558069758821,6.48151343395383,0.199812774731246,3.65263161852817,2.57681283253173,0.673555751268428,2.88804358912354,6.21979426633595,2.52229226477229,2.03383564246281,1.96693387427135,5.8641724238946,2.63526814361289,0.370741317846712,1.62149508871402,2.50027439322807,3,10,3
"911",1.72496397964222,2.38789944165611,2.60216963910274,1.39929157654365,0.947828772675276,1.66449791182719,0.788474446880844,4.03408505937628,1.60161896885208,12.2031262721666,7.0122966929278,1.71333210285921,0.985570237404449,3.84551004093449,5.77905064501325,6.02290252327464,1.76966807824272,1.56075706393402,6.24136725755645,7.01019453936929,2.06485827958899,2.54613990753829,0.453416267852525,3.42075641473902,2.10767124372176,4.43707154999085,0.397049386260187,5.64517836438869,4.27128731442778,3.29325474289366,1.80886694506405,1.96284510979201,5.01455094399623,8.40037986238244,2.50400924527918,3.80550874743574,4.4552696058017,7.47510121197787,1.42020206532972,0.65823478528814,3.09394076160542,6.18060465970028,3.65799780171491,4.15725265524147,3.1744041873694,1.25709736630782,3.60752633145111,1.04893509117581,2.42299671642062,2.72869988284608,3,10,3
"912",1.40787546538522,2.26433349503687,7.61122513663658,2.19801307838448,0.581356976319469,5.34024735151674,7.88852439019738,2.55794024698591,1.12825453126316,6.26849530029338,2.84362632907047,2.6035108564841,2.18909302105906,4.3567212425939,2.44345189697163,5.15245499152553,1.27343670543904,0.992575983544784,4.83319345580055,5.17238575679438,1.50934582908711,3.16989476896831,2.80988058817179,2.9250395119248,5.3757778712098,3.54744150718724,1.88298682613605,2.74757823642603,2.46309707656793,2.49942578478174,1.4646508429226,3.53720809069357,2.47119366197991,2.29529086430311,0.589306726694568,0.239494324546698,4.68526040073033,1.60903403787489,0.922049933746707,0.842172591897671,1.36145656135057,4.48596111093882,6.47690498808983,5.38006865521944,3.89007027330776,3.56539427156138,2.6544291120237,1.64588155523101,1.60157469915565,2.22226519658179,3,10,3
"913",0.360800923565544,1.94831106461947,2.17178300203068,1.74247495775463,2.80827004528042,1.3288323811227,4.5090639955721,2.13694538028497,2.16238385405234,5.33227709326787,2.76760619224094,3.75573012804049,5.01181597536173,2.16689320247283,1.84778251618438,6.44625858706844,2.9372816163223,0.187876728373099,1.40373704162052,4.97785874864858,2.34674226585349,1.66104269717067,1.45145724533336,2.97796463152524,4.05142527841253,2.14707040514649,0.819471789616614,3.73978298766257,4.913560218637,1.66582422793104,2.93866639851774,4.42921286762679,2.39461258738212,5.8997962973837,1.95896936212668,1.53437231972671,0.431434998776224,2.2906641004568,2.43418378621825,3.24939677381078,3.83144140466137,5.3627041573779,3.7744280516046,2.93879019597195,4.64979117907719,4.83258231132236,4.84263355238182,0.851185756397203,2.04736229332144,3.76199786156777,3,10,3
"914",1.50782228359328,2.18794618234507,4.18190726677848,2.76153460520599,5.19689774874506,4.32239282567512,2.39166380370648,0.722658194791494,0.953414459576851,6.13889625031528,1.50673465414873,3.80360284905902,2.92719945254935,2.54530351525123,6.91214419586727,4.0905936442869,1.23227273712674,1.93769472303197,6.41397863997957,4.72140111339598,1.69827686354447,1.7603751650596,0.76992081643459,3.23074425359346,0.557288559296257,1.07770861153025,1.02014462465242,2.48302122744556,0.479224390250531,1.19707470918962,0.160964361160892,4.58384445841278,2.88544713108239,8.41430452035503,0.984304908716728,2.14343882817183,3.69602583636736,1.38535153933412,0.220745584268961,2.22309108542569,1.85883415624875,2.51869527328321,6.62875602595976,7.82513180767699,1.84043346806063,3.36822516992606,3.59816486049896,1.39774255862376,2.78045088092845,3.38409384251108,3,10,3
"915",1.31979412335292,3.26489159509687,3.01665971427292,1.28437178307588,5.56488014023264,3.15355909970472,8.66180260809884,1.34134719622791,1.08800416632534,10.2874926008738,5.24820734919198,6.93734827580893,2.66305414789799,4.60971489936915,3.89832689798439,3.10149124916295,0.613678389871282,1.98138331324453,2.09846542614421,4.55385564344397,1.58883403150086,4.1918323140064,1.57140214914466,3.02411514213675,1.99064682602879,1.67686937979887,2.20499221866985,2.68944574996143,0.482251264549846,4.57921601499175,1.20565132664004,4.27911828378333,3.50542964564941,6.11269694818363,1.13670470083141,2.31448866996092,3.32294054730798,0.991786180550762,1.93875245268989,0.312499645782294,2.04874321011237,4.0640976345056,2.35213187532722,6.79101060224401,2.80703099086579,5.13166024171037,3.67310175314657,0.372196132820893,3.78355220111584,2.53673001561103,3,10,3
"916",0.896901544688813,0.975240019297994,2.75936464968853,2.36779637336617,4.62584760604997,1.42473887042961,2.30045852148721,6.84696127468198,1.1830026237872,6.34402968630936,2.32157297054102,2.27028440229912,4.62587091710485,1.51566460932523,2.57940292095548,2.87021229145106,2.64695448222211,1.83007272368404,2.09875908665449,5.62415323170961,2.33653645430422,1.6795184105613,1.24494283990307,14.3650646460185,1.19024962275812,1.51532818954556,1.76260847744128,3.61675554582505,1.07071492257084,3.63791890006495,0.552016527339089,3.19092076481705,2.52954569918721,1.47150710094494,1.79818271337843,0.998396054137686,0.411218295340684,5.51585506804073,1.89760942820295,0.338249461868007,5.15587131183772,3.14668456921857,4.06586991148793,6.1147991322942,9.53114420260388,3.47441561715932,2.5094466116497,0.206487453376561,2.28524317716769,3.61942660291328,3,10,3
"917",4.55109249407607,2.12977335307093,4.36379690485158,1.28025215537646,2.2306824504014,2.45032640040947,6.04798038442576,3.41855456001126,0.700849657643342,2.47710949237213,2.39503266223005,5.53592025374865,3.05263247910588,0.32960916949657,3.99762515589223,3.57490429311854,1.7079355685308,0.528349573107837,3.98671329920397,3.46807192174431,1.66916383197654,1.60766885327916,0.765081809308732,5.49375025867603,3.34670993457255,2.64833120028644,3.60134825692644,2.33115094514663,5.7662610654138,4.15617675494059,1.23492337456765,4.17303520220753,2.52362828328751,3.11812250211788,0.934049600397674,2.19095216762118,0.439869076323096,2.39184735345383,2.1707167892799,0.393517048581381,1.25837764589072,4.50847022872501,6.57121356391248,3.53634577408117,2.57870864392283,1.64412268003369,9.318253773837,1.57100749489944,4.90030661872411,3.47892642870971,3,10,3
"918",7.2502296366023,2.46981284173297,8.38651319566577,2.11078160916001,4.64652016274159,3.16004063283615,8.99942567846312,1.92529168667156,2.39087225072913,7.24643695576451,4.88868751683137,1.85993921096887,1.89810056370206,3.68820762454869,4.36855932357629,4.8236675001627,1.75673618295619,0.915674265559368,2.68344874875419,2.98423852125747,1.65033486358184,2.51618795658566,3.26553416409358,6.87191947983879,3.37525317262206,2.739737125842,2.82431256645325,2.48641632692431,3.41602617567833,2.81239721123117,1.99517335202355,5.03531031620444,4.62786666142939,6.27678216183748,2.21909281491467,2.67424252012419,0.507151632991882,3.33308622256424,2.96056425830639,3.25342809562033,1.6783104036456,1.10712313915694,2.50579751989081,4.01284538024817,2.40526991772665,3.99913401526811,2.91870227495837,1.97682379866668,1.96262400850854,1.69012762637487,3,10,3
"919",1.03716954293692,1.96656873821161,1.87786709419503,3.87933644493149,2.88499798590003,5.15737878970976,1.52723393202027,0.91439902347438,1.74766645782607,6.074534371257,2.48646665627518,8.50642873998953,2.89989317885515,4.39910563975285,2.46102361609842,3.90452583713841,1.66290668959283,2.36549621795338,3.44898750183005,3.48824309016085,2.13736503600317,2.52433645329764,1.15406533266674,3.27693879439202,5.43343916355858,4.43354237107927,1.02175928104046,2.11712663075017,1.27442058054141,2.72233910195941,1.31988918142391,1.17490873840568,4.6575388052529,5.67846936342282,1.47730336990656,2.11965296713977,1.71320885734726,2.7369061963886,4.41258864139427,2.08104564993011,1.75752246929042,2.38113862107722,4.06947516272883,8.61870149055542,4.31937864883891,1.37761564493331,2.13609514817118,0.564154437438636,2.68288227437505,2.6350868881122,3,10,3
"920",0.906512119545585,3.82782694244242,1.71718445345364,1.37811827245334,6.46066615622491,3.95893782390673,1.86369840482828,0.167172004193842,2.12852932739147,8.85667385667321,1.73999644819298,9.19032671406231,4.48985346038122,4.77302335896255,2.20753980142298,3.80890174708158,1.35523672852256,3.97450571993646,3.03243738997568,5.7690706402231,2.68493053120419,1.94111396145432,0.437918458674047,5.14153697629457,4.52473969410114,3.60128600041534,0.613364569904828,2.8582228219823,1.92948177619225,4.64428753975907,0.534985271700287,3.16893731052035,3.13035424995114,10.4956371964503,1.84568907366074,6.52572831266828,5.91700071783677,3.58540197470453,2.17606365334702,1.53644121410807,1.08238905774103,8.42909212119475,4.32274917669499,4.22096906589083,8.08615655656553,1.88001468602877,6.92316043472796,0.132601746307876,1.81773278598483,4.13144988318683,3,10,3
"921",5.65695470811999,3.722995950505,6.2629006583967,2.51029577141639,1.04433190519294,2.70017460710406,1.46337511947419,6.41335127416444,1.45795980612661,18.7514970188923,0.654894285635864,2.29348937190168,3.12304038187115,3.80609841855965,3.46437700018467,8.29303296149219,0.728396718291998,1.36592102725359,4.96769716324435,5.06550901744349,1.1545060735842,3.48891379287643,1.93660128770674,1.60293113767615,3.05530524571945,1.92487900460294,2.08967223823942,1.95812885175821,2.04404034592805,3.51364180657317,2.09232083708271,4.48046434523339,4.02093916036656,8.00550984534222,2.60689114069338,3.51836409572964,2.99719497247925,0.996573761629985,0.621146830225777,2.26744086798493,1.85822091938036,4.09782614587323,4.17601409960682,3.07498904801629,1.66582948578376,1.55188970085269,1.86742133704553,0.374628759521587,1.23538599934197,2.57323971088345,3,10,3
"922",3.02713210410997,0.591012132855009,1.74758872524698,2.27658945147373,4.81403543519426,2.19665867938351,1.47608079944515,2.79003216514322,1.67147111946135,5.93035010975426,0.59522458008581,3.61550394738389,4.28025861757509,2.16555584297488,8.03511486628517,4.10486655716338,1.58336798163142,0.986948827393675,4.87766602547788,4.30112115882296,1.35820614371545,1.89400168563288,1.3625693885694,1.48200630989808,3.85016246582611,1.61745936061981,1.1474771833561,2.27199693014321,0.872619458222187,3.17706456967628,0.294664846598151,11.6578731420591,13.667295163217,4.51006046153795,0.958658368312675,4.81545359522799,1.66168244637287,0.629378579501474,0.771309507032908,2.60372039879175,2.66685920376537,5.71956601309472,2.89940696732533,4.96982927548834,4.77424979738476,2.02051297136272,4.84805926005186,1.83537127651866,3.30167171063382,3.35275040472787,3,10,3
"923",0.754972939802421,5.23956219356646,8.33354972029701,2.02719897098334,5.88594368551084,11.8305919361076,0.722091867234039,2.75644723620106,2.17950308915895,2.45082029559993,0.964758973107069,5.61333953939219,2.86315754165422,2.56681582148489,2.42674648144458,3.95783877740811,1.61579683543609,2.65146781741714,3.36428063162635,6.84639172204055,1.22034945395788,2.13080279721615,1.58455862254483,2.80642530404893,2.95361602137806,5.68872694007438,1.52167217952859,2.01176681411447,2.75958995310524,6.54064068382529,0.902701501778813,4.17196700956088,1.54266869395859,6.70211985885614,2.16899241933462,3.15585258733791,5.73713720772058,4.10443156180267,0.817875427367412,1.45729482265768,4.06742899557994,2.16066995607775,2.80700393598437,4.9620591201564,6.2533782913103,0.99740010279268,3.48940406302697,1.15891932344985,1.15224636836142,8.99198093286501,3,10,3
"924",0.900101906904293,1.65921831611311,2.57495495723389,3.59029426614157,3.01405238693203,2.37583065339161,4.66986694034113,2.3995438371281,1.34503354183883,11.4171160102597,1.04746112994136,3.59766261061231,1.47720426346718,0.45900532695218,4.9020066241233,6.6019422334737,1.825255022571,1.16139953019248,2.1478267181386,4.9410213523434,0.952520608449752,2.02999630381299,1.8794440475212,2.5934199092393,1.64305975579907,2.08343996678681,1.45569680738339,2.60135648116408,1.24309243623325,3.30646757090117,0.533698023150495,7.05567529341478,3.18267584568012,12.2907789362904,2.58784412926031,9.33830125699267,1.43583271031728,0.644866905164476,1.7094403888009,2.96721202944267,1.29025600066899,4.73196402465566,6.7806981455019,7.95646909103816,6.38983407875479,1.58431681899953,10.6254985403135,1.59295629779007,1.17220554629523,6.19939311794347,3,10,3
"925",1.03370310576932,3.89086455673208,7.72002211162051,1.92817010898234,5.85650233149901,1.40612530349028,3.77385956708167,2.94998346852909,0.603194058118366,2.35355429999207,1.4358398627507,4.3784727299167,0.930973064317916,4.48674926251407,6.17151585580275,4.39339341763703,2.59184142844103,0.5639191341762,4.83341612096461,0.998586715936646,1.23331480629187,5.96646051647611,0.923301756293633,4.52925792954419,2.75456546120182,1.54447633876476,1.78780858470893,1.69585675022265,1.98874376960261,4.09814884009135,1.25828840776813,2.75185120836503,0.541964326660554,4.71134682616201,1.97013715201183,3.17299604719115,2.07302355232835,4.10577104231058,1.51685442118444,1.59209510186393,1.77755686393909,4.55028850699015,4.28375577343658,2.33102700557254,12.7999989216129,2.15899821412372,9.0415842669464,1.68990332663879,1.73567041685502,6.34491639556784,3,10,3
"926",1.61175666260111,1.95124386291657,2.72330287288985,1.77118254525032,8.54261261811077,2.75098160295791,1.27734902748916,1.09721666084047,0.624895879347039,3.92614752057625,1.88859063307498,6.85495420458046,1.31982362514972,3.35837712760167,1.5637475218305,8.47603564740887,2.03614142166939,2.09300594788705,2.20777932020821,4.0938949096507,0.876740018335571,1.99607030882184,1.60794933903833,14.8772337292815,2.49113650737012,2.28423847187482,1.67275561084536,4.70919152629769,0.645988581220322,4.57349153646027,0.840800374926899,3.93854672918054,1.48397811973599,4.07930559053959,2.30237090090895,1.81111939023934,3.78051624851972,0.729020278765737,1.71256951848193,9.91064393414901,0.99491350019164,3.27405021037432,7.16067133515759,1.30598492442607,2.37735860047451,6.90222933659176,6.58320977264392,0.970889944479695,2.83005178991342,7.86987012972837,3,10,3
"927",1.69551553139642,2.24951196671795,1.93699454690704,2.43185883381886,2.9555532059426,1.73436027161091,6.58825333780022,3.96287828490314,1.05257908507141,10.1428081943396,6.95979248540012,3.97513429985965,3.16006288376292,2.93348096179746,1.57728009724881,3.29596152088678,0.421280172040243,0.898428745762589,2.87330772630993,1.88373613130712,2.78821455892729,1.87929929195665,1.15113317987205,2.84251674606393,1.07826350418212,2.31892473043007,0.923260206094529,2.10023881658335,4.52400480830989,2.53849443467427,1.79242703760339,4.29583950541063,3.58844785458477,4.33093121476255,1.33706506852078,2.04895450247069,1.3187559729905,4.0741646050825,0.711115446948536,1.35018415438485,1.46378906423334,5.50161590849927,0.450249366523385,3.10396985705592,9.54642081909005,2.28125901966161,5.37082988426863,1.81875698399921,4.14415583916896,2.63758589462608,3,10,3
"928",2.49690710744651,1.28750185549806,2.34666985631829,1.19787357143975,1.99158103052598,2.17574703588915,1.84772676942016,1.35870776277712,1.46114223422839,17.2548149768455,4.8297068728727,3.31837121530861,5.17170253705235,5.67753718387257,4.73466238010166,2.5820337914803,1.09544152545299,0.576867423771676,2.71232566771316,5.34189069728543,1.16292228700263,6.44074898486102,0.995811595188128,2.05261255715163,5.55721153194033,2.75665850162482,0.391803527720626,2.70062884938726,0.575209274329677,3.31325040285269,1.08391588177571,2.13473874665537,9.57137766665421,2.55352124070842,1.56754419455608,5.88408885224749,1.99269009681005,3.94682784166579,1.20508065210492,1.56652722820071,0.873256394911033,1.27145726611025,3.44549826752072,7.42677109504124,1.45053924679862,1.30775841187627,4.90283506741351,1.39693923849678,2.71074554671803,2.69421877554497,3,10,3
"929",0.564725680972738,3.91664455146529,1.42693096499265,1.30958677735016,7.4154775502465,2.68573961294276,2.87000058736896,1.494983078217,1.28746374794833,3.40464934870064,1.14389186912849,6.61206875785597,1.96029835023713,2.79732899535777,1.68216117209309,5.18805060912147,1.18534035535048,0.67524764468069,10.4056807608285,2.80373926071672,2.11835930723231,3.36462946611846,1.89858917297117,2.26869969322169,1.14636259365044,3.20345353128985,1.07717009685041,3.55950722993955,1.96482452732286,1.61456640848607,0.288653257155671,4.92490575072501,1.47785255749876,2.22149680152413,1.70862571538365,2.88004992717709,3.81188619239989,0.383482843969254,1.71522527843717,0.327893711743012,2.65949121096994,5.15482830192383,1.4799298105723,3.21256438906769,4.33837745269068,1.32207856170999,4.35887511627283,1.55323149151317,1.52934325841363,1.89624822954854,3,10,3
"930",1.24245410525481,2.98421698752352,1.72721766594558,3.81971267651679,33.7416853806414,2.22414594382586,7.55264415031335,2.07017260983875,1.65621893784465,3.3196589525418,2.27719461777976,10.3505806435346,5.40798797273864,1.1678476144643,6.17657034747263,5.23879673660214,4.45777211925092,1.4322531847805,2.38227652431663,1.49071885771953,3.25039934267074,2.07416099231985,2.43798730705536,2.60248846912902,0.781315753759104,5.21102386117155,1.00766672662252,1.07723534485259,0.764333486331443,4.03891018000112,0.863566687277328,3.03939518817517,2.33882078152245,4.36979466663086,1.65116151188229,1.1165324769149,3.04119970298969,3.57435936762559,1.34027485214092,4.58283253268413,3.99716702314434,4.50015254406056,5.00396160854325,5.55805146028639,3.05286741469606,3.44549167713999,9.24933082412888,0.682346849388445,1.59836714822924,1.46469593600952,3,10,3
"931",1.45249251966957,2.67271038041055,2.32492283316122,1.76290817452954,1.94974347469443,0.814890568286259,1.62761469865165,2.09567414261117,1.27522299319266,15.1151108770512,2.54989578236217,7.49748368012212,2.46674999423152,3.00744653580278,2.53596868885001,3.50173857696742,2.21392120810109,1.90647051908249,3.06006435058597,6.71748430209352,2.49945382655952,1.05459825024596,0.268986844136501,5.31050064496448,2.66350453486693,1.4170934351955,1.98082616850582,2.78986714659502,0.872290359929624,3.52567213450657,1.00976429372266,3.56500386098065,2.45170403357541,5.22379569426694,2.87968645401305,1.49762427598697,0.250626931952893,1.52725925299007,1.48250817564456,0.818739990653452,5.58250038680078,2.37577067122848,3.85119146223409,5.64990666149728,4.37182926371536,1.53407791039763,14.9177677032183,2.34312980405159,1.39526629858147,4.26356714200571,3,10,3
"932",1.43316711409179,1.26810558637953,14.8969911321609,1.25142531982977,2.03246972976484,5.62502799073798,3.23611799053035,1.01319428984624,1.91223911756834,13.4502829726492,0.736321184440761,12.3212623755519,3.49263050856726,2.6457241187383,1.93843924424441,8.87454476657963,0.555562661342598,1.00478296399622,3.60883551064524,0.584109500440818,2.13216560820889,2.60541562783468,1.40017958679682,3.11920758286647,2.19827598540102,2.04616859999132,0.942089967912265,1.04406300495699,8.57842027314612,8.44913471307553,0.950550340817572,5.47422257432898,3.01954129032428,4.78042125939549,2.36061587522086,1.22243467566045,4.24615291074991,1.86766882793717,0.616273806953592,7.22267897537363,2.79358536852537,1.56586345064659,2.60125107554975,5.6494566570189,9.59005213016571,4.60652641869591,1.89934981181618,1.37450529544971,2.06197881067105,1.76663362804023,3,10,3
"933",1.17884761635868,2.48710353340263,3.68968117684417,1.52811482234636,14.4451975620107,1.91151495145649,1.61056555003856,2.53469272761436,2.24590289388142,2.24451481324513,2.99310150061122,4.33247386035555,1.38345092849981,1.80966001052641,2.93457784763348,2.39151258062531,1.33187003335867,0.384430861558061,1.44257397715705,8.80863192961062,2.87433384221754,3.11475070910308,2.26441294581992,1.9064959738391,2.72718017801001,4.50991910303039,1.12616755158532,1.1623213457143,0.905727014580271,1.91969408702101,0.558535952275774,2.93278296713401,3.80069026222115,3.67316271890089,1.1223403860221,0.820656086606483,0.686791286656085,2.0122104513348,0.270092086218176,1.32799848207084,3.85383863230825,5.24526158912457,3.61952208407046,14.7049014051774,0.913599620543955,2.82878512093385,3.18091614183107,0.547679322340329,2.25971088148612,15.6796735530969,3,10,3
"934",1.61880612844439,2.28279204354966,1.62092591800504,1.40263746297916,2.62686424231199,3.32289840384301,2.87148361212152,2.89188404259153,2.64199802435695,3.15909553961926,1.9769819605137,15.0822586959992,1.18682083428867,1.3699132691157,3.19316607556866,4.98171174407655,1.35494668890842,1.62041005022346,1.77331554100175,4.96418884058303,3.60130745268864,1.79021832038094,2.63257502120143,3.04447893375754,1.33657350484585,3.2420869958037,2.97131417111846,1.5045149735399,0.782594894295828,4.61541425737937,1.14801839528867,6.67158913359259,2.2839922262899,4.41359684507652,1.92388186187804,2.24288966723451,1.18969483526869,1.80331538194541,1.52147507347063,1.90042836057752,1.59502547282799,2.11040514708243,3.79140828803157,4.88007211113765,6.00918043687594,5.861388984812,3.08104246702949,0.96544619102306,2.1918427384956,4.97378580213058,3,10,3
"935",1.11827318930153,2.86704219276527,3.97612408513994,1.35788099175141,4.75868509979362,6.1214118521725,5.75279137631066,1.96533455866997,2.17487618090845,6.53902862225782,9.43875164594547,9.80427345391371,2.70171963090174,4.72173628325432,2.37658766037851,1.88891042125436,2.5539098972863,0.655660480813024,3.16980725627068,4.78462881162846,3.17730002572906,2.69253525091906,2.82283432174397,3.96603534765601,5.79953573634951,2.91689250781279,1.32259773756653,1.96439606622895,1.50631150794059,8.28390189642937,0.676583776027858,3.14570329785463,2.45325270554651,3.39593168823011,1.3501123570623,0.872177570597802,3.83963665295466,1.18453237238171,1.53503242692431,0.457386895616194,1.66541372968997,2.95352800635739,2.75091248542853,2.36696974873967,3.16775797027273,2.90999343499109,3.73591906890088,0.391597589184348,0.620954778192073,1.27104440343702,3,10,3
"936",0.679305808192918,0.696320359326633,1.56220161474557,2.35188485044143,4.7774262760032,2.59757791241483,4.44933505794424,2.22630827729508,1.23443647428191,6.18316666722625,2.57756596369484,4.8645576023972,4.12825071225498,2.23369774449298,4.05666719583181,3.27766578009218,2.03033804122112,1.78855673943313,2.14102547490111,5.9344726713398,2.49437629200164,4.08671907811032,1.95012223739829,3.43485991310086,2.97768889047994,3.06900810602665,1.12450670158174,1.44662921526778,1.95294590671569,2.50779169895,1.03671309651014,6.25266346105531,2.02454331156154,2.54468925734691,1.2295912507783,1.43361734199234,4.81822699846022,0.974407171819641,2.21828120512306,1.50821055866384,1.7133562169494,3.80870355518369,1.02980150525282,3.08784582820815,8.09567628561158,1.44447168665241,2.36303265640906,1.7794955576124,2.61202389910253,15.7283313730742,3,10,3
"937",1.51061995203839,1.90611566288747,4.85343687870776,0.521544961131489,1.3698263063221,1.7558872500926,2.45614297341034,5.68434687634021,2.18865483487738,3.10852508132219,3.67036302673214,12.6852411058248,0.803760252068935,3.87984092638746,1.1554118289324,3.75830473171563,2.28612900859273,2.62962427356015,9.58469270444595,3.30547792352055,3.02161473968426,1.73286655789535,0.574892208388397,4.18965742901657,3.45118064212516,2.35180663403577,1.23567947583234,1.7549174666172,0.747520551341976,11.5143949039667,1.97847415308969,4.15994959996337,3.81970938292086,5.77304823298608,0.727739336868316,1.04569773771845,1.31951448696434,3.37725635859048,0.545109541969284,2.79448812158307,1.30668025827076,6.4542909268554,5.84350837980741,2.42493111177422,3.41935939094588,2.57135788199322,3.82460642338719,1.12011282392247,2.72417042582398,2.32118990990222,3,10,3
"938",0.643830402277033,2.68261942567619,3.91042253137744,2.5054772469669,4.48668533586503,2.17868181511621,0.479354824325527,5.03970368168531,0.935764275804531,10.9346638590358,12.555253592178,4.96056945913833,1.60986264046854,1.55324841954665,1.97813257790224,16.6701403166988,0.278666328309325,1.13908628079376,5.29696815455244,4.87275477559693,3.53123861804081,1.32491537971787,1.24184307721382,2.92700006648145,3.35682495591662,1.27896260460179,2.96883273579302,3.69071711245633,0.933448706942252,5.45167035908964,0.959225803534347,8.28342365510539,1.16121382852,2.27618176963025,1.30880983391493,6.1083174704605,2.74140735980572,1.24658579964986,0.263584912518394,2.81676316263865,1.77758800420836,2.55978528293136,6.31747903638218,10.1894390045175,1.72513337253753,5.44709363557544,3.65895268126015,0.649643788202279,1.82186312902748,4.67747783500569,3,10,3
"939",0.361381061000852,2.08087712366914,1.04972246256804,1.39048102008933,8.2375666346795,5.83231137906582,1.29214781038189,2.39039459471499,2.46089143331951,13.7800481273166,7.60015884563117,6.92584932547154,1.39749838424241,2.55187362292796,3.39139001015066,6.08835921625871,0.814016854919194,0.848956527007757,4.02061304904088,2.54420570552901,3.17715935204077,2.52425284002649,0.763472551273214,0.780321741010492,3.56245727491154,1.64382451618388,0.985325939830647,3.16877999535214,3.72047807552643,4.22131407665485,3.37873064564425,2.13604498815682,17.4211574565591,6.91829487545417,1.65777001510142,2.68192786901362,0.979641478062279,0.321469751369336,0.328130291177049,0.906156172951543,1.10889873333512,5.37045722899369,4.00854250467996,5.49705523130141,3.13673217051777,2.07767519745559,3.32683222816834,1.41597836284347,1.72891993019096,4.66099536099972,3,10,3
"940",0.601423880600054,1.5173055448355,1.5025626322178,1.1142988489912,3.46278295329599,2.00106553290454,3.0527262984881,4.43676421168657,2.23411924372803,6.01843710109788,6.95843347045776,3.13853079297353,5.35351082456734,2.13519607924108,7.04967982928025,1.86934411941919,2.49680699958559,0.395753595563902,4.21158820877662,3.79626340868833,0.916655763364779,5.18704022131772,1.48842972325187,3.4205059813281,1.79603711503062,3.62776601185441,0.628125892434613,1.58568201202307,1.65777243569311,2.62914160869261,4.29881551688522,3.31922007709864,4.07084681558131,6.04521958585215,1.02069421794963,0.71759046082481,1.32820084687272,3.75661230100744,0.564709368117437,2.06722713946299,2.14741785426887,1.99948768787886,6.32673385638555,3.02474700251544,5.89058145206969,3.38682917329316,1.83811198721472,0.950921137905139,1.28689962342545,4.09853500502518,3,10,3
"941",0.882166184899109,1.40222142507044,7.1682825104442,1.49303714744057,2.52027725335203,4.03715975751569,2.1201059324021,2.59103890813657,1.92584697604732,2.91873119275487,4.12102379007715,5.38062945640339,4.86042089775551,9.66278777400692,6.81586497927,8.63548152466539,0.766329520572105,0.370956068626244,2.57583819555395,5.85799887764207,2.7530407993215,2.49763260877649,0.472546421568807,4.18445072473443,2.4104030212941,3.26457709515219,1.77149933267669,2.66744376194169,2.92985433461475,3.1389742985775,4.89580922447808,3.06579407693381,0.959015962279839,2.31522354969276,1.55764171453556,5.13165793975221,1.48888041352991,1.87819374361212,3.04674369962773,3.06001690841978,2.64601644587379,7.50946204768878,4.29025811682859,4.4293065816446,1.85286313155408,1.7979691678096,3.50878218790826,1.68737917985774,3.05605119893124,3.14596838162784,3,10,3
"942",1.04029301488492,3.06375449919727,1.75001479106847,2.49209374767965,3.35764232175015,4.81517065023495,5.87353170285559,0.805682995235491,1.45630540865491,14.1677577950873,0.835304673853108,6.26540123430342,3.20286734992407,1.78952420486061,4.77352429943445,2.75579227696149,0.637233790482082,0.313200414876025,2.6878137310556,5.06904968758437,2.30165631598663,2.77879992892982,1.9774049026469,4.38342510542003,7.14811891560104,2.45494170932466,3.17876548333629,1.82018172990362,0.871247140258724,3.37278867969608,0.852902087184908,3.85738836045632,4.50165508832027,4.38968731612061,2.43598729650913,2.45208918714318,2.29947794024273,1.35635131188461,0.716794951353047,2.63700313293356,4.51508991764921,4.52842123922735,6.59475235052148,3.44641147347667,4.06636864079584,1.60385998757951,4.47151721635318,0.520902397616705,2.00406825732099,6.32262329398243,3,10,3
"943",0.568933277915929,1.72283478045863,2.41023674232877,4.48094606741052,3.31497784816459,2.49453223756214,5.57086960786828,2.03700514308875,1.40458354257836,3.10179675452702,2.61904795482994,3.09633760361233,3.79424568847707,0.566353674461639,1.68357394539995,9.25249155712196,1.80758688361261,1.85334516714704,3.57195419608267,5.30164474869009,2.31797853670289,2.27288595423138,1.14842067720513,2.86024122707788,2.20587617129808,3.08019813235607,1.94215170288612,1.25613061134198,0.688667251386636,5.47656431683543,4.96840332554269,7.98269597591728,3.02348596241454,7.64837384228122,2.12222712473111,6.88342978169964,0.20524541412532,1.36301654673231,1.2198039485344,3.54548462116891,4.3307445120535,4.98177890840145,5.84227057384576,1.40697162833119,6.33875024549684,2.36261743450848,2.04140840843835,2.2242664583969,1.48072703931751,2.44740514714032,3,10,3
"944",0.303608090370968,1.8727631294191,7.08309993282512,1.18092706066407,4.22332885015638,1.74096210136789,0.946051446401899,3.53808737707439,1.84685671823378,14.8589240483545,2.6611856316601,3.76953792224977,4.66385933921224,2.66698380644697,3.62780987737584,5.92136695650862,1.7199567636308,0.768979724022661,3.60273543964069,14.7691014252714,2.94301545213995,2.70904251647231,0.842826553842394,1.92414571550241,2.82591892737715,2.29317318748938,1.31962818102522,3.14420417192028,2.27803280753564,2.75141277451732,1.26252023323055,5.58673147941076,3.23514652702629,4.60053497462309,2.35770998217773,0.464429642913936,3.2533500383124,4.76201163174187,2.76357306768826,1.29787480287751,1.83443665875698,3.51783874920232,2.81867999180178,1.75499533090002,3.05490465247975,1.592574934554,3.96280665750507,3.28631572722886,2.74062967188563,2.22861857581975,3,10,3
"945",1.87947322191128,1.77980252077877,3.0536228011823,1.3180314411148,10.0880255944108,3.89285871286455,3.64373810046375,1.83675386276788,1.39716872011668,19.1382149072325,4.7556017789429,6.62346775859882,8.02135160375976,3.13679920014379,3.09678921643297,4.5687448078285,1.56062624197865,0.593123959319372,3.093007693296,5.28563254944014,1.42356642461822,2.29596513536575,0.875084751663598,1.06763270799522,1.8380143662574,4.42121347730447,0.68175808988653,2.3250034745031,0.484496866523664,2.72829045110288,1.39212715130172,5.8651747106596,4.48969596446664,9.49015900981089,0.308523071616316,3.16718260644168,1.80893583743995,2.29595204965513,1.51529102194416,1.34247972409255,1.00944610498695,7.24810560839778,0.522834629883252,5.79857791069265,1.71644237033984,1.87511169153049,5.9726673793202,1.55659938523966,2.02605102503032,1.70365533025233,3,10,3
"946",0.701480759374485,1.118040948228,4.19237237815091,2.08625301306589,2.85276637259243,2.69748795802518,1.61580765847833,7.86510111846293,0.489663509432084,4.56880816197412,2.4425208088206,13.6163838075927,4.00272147436736,2.26765631388885,7.03275404156273,4.44946079462997,1.40299709572468,0.838470834158456,2.08003098294182,1.77899641567375,1.8318478668736,1.46959742769765,2.36008142944971,3.20764205046457,2.85857625669613,4.94995480901653,1.98315617379731,2.41317808198025,2.58001525225473,1.72581972335807,3.1617703272218,1.09214758076596,2.29651746733079,2.96632244087294,0.889247159479901,2.20595875285661,4.07355048052212,2.29783236386213,1.61316938317279,0.469834817799673,5.01797589656506,0.96980859657482,2.69515704891075,7.8887227214585,11.9465290173513,4.28097410743126,3.66908871770014,0.974250748025777,5.09572744705482,3.87314215856699,3,10,3
"947",1.42615101865236,0.342324755530145,4.13015156074894,1.88474198215074,5.09033669032323,2.55081408649134,3.86713164103798,1.78581432922165,1.28516374153657,9.84089595403915,1.14846750750215,8.01348999588022,4.79738330360144,3.93155080770394,2.04358838332741,6.58302279490538,1.7867690312074,2.31799994470131,1.62704829361284,2.46317737247038,1.88900919031819,3.69307113291142,0.495000101165526,2.09921688394158,3.12376975478279,3.06082884308684,0.727236893734525,1.29633941091647,0.951941382124518,9.62674991650439,2.32354610609534,4.9591839157811,2.8739175964649,3.57621774918124,2.12254784802011,4.03348160189465,6.8201838038091,3.47894221434339,1.31932561460073,0.788524090649888,3.31170932032471,6.29914786763869,3.0340446550653,2.27652571394139,4.37945688799441,0.965346964468298,6.03365513961962,1.04387568364966,1.82135380719613,3.52525704734064,3,10,3
"948",2.28798248307433,2.66942055746012,2.6385964017829,2.29877842491618,2.53089250162138,2.44584518759798,4.16307246964994,3.31630840725225,1.53515067516108,2.72756767058731,1.25582271124213,9.3744025453441,1.09935012384787,3.44118162886556,5.43289607249314,4.55141463862403,0.86688348240876,0.629128738434495,2.48195612408501,13.3939206495184,2.80069674593233,1.25537801063131,2.4952234267922,2.60540427102498,3.42244842424016,1.87355878536755,2.14405205837551,2.49195712902366,1.78846690194125,6.14092251971558,1.04217584407825,2.4999914373036,3.86384986039826,9.33346528594291,0.852724482121386,4.48270572426375,0.82228633917432,3.08802703986155,1.58088338056687,5.24731199971063,3.44155268619703,6.19030436273376,3.23146761984246,3.21543903377917,4.04356782193761,6.37523625081769,2.16141396113565,0.761540309502187,2.39086765814809,2.94859512764268,3,10,3
"949",1.36631819940488,1.99153530943173,7.57323636360213,4.58953010634892,2.71502190264187,2.1688792440785,2.31458901620269,3.29221861313745,2.38676628483655,3.91370988524287,7.29396718618186,6.84255654551401,3.77375168347964,2.81523045407881,2.22229326439176,4.55615161025654,1.81475501584354,0.951967167239169,0.599732948349114,7.25151482512522,2.37453131346248,6.25397409066093,0.907832891706644,2.42255008201803,3.63145591036,5.21206765264825,1.27814625418729,4.40233878683574,1.35079856170021,1.77344234069446,2.77426893620053,3.41160796437951,2.52499133030205,0.437112281084159,1.36470149610488,1.10854021018882,3.2455784017037,4.05524379119239,2.60244882463261,5.26630720743539,2.03705640328961,3.4326845798746,2.49239959441251,7.13820777348228,4.69068100542271,1.52720112876521,3.05443264665685,1.46114658202799,2.61513523096926,6.10509078313033,3,10,3
"950",3.80307745980062,3.22597790712268,2.37602779419172,3.0482114569608,1.10006195189902,2.35423901394059,0.715089719476088,2.06460985478326,1.31110482364658,7.6196424687111,2.69067298222193,4.5652108786396,2.42821424921098,12.4246853874866,2.61398501684222,7.82776980361931,1.69346447938168,1.73769817101044,2.10679808012653,2.23796695029159,1.61431056918857,2.93627468297567,1.64644429285087,2.82859854867672,4.05656021817514,2.67515890394341,3.80055957842277,1.24335510314393,0.558925349265196,3.25940745633523,1.98111038805177,0.778839822141627,9.49217914922582,9.14899178168106,0.554978355086339,0.434070368989517,2.23674851076339,0.870165129282747,2.65290823773588,0.867897735616063,2.58472320606494,1.93562628352576,4.81140772243463,3.38774606171827,4.952960198638,3.19455997045466,3.20538837900895,0.564728401097384,1.61221054166394,10.9757115534831,3,10,3
"951",1.745982042163,2.97151062469613,2.2047061827232,1.75340384042469,0.721015156491029,2.46866496741412,7.24116178717611,4.18954068266786,0.811199103228505,2.04956151848554,1.23550320349983,4.69650563711737,1.70262467423904,1.25366885262129,3.33782360933394,4.35778696188862,1.54726524906604,1.06911952609244,0.43636132206076,3.53066911146027,2.34702983051995,4.41097603629193,0.63970869779509,3.4885223270922,1.8645869320032,1.42418284189421,2.49889190971182,1.45532097992032,4.71008106178638,5.10965052302305,0.589084795596453,2.56902068353394,2.12317561438041,8.59524001885206,2.70533847565767,0.897060766505178,0.161450389701738,1.49524531194486,1.00144342225926,1.67186940875305,1.12115998631047,4.59811206710055,1.73684719679298,4.00503204135871,11.2341043791636,1.30895579527378,4.13293612597203,1.30612314941364,2.03973634860838,2.35305328524602,3,10,3
"952",0.529477053894404,7.17249325361987,1.8505574900652,2.47516218606335,2.73434591972477,2.17315438779744,2.15025316053955,1.4450017377846,0.871862820393465,11.973297852625,0.823517310116989,12.9737780237651,0.547474139090659,1.25054856738275,2.54616166822983,4.711035358337,1.68328584816961,0.348927030422671,1.7796400168023,4.07533038680755,2.0687803493278,0.896156991734423,1.04252627338399,3.06861111616729,3.30048454828207,3.47082641346184,1.648901392788,3.10230034978997,0.809614303078005,3.11592806116851,1.6712192753615,3.81844015794273,7.6276182983641,6.00907162051242,1.05889614286435,5.4752981942185,2.40840441227751,2.68287005689724,1.0291630941366,5.86656491462753,1.06023139025084,40.8036564260888,5.97754936360019,2.49760574276798,4.03366427486856,3.71436925657306,5.50686798733225,0.674370647809128,3.55956322018644,2.41920434440512,3,10,3
"953",2.87479293270018,1.47571137016991,2.26592625479114,1.60793703124362,3.63993944268409,3.69696278256591,0.484031162252656,1.64983615718976,1.40390389998598,4.15893435992894,1.38939993575967,11.111997502853,3.87094615879785,2.49798674322519,13.3979631070158,2.7727953226703,1.48533919766803,1.61281232203496,8.05043889258308,4.13947963369696,0.845773453642005,1.91572866391452,1.65948130277834,4.3820630920149,2.03392218149408,3.78171365443296,1.0677351062958,1.51133596032916,1.10007772300823,2.41277734300706,0.677351597435761,1.10296526320085,3.50229852223477,7.74678542238562,2.14991919416447,1.31306344727659,5.86829475106785,2.81745996945841,2.87548991406955,1.38267749902521,2.68302088468449,8.56566730926823,3.98261768707733,5.61941123172322,18.4351264116598,5.14386213647916,3.6068461330653,3.78635218950236,2.19304035969648,2.81754098469558,3,10,3
"954",1.48837877545696,3.86296003218746,2.75789475853541,0.778632500857905,9.41465946405165,15.1349867897001,1.21612982815376,1.4010111707345,1.50517358868582,8.2574771896632,6.0082259786225,2.27020887998165,3.62767551763892,0.682573739164102,1.80794837286939,8.19137060322688,0.796348973489143,1.49967157520362,1.16766273436749,16.4491815436953,2.65148042889791,3.66011068824295,1.55752297864846,13.3497752532849,3.62091918348513,2.18907291137994,2.90155215418293,1.38781809637598,2.30081064987339,1.86645750175791,0.684865247830453,10.3397985785818,1.91825912992778,3.8722401507536,2.30591749148662,1.31558942195438,1.27780921416117,7.93197842593246,0.502639768894237,3.06606409848258,0.78011475848912,1.54601357903439,4.90244495056543,3.83783601949024,2.66681487022565,4.70774388385943,3.41618658134424,1.01738270189666,2.55472857954897,3.45134573176777,3,10,3
"955",2.52421941636557,0.82046868178894,2.04118636026433,1.73424932095671,1.31021288486979,3.09156634075618,2.40483507446222,2.50185141720151,1.68285754099336,12.8765116970768,2.97449715081773,8.75795476935688,4.93397068508488,0.653449722986413,1.10358980736311,1.6669888339506,1.82368691903902,2.88193249820074,8.06106193941867,4.5457927106041,0.4351822240387,3.71758806038428,1.23873370943748,1.91731453900369,1.72433255544666,1.16740242630515,2.09548602057402,5.60071277421405,1.20679954252209,1.92524392304592,3.13874562663287,5.18627307129201,3.29079768712706,5.53797671120501,1.25755503360698,1.25817875201902,2.86944238456342,0.990324751951576,0.595687530321037,4.09272794704888,1.3225180219959,2.70743758615754,3.5964991210607,4.22030040748173,8.81469322096931,2.96535593411119,5.82451501339687,1.2738378607459,3.02698260090268,3.20969663591983,3,10,3
"956",0.852463909142634,4.41200879202043,2.40111477568902,1.19475962388093,1.71202708057408,3.44289891368414,3.27187562633104,4.26826827098494,0.625258236769774,10.2443132498116,3.07885512894754,3.20905553614107,2.47594888641154,1.09575219250173,4.51690400432485,2.9724278290061,2.51560266676048,2.49133997738929,5.67208024764069,0.837833969569772,2.82811810085856,2.94966616347966,0.739820885270167,3.10965471386096,6.45983487578539,1.82215500253119,0.832890986067404,1.54655419816082,1.31572598231322,8.18105807215654,0.700456852736227,3.89521227537386,4.70939753709979,2.26652494388724,1.348462819529,3.67746669701311,2.57583031652912,0.868866755389799,0.481947912507159,1.33482562552756,1.05873654396337,5.98014809193372,7.91024989287071,4.06554904761669,5.49623522885253,2.21122399939787,2.45123291288976,0.752345513430957,2.3200658457604,2.44074658151319,3,10,3
"957",1.46284018437313,2.63956664822319,1.32356292591704,1.80245597329768,6.60571363382048,0.450548335015331,3.38004404944809,3.47063218578776,1.26271445448139,3.52027512506656,11.7253116606539,4.80548650638799,1.38668125948745,0.658469000155568,4.76472378828765,3.88959876404266,2.57831051725292,3.84844948609075,3.8674577637891,3.79241208653771,1.4636414616557,2.18954696079178,0.87391134614945,6.87161448151633,2.30006588884925,1.79364069434539,0.389810597580241,2.9653735400803,0.763602710909725,3.88801251894492,0.219569068509523,3.56180573968798,2.86074609188229,9.81610752375146,0.948834188847793,1.40577078402806,1.314331283764,1.41040655324884,2.99862301400773,2.27031179520349,3.04942112372825,2.75257535884736,5.33559941751423,6.44372047484519,1.09937850027246,4.82576549238525,3.07052986280206,2.38439696671852,2.76186933460742,11.7338223192508,3,10,3
"958",0.861745897726313,1.84672442256375,1.24062169868365,3.57220168123139,9.6857895219076,1.90316897666765,6.95396012998603,1.77932646292601,1.22406866387621,9.36187474048093,2.21202102250233,10.9047486751947,1.23403059080029,1.71134445022389,24.6583710853837,2.27940497909032,1.4171891132611,3.08813620513135,6.6280878020036,3.75272120187163,1.71310675601079,4.13324629243748,2.31747690391454,4.21231713067453,2.84269395175886,2.44098837014927,1.30226405292152,4.6916188443925,2.43817880557596,3.81001631907317,1.93202296366586,1.50291135853905,7.20785555855693,4.13391581479705,1.46372717525886,0.821251967477233,3.04262041048038,4.03731367133161,2.04774545186704,1.48542113957424,1.81859667779138,2.49710108628712,3.47883465723944,2.72908177463822,6.7673573061685,3.61911944100933,4.56401424790329,2.26726484259538,1.92815238418214,3.62192103222832,3,10,3
"959",0.626767656105982,3.91980138097796,2.03397935665468,2.73606761582205,4.18641699660724,2.73664593156384,1.36082960824384,0.337174040095355,1.07120064903786,15.0607194297438,1.96035546163139,4.49351682352222,4.57655530323871,4.05541695868824,2.04595383211803,2.48997665159496,1.5273159358825,0.770005223610809,4.69130413004218,4.35301988379668,0.719411957361092,1.49179627159382,0.42664271420106,2.7138879569777,0.616336899371244,2.15534145450487,1.42815278935703,3.15327328584176,1.72620067513085,3.98748804275983,1.45661784934932,1.23660035461852,3.17471784093677,5.85373517005649,1.80307571045724,1.59661615147172,3.04693958102756,0.775045141761134,0.410451677547768,7.86631212664032,2.87671249374109,2.32497823784677,6.00300234342254,4.86132602736881,1.79404282557315,1.70417461028649,4.8291045560953,2.0428555491874,1.400884010925,5.40499799950163,3,10,3
"960",0.637563518388968,1.48793913978843,1.38019049673267,1.6040868284454,3.20616375858814,3.76057485860592,2.48842164263618,0.195059977469029,0.355312383606756,4.41544157761776,1.89288245639303,6.181184662171,2.68050463032267,4.3475473113224,6.50416497887494,3.34699143223128,0.930721091675659,0.27775042262454,18.2368960120936,0.836826761479206,2.58168984909637,2.97478014781739,1.10992214790415,1.37217578839805,4.46110395288155,7.43001744980333,3.70312241093837,3.31550902014186,1.37560037378329,1.45649830031392,0.199520832151745,4.49701307661809,8.1533175662872,9.89090001266055,1.09405481520272,0.877247669259745,1.93369017405145,3.03147924684281,2.27976898381908,3.50248536930373,2.44860350017731,2.32054678882446,5.03107765718449,2.43149922369746,6.10124077975075,2.10654645364962,2.3545004159954,2.11857208351981,3.47164373530289,12.560315034577,3,10,3
"961",1.18897795022614,2.00229842014196,3.23921259059933,0.985272860921577,6.07384082018271,2.63965176128054,1.98406780744426,3.13018673579171,1.1262089178253,12.1727341465524,3.52346195029098,5.1667181173723,2.08098522043103,2.78326978518764,3.57766112866788,3.63333408447929,1.55249071292025,1.75126071844311,1.99519068886396,3.60425397152897,3.52275556480312,3.11966160386488,1.80943005571036,2.06695941445225,2.05750598484319,2.83019312112129,0.864467216496124,1.20202193854776,3.51816821642062,3.41970104517983,1.3350624531631,2.5175211149766,5.97953703186241,3.53783135795243,1.50940016814384,1.05247483736785,3.91628223254428,1.20503381232298,1.93819665149894,3.69317043376969,8.99949780777641,4.59962449948769,1.2598336331202,8.09921679912682,3.34710113543542,2.07696148435001,2.90991169882187,1.90177492706394,1.38544740393618,1.55678296483699,3,10,3
"962",1.30853740294567,4.59112103996347,6.68558163558684,1.4916929654812,3.19036126179022,0.752675000974378,1.92730613430208,2.12444477786478,1.75704286754292,15.6580475698027,5.9325104987533,2.12754738554617,3.59149370351654,0.788403103864682,2.16549939710156,4.90624440285578,0.477638147074741,3.30499751247544,1.04622170528882,2.9965309015212,3.48984231139612,1.5748549342019,2.69175660925523,1.8189593308019,3.4878118961967,3.09779519735528,2.1995297307912,1.87650789061152,4.32994966059013,6.96292299893171,1.66184782168882,5.68676490348491,2.02524974103054,2.18730287182033,1.18897588088263,1.25272216058085,4.16759382435305,2.37058896984468,1.84510234090522,1.52997693199193,0.985283241558632,3.12374314143104,3.45768483455314,3.22877290864747,4.73454814963967,6.68137760591308,3.31400842260293,0.417468447138415,1.62220766429416,3.16893213941317,3,10,3
"963",6.18982450632667,1.04806888212752,3.08141503947035,2.67814915119066,4.74909589120038,2.48946041866782,5.98871227180412,0.309577555444958,1.77715157356085,6.4057386469822,4.7855536369589,7.24887292723287,1.42699535129959,3.42831785848627,3.62725114431138,12.0837797726137,0.915443122330994,2.38778264318071,1.71396427252564,5.97140974193219,2.44921380313718,4.34120995807852,1.53519998657871,3.32440770367424,1.04817290997349,4.69725082578562,1.97628275380145,1.88032766280925,2.49817535592297,4.74956139372689,2.7093092381193,7.16667386253397,3.61289067508388,7.66939857510301,0.654594656878858,0.860587812989143,0.826841855508421,2.69759875766653,2.77543999861161,3.37365695136921,1.32340210869497,2.3166507655247,1.95349223387163,10.3217271309685,2.42335492831003,2.89548098255417,7.37561517823796,1.24839066710553,2.33795290669118,3.69378840940027,3,10,3
"964",3.36525831368761,2.01777819651174,2.97257632154172,0.895549840954191,1.3752230548909,11.9586851272371,1.04348753660855,4.12865324618381,2.26967916469085,12.2156085427676,2.43731250836349,5.93296216859196,3.96638094841862,3.56786696408644,6.96431828469173,5.95923767050106,1.45643572509087,3.4910849204308,4.33363815505826,1.75245830158214,2.38546752722267,1.97204450787592,1.66348305092914,3.47481313547501,1.08006706368103,3.21627062481713,0.449259917672036,3.85857097007058,0.875225724406485,11.0258605911723,1.85904044573543,4.33595561896882,6.10758738767599,2.17615052433408,0.902512492523453,1.14221416478209,1.85034337111663,5.10148698416469,1.19178156295397,1.28122713800455,5.28417360856805,14.1058016488032,1.77448050024816,2.19795343404537,2.44467803902683,3.14007986371682,2.06331632310514,0.968281919652773,2.87144964773071,1.66383825928144,3,10,3
"965",1.77693560889601,5.67292780430422,2.75020585206197,1.68109236315487,2.71279112462515,2.49848740121643,3.99110327626653,2.37096081070011,1.16442395369222,3.83831679700063,2.56590265823834,5.67736799292091,3.27379513085055,0.75232151557073,2.37914138775008,2.0024300148925,0.149351421295473,0.973797367440214,6.93211956089566,3.59039553301227,1.087000637583,1.38431359748371,0.617217548220707,3.31858967692666,3.07013933020012,1.24346478945805,1.33752913914205,4.4931237873089,0.588746417173585,5.06338889370286,1.13133899095327,4.46073196653525,4.94196962302628,5.74687673437229,1.80159210431106,2.91488922550617,4.20349312701788,0.867128413652702,0.574390166262673,1.71368481164055,2.37531048256659,3.55395158044979,6.91622335622007,7.80187921755421,5.86234517756922,2.58079303540228,6.22125904533281,0.355131642280013,2.4852117413579,5.4614408427425,3,10,3
"966",2.3807027383528,7.67776037643297,1.33638075336003,0.839832767738042,2.68724111135325,1.60481431015081,1.87375865471942,0.215792782372183,2.11447357549786,6.9232872434466,2.72055449908461,10.7771015457156,4.56355863408967,2.71075725965308,1.70146788658924,4.14337810393248,1.01756468786332,1.09860530190131,4.79729476712803,1.19856746960956,3.4822269382482,1.79009140908813,1.43046394475332,2.54372059139108,3.12455874139139,2.4725043665896,1.88753366220771,2.99690943384221,1.60201257397367,1.90070578037509,2.20598982749877,6.37434065296724,2.05925659012385,5.17111525824196,0.587049223811613,2.62527591202648,3.12486085428092,1.21117851311986,0.796383636255911,0.479129820648417,5.21463127366191,3.63438123558354,2.35803492019618,4.63950853621563,9.89369324061004,1.99780934909018,3.92219774312848,0.400010658512972,1.29272703584046,7.15215207690398,3,10,3
"967",3.47637057471859,0.829115989250862,3.12376851770507,1.24944115463924,6.85284992059405,4.27220841169366,3.40536125073143,2.63728824419,1.06081254770677,6.55519448670493,0.409781008270914,4.19985373754007,1.56507275389789,1.7008894560142,2.96224723271803,3.70508636756277,1.95298964981421,1.45660159609641,2.52913657013375,4.85553850015912,1.67357138416639,2.20401899964063,2.14124874934052,1.87051505782779,3.77306254324645,2.46779439116364,1.05156505853738,1.54023280544364,1.35653381550296,3.43067183305983,1.41497777650427,4.91865591180592,2.63293003880683,3.38998144976498,1.87043507888146,3.88607756072198,1.82514708025633,1.19939227582388,0.732482875338311,2.29686063369941,1.37237917779273,2.91258648485144,5.00486040394605,3.02180816267812,2.85319377710203,9.37053882085417,2.41682502663284,1.60204073307236,0.886025868822904,2.03913127099018,3,10,3
"968",1.58773055295606,3.50986406659446,2.41648304931133,1.10243364205858,7.62077247874141,2.69621729647987,4.12681797599085,3.00851211037663,2.3006698509672,4.27487186456975,3.78197518301198,7.11287924776058,2.52909923438292,1.6203833131866,7.19512233915586,5.91812154289659,1.15022483234244,1.90774261137477,2.10561225673716,4.31503936785198,1.26001260551127,2.00523029849116,0.177927486041331,4.34592539816287,1.6386169835453,3.27650662161908,2.9438748865365,1.60778528012441,1.63587047484387,3.12552920522137,0.208491343943003,2.22955169711228,2.89582485737871,9.14459013094491,0.447334983897632,1.80875427023815,2.50178760833422,2.56405478098619,0.849230224141698,1.29020865859002,1.89054714675707,2.09685301847704,2.04675799753947,2.02737139169456,1.43705484429702,1.14514422015891,4.83254506194518,1.47788183680514,1.8306211934195,2.63915481706213,3,10,3
"969",0.795966193274017,3.60140077635968,1.44498711941306,2.79317520593741,4.32749078022861,3.73192436600656,2.05812550457075,2.0074580756121,0.907153173803533,1.02093718650079,4.1243858212452,14.4051256309315,1.0744227736562,1.23105369404557,1.33760034816755,10.0095710707789,1.60001154453348,4.1904619585175,3.80405105281552,6.88887174645418,1.58435676068947,1.80859556354611,1.03587387156425,2.10729406364815,4.45156492520322,2.72992807130294,1.65827022536979,3.36901471245856,1.20909758909205,7.15389215471315,0.54035882544879,5.99189105914196,2.34779299857133,4.82551076487847,1.28984507213093,2.43030966921017,3.64375498950368,4.95974204487547,0.618763814475073,3.31834257675869,1.22991433003102,2.15319105280017,6.42323719819086,6.35539069220319,3.15534945670209,3.42562803524199,8.41169502897128,1.50874454233749,2.61559853452732,3.16341945852447,3,10,3
"970",1.40805322220798,1.63755311917319,4.63940714318179,1.27327548959509,4.16623319395867,1.92008666654365,4.88048929494717,0.586369311695691,0.658579827450237,8.24995784022021,3.73410891942127,6.24147845183678,4.00150076120849,4.04559646878803,2.76262088323102,4.99044190964956,1.23008517451361,2.95354922394355,5.66333115592268,8.39121300915586,2.28131923291896,4.76993800810917,0.714141243552545,2.49393752549641,4.96849782555211,3.79567172269823,2.10328002211423,2.11149140732753,1.19887228697948,2.93173843295879,1.88274035645027,4.60362696584193,3.00667847303195,7.60660689414458,1.45979300244443,4.56070844578745,1.27629996065641,2.18160683637081,0.318779645241753,1.19510711526151,4.82481368508784,2.73727358265623,4.77113945664322,2.20477516023072,2.7479338752954,2.04954474381672,10.1754125032743,0.199026318648333,2.19186094929988,2.85262088850907,3,10,3
"971",0.978134858284179,2.14439276031604,3.40196904839708,1.00064007397565,7.60803224470002,2.52811990250429,5.19503048972138,3.80723187231529,2.46390056642083,6.1593541569848,1.65328297384247,3.84229453842072,4.41023298325367,1.04869025925694,3.51938829846643,6.53790723962766,3.13016654834695,3.1543553138599,7.46002021483304,2.13482878730133,1.17634027559188,2.06388821713463,0.816690167927816,2.71399769151025,5.93066052309909,0.67322151751337,1.19861582437672,3.38271523396873,2.76290807656902,3.53757824014606,0.353862884391903,3.70179727718413,9.16184117015019,6.57371587848861,1.2724641488397,1.78397527600015,1.56031388819763,3.18942667021374,3.6674690973634,1.4073679449503,1.10375171044509,5.26654637973479,3.46003120640217,1.94838943803138,2.75230632232458,4.83712954045933,3.30300269093925,1.96139975320411,1.79208729412506,2.36817965668128,3,10,3
"972",0.867345985895001,1.8975015526512,1.66432836670609,3.58820762464577,2.87128482152324,3.26923916282266,3.92953537961992,5.833455602244,2.51345520502409,10.3919913421267,1.12854762764325,5.44121283427762,3.56404327555856,2.03941721730293,9.85066275512591,4.46750210922476,3.51256130812608,0.70474791992392,1.81062830014914,4.50481039306061,1.07257809759728,1.90911201395611,1.52863530061795,5.28294956122525,4.2408028090452,2.73709823526348,1.92457729804391,0.562330116430808,1.88199497364828,4.50696472619327,3.72692598603556,1.83940250445349,2.1435373887009,2.36149092539255,0.41778328602837,1.05636314519099,0.446453718269548,3.86463443004677,1.07843315909442,1.56896476548648,3.23541876220693,2.02631882196048,1.71958012739584,1.53965950469716,1.5076546566361,2.27917690326757,10.9000362015162,0.981752398764442,2.97336272129044,2.46954768148231,3,10,3
"973",1.32543183409001,0.856591769637529,3.14383359781622,1.32036082595543,2.85353775971847,4.23612525967522,1.06138288530611,1.53823089228045,1.04291539015528,15.310476402207,2.38765288730898,5.71328599681715,2.49177543323656,1.50970891684935,5.8487413597594,3.013904420441,3.27186320688454,3.55578959503511,4.31848758901862,5.22233797295969,1.59494090350627,4.31568854837237,0.601704276312078,1.66460575719318,2.3607704841193,1.94057144498362,1.22608864157704,3.6493401166802,1.98265791159204,6.78056221997447,3.04136795994427,1.71133655966648,2.73750829309882,19.690000676385,2.04883282805011,1.95540795695058,4.83828288604273,3.01053885623824,1.69117780348938,5.71131598206427,1.80540909985964,6.77531535941926,4.36400905924586,4.99202398250081,2.32184788344344,3.35903468352079,5.15826939306075,1.02159605640981,1.33126029294215,1.16887436989529,3,10,3
"974",0.737189883899967,3.9318858837056,1.15114683493308,0.547873786925426,4.07847258735923,4.25175463866905,1.69411543136544,1.47596376667961,1.31573446487801,5.64344925842778,2.11063560849989,7.5457212443789,1.72709361110058,3.1582077852548,1.55943854506144,13.3466780393496,2.03958295777701,2.44573011286589,4.22841536134093,2.68727058348312,1.13630786479483,3.78802372037299,2.85937487055789,4.26781243753259,2.87132690300577,0.518777866811797,1.58390156188278,1.47422103194695,1.13713132696047,6.85930851557341,0.709301955336139,5.97731926629279,5.87399211829316,1.19138841172912,1.60532256958205,4.36137823293328,4.82547240302642,2.73217032263907,1.53748072839557,1.11403411858032,0.675168988557922,2.06313967641128,2.33978571710563,7.54685106598551,3.94310947869853,1.49284691384337,4.92258527419185,2.04430410247745,2.62541641812362,4.24908944216488,3,10,3
"975",1.25524283128078,0.581158941537615,2.46761208632892,2.05181281783469,6.14074627088707,4.27838150256609,0.771750875754069,2.30473616748905,0.945448881974148,7.14752749675864,2.22056474798396,4.09943948293922,1.54329131518228,3.40595979394638,1.5472719644214,6.08827774344816,2.25027954750574,0.307290462015151,1.7208833401677,2.47010358145508,1.95910799889138,2.91525251352422,1.66081076658299,1.78870161618588,5.31915145964833,6.83733895050632,1.17863462251963,2.39390300511419,0.995229651190987,4.2900972991872,0.390590836834522,2.16647563124578,2.33295679775476,4.61802219803385,0.934253821914131,1.70114267556578,7.33812064223969,3.77315003485452,1.46672774824069,1.1148549311618,1.02911603834692,2.94241653864905,5.74211993326006,8.71865510864194,0.597512864938735,4.45273303282729,6.07401891366051,1.54685140901579,4.37483599357187,2.47915608418352,3,10,3
"976",3.85645102676683,5.50354925010299,1.54513289012401,1.13896310480554,2.36672669979177,9.07459011968907,5.34740774603918,3.03777940294625,1.04684944821893,3.07218861811716,2.52842318552639,6.50721227687186,2.20902856599124,1.50388659720142,4.1862872694392,4.84697687554128,2.31659891049737,0.550658507383862,3.34199517390859,3.93261459946592,1.11848052610236,3.78039701075617,0.978075564294304,3.26986408041604,2.5875618186733,4.58359119921151,1.51861286117404,3.79511435796898,0.729783836963318,1.98300492627536,0.278256218620481,3.44456585271601,4.12015836801878,0.50000631709698,2.26256531350492,1.60362902984989,1.84604979316144,3.14081697677146,1.21960742724224,1.83655461707335,0.890758682140182,1.82436412711582,1.62180498608501,1.12205302734631,1.30584146131491,2.52878483395109,3.39135262108794,1.47750232293754,1.896604725323,4.18129538852235,3,10,3
"977",5.16155709629188,4.84643801603488,8.53273173537733,1.96032923761416,7.18211955695481,2.84432773088073,4.81011471503942,1.78590651230727,1.5203354644755,6.16230863813168,2.88985434310396,7.66367971116662,1.39728237752405,3.1266538518395,1.96979463237445,3.13248011285621,0.967469649846867,2.41627681752759,4.5153447744572,2.6002157461568,2.35245801450632,1.92123854701728,1.8967909073698,2.09096336866583,1.06130109227059,4.38334146562447,2.45981818274166,1.90539652741693,2.33509651879319,3.21577658291408,1.71740766847662,1.24753429445878,4.61430629427525,1.70555573848951,0.931585178633478,0.327130717404268,5.96330982484851,1.59168214405799,3.8742452145544,2.29306876043845,0.970344294872994,1.24404412924318,6.01957770615947,16.7845599250101,1.8077478090183,11.7080285771125,26.1533325792631,1.71947877886238,2.00352966016793,5.67779240624368,3,10,3
"978",5.09519993519543,1.46543342553579,1.64669518850175,2.203762081773,7.0924253601069,5.06592232759971,0.857115563402777,4.06512326202108,1.87585970778237,9.05782966937819,9.21006183162864,1.79814205833022,2.01144196269153,0.590253221141462,1.4772829979826,9.04302601810842,0.948665136223075,1.4410070916221,2.79300447705341,3.6795596910417,2.30774495149731,2.94489778109923,0.885985189346927,2.59889710377145,2.43448874067381,4.88586468080009,0.849846603931537,1.72438949017852,1.32199900191678,3.32394874425729,1.228733698579,8.35592902473005,17.8551370584164,3.50886204061056,0.927758837808248,1.17937929227867,0.847365708093837,3.64446398032753,1.17571419839416,0.414418499609453,1.23909937520963,1.4682696508636,6.42492918075527,3.21028526950902,2.27551966428319,1.69552102252067,3.38921281036042,0.625622276177005,3.10782073769998,3.00492162402026,3,10,3
"979",0.731682800771761,2.94405074748177,3.20157830254287,2.07116365011921,2.30148955439933,3.03857069037527,2.37437543990477,1.67100885893938,1.59794912483712,8.2985285167285,4.2190092447698,7.28486528742271,0.782888952580435,2.68748441063291,14.107792229533,8.65323314399068,0.270513573584929,0.766698883704505,2.81686494857876,12.2514791713051,2.15668011788684,3.75950519880408,1.82836052861379,5.2364117391317,3.69695481508795,1.71667273657695,2.9610422098471,2.31231307196471,9.64228784951646,4.5239630722106,0.566292149222661,14.4060943326899,3.30734172423177,2.1616606873334,0.629430136327069,2.98100330695786,0.152727929823285,3.16958455288667,0.553162703121712,2.72086125748333,1.06274946184438,2.3124136066281,5.49254777192672,11.3960722531569,4.27741120869148,1.64379170009813,4.25511816570349,1.34801350802001,2.67538132057504,1.41030413755429,3,10,3
"980",4.7177383205541,6.95790797285868,3.21301451515999,1.90959425845659,3.31140721999886,11.3704755673742,1.3013995196336,3.78480167693649,1.75622632596202,11.5684784964042,1.37495946594624,10.4440825066119,2.46622442545885,2.5759026927858,3.51018413229206,4.47979226755851,1.78069819114224,0.94164750689733,2.19268908029071,3.52585569684372,1.31030044169978,2.68063691344591,0.765975930598447,2.61122808503173,2.11052501344517,2.89174198680932,0.701820348973676,3.59162041493977,3.40646614857644,6.86602983779184,4.02694658940144,1.51823095139137,2.9960177710513,3.0637593896825,1.09251286991137,2.14537153720118,1.28128842575004,3.23208954402804,1.05060514715169,2.84078039765445,2.83470270739931,4.51918666960877,1.7461611376447,2.07252335175717,1.50337454066511,2.25666271442898,4.5814390294294,0.642629665698832,2.05115744568448,3.93547150614538,3,10,3
"981",1.90434348449079,1.25018452552364,5.10670467098519,3.61042040008355,8.21853848316537,1.58229186589769,1.47447439079836,0.871183198800297,1.8409837433163,7.71300452374024,1.82429705133962,2.43397650687342,3.49233119079907,1.52000861149893,7.44979810594496,2.46124488087773,1.21491115901722,1.39220018757418,6.50998082101372,5.66595910710459,2.47343147884832,3.75755988087209,1.39079294683415,2.64381734935023,0.875795697184785,2.93935049298708,1.09071401018026,1.09923954423788,0.912626092523043,3.05313083586673,4.28195376047624,5.24522601821851,2.46947024081748,1.112084166563,1.832089529701,2.55188299755944,0.615490446269214,2.44947291118091,0.811175059424406,2.98881809626859,4.57751978700565,2.5828623770991,5.87972676055434,10.8781000875353,3.59931056765184,2.17797187478895,5.16399421076016,0.215569078888183,2.00960363338017,1.80419855165872,3,10,3
"982",1.62905520958377,5.60093822919524,4.40542034621974,1.09395944403975,0.86625498558399,4.39127105446372,3.532302454478,3.0859666268893,0.639526663208123,3.18454575898344,3.38087887711324,10.6053146740211,3.14885572036879,6.79007556350278,1.94817772202072,7.37579501959466,1.28444814451056,4.40173806602882,2.6839603150337,10.7996450673001,1.95539212368622,1.37863839308867,2.09971677383241,4.54001936278487,0.922164585644322,3.93770492437984,1.6985704256228,2.1297508638071,1.4395888789752,3.76584091110722,0.421241811941399,2.19116777821223,3.05019347680927,2.50864470358303,1.86872404898529,0.213102659811522,0.851502481654849,2.98904001067527,2.09422085133378,2.02289327494614,1.4978945686657,43.8292639510878,4.90032110051049,4.59433245233245,2.39508042349797,5.58798647945552,11.2438602411633,1.95313662078713,2.55075464117002,6.39925590892928,3,10,3
"983",4.49971494675461,1.53817609619184,1.43740567470476,2.17268719316776,1.73908842685459,3.83407728078655,2.82837916635838,2.25479780525599,0.901443307544711,13.150007369191,1.29853464534221,6.09428633817885,6.04693028899583,1.79338002316272,1.44145726037089,3.18086285093999,3.67251843372651,1.28488523100533,4.15012194513818,2.85533409690422,2.76185427173106,2.68355076756324,0.654198533868345,2.48263155350296,5.21580013938649,2.69564091097848,0.560564410930201,2.12849852348629,1.57135547394184,2.27520043930048,2.88258623475677,7.96618891231113,2.69107254377807,11.2210431158323,2.07072671749125,5.78057385217749,1.03122109001558,1.52060726256764,2.48771543230314,1.54359693293631,1.22332430166356,2.82225300314448,4.07103987717221,6.50182841195868,6.36281604529172,2.23914147842808,3.83619411572831,0.485259546309036,2.17422007248623,3.05066795496202,3,10,3
"984",0.766242982111295,1.13108978368198,4.72849659346906,2.51051713448097,4.62002391957588,2.39282015421632,5.31498929396377,2.7062358861629,0.708301077600504,3.56531211260946,1.23000857759173,4.13094291414861,4.08230572790992,2.88806301280594,1.87377681216522,7.93835862987323,0.870172093717466,1.61548852160136,4.35909841923279,7.1186810821826,2.12838943780608,1.54058758973081,1.11544622964322,6.78578614680443,5.45050766729679,1.59814283242908,0.743066452940642,3.52179589080243,0.44976625865813,2.40683274863339,1.19792242286943,4.42057440669689,2.73400038894505,4.57401405189548,1.5347797584317,0.478758787317905,4.45354266836016,5.11886572227754,2.10353230491673,1.35977070929917,1.55287277721446,3.1043623256684,3.8307503442814,2.18105630113067,4.42697929767237,1.90125082835412,3.26127017861712,0.437851170747833,2.56871474733941,5.13080345710703,3,10,3
"985",1.14309111217066,2.50959844804456,5.00882373365749,1.30440661305245,3.68821992907545,1.8004441720741,0.787701047722596,0.69430611902573,0.56331527496678,4.8950702917531,4.08652235720615,5.06638697595187,1.70599047416095,2.26381744867199,3.09615810271389,3.4643711002383,1.52995367837444,1.29263582469784,3.01977244308062,8.56920654079475,1.30616994840294,1.91146269613971,1.50054045105358,3.99593845272473,7.74060118132712,2.19361004174369,4.63898411599421,2.09023485002089,2.40621773732292,1.94060909680758,0.449942051913416,2.18527284172843,2.69243009572002,5.13024059029465,2.38805206403981,4.06496233203636,0.487283756770822,2.57662183620624,1.51451301499845,0.695209006351653,1.16313838563554,5.24130320588277,3.45452563954712,7.77094381808937,2.46700664460394,2.11833932009408,2.77252695729856,1.4652278151309,4.83730564509127,3.33657604457653,3,10,3
"986",0.574865803618506,5.79983619013375,3.43180122178407,1.4676155261337,6.49407966775342,2.09504726828596,4.40533857802492,3.21367332059144,1.35715896034626,15.9235504797366,2.30736872365701,2.29748717031768,1.65844875180758,0.928763763062088,2.71838954620788,5.10489318215889,0.811428148822714,0.787518741837045,5.03610708384864,6.7014753219603,2.97929801226077,3.90644660354509,1.6632803124026,3.88213990905615,1.78562160349333,1.35700951400444,0.403598616674696,1.88019342406256,3.15825586795999,5.71283059915212,1.44688600052256,4.48825782888424,1.37493399507095,4.00695006135984,1.24778040291872,3.38721126170366,1.69139233767664,3.29914877784709,0.886749097087873,2.23680939964238,1.01773042815332,1.8946062627635,4.96171251241324,4.92149410950269,5.76977489713488,2.44206050030544,22.5942133042104,0.600971528655928,2.37352907091284,1.98763484671233,3,10,3
"987",0.865430984895269,3.50276128111869,2.5374806646986,2.30774570632887,2.79571475010386,3.99628126780608,4.75577660469205,1.04800190888263,1.92902718371008,9.18943477869737,0.856383091642725,6.91955370107173,1.28601990596686,1.96521294377601,1.07324062379402,6.23585050476476,2.07772244808472,1.91602720331862,3.58011886890057,3.1563377197903,2.80585512346939,3.29766264025769,0.630468175848142,2.7262749441807,3.01760543755101,1.24814563297303,1.61254554804294,2.72533500861524,0.709059539922212,1.35720179099958,1.10488207452204,7.72195558717313,3.18699186801283,2.83271166576231,1.54443379890094,1.74009065474077,2.49690098035699,3.74036684925023,0.769740217912851,1.90041582571256,1.1315235122729,4.75605972238403,4.04489563423276,2.96179836640736,1.89513861310828,2.45069701056915,6.77987150639445,0.756501107090805,1.31079242438094,0.927665835054154,3,10,3
"988",0.354238891488124,2.11176855253801,2.56282856931074,2.11439477355895,9.69624150114231,2.82825544615627,4.39135486880183,1.70540621192604,1.05958830204167,13.4610836092965,1.08279832775951,8.53587892694094,0.60802448876294,3.92236656435639,4.22995986335426,7.82709531681303,3.02889356723043,2.011376770851,48.5751474792369,9.29831611896985,1.02831358177662,2.32694255356795,0.402690938320906,2.90176054162707,3.40067580689978,4.36531826985786,2.0473432060371,3.76816829616753,1.85466974412171,3.12299515717193,0.216453767660658,6.4744808698977,7.82274239112062,3.48607830575738,1.59523341008666,0.36539365763785,1.77759375967466,4.55010279229869,0.346780989541634,1.45176582818505,2.32707325105132,1.75533628597246,2.95725967896555,1.73490262652372,2.47253894138571,2.25194683554649,5.32055617982149,0.80078374276928,2.61675624791822,12.100864762542,3,10,3
"989",1.43119011201664,2.16198943367773,2.68543106637907,1.28485370722512,2.42782346121936,4.84003835560917,1.51856552981877,5.34470124894542,1.15823540798314,17.0107243838112,15.2082001014296,4.85993455041421,3.14465842299451,2.69253525296503,1.11799082128765,3.33198620085818,2.72843046837696,0.824529243000851,5.52714966430573,2.96133532777075,2.62211603765993,4.34428374247002,0.698192210220662,3.28916965756066,2.95738935207085,1.86235789518206,2.91080679261106,1.6416597191228,0.902039619153976,2.11245649046025,2.3683102448067,2.14718270448417,3.79628368027473,3.9356257510122,0.447902762396,2.62271387485251,2.36041227924009,2.18780338501627,1.63418971121165,0.743566988674149,0.947353031612843,4.89746781922782,2.18483968012638,6.6611710975774,1.12241240520367,2.77900137683797,2.86192384598045,1.4906915957757,4.12786797184426,4.231034771084,3,10,3
"990",1.12320219956427,3.87546082588771,2.62881567469502,1.57836753486763,3.54487729439659,3.49406753812739,2.48732089868217,1.51982520831573,1.94873715084057,5.7891640878085,4.76293360970122,4.39203391723932,2.78073427763486,1.15146299372139,1.4994452506475,3.89459860634632,0.952524129710439,2.37196525172924,5.87060656835686,9.26311876601397,1.32941417784997,1.56877231240571,0.182856558220972,3.53598323889718,5.24950155171318,1.84397012022092,0.908170663147799,1.96092011272901,0.711299089693003,7.39282332116435,2.77401867367704,2.96655107647178,2.92180229779581,2.32880519000877,1.22070411352294,2.73071034241146,1.83430075947805,4.31680968305312,2.68127509709401,4.53469443824898,1.49248559234416,5.26408610140655,4.01913645649656,4.18344278100512,4.30612695953913,1.82152944821528,5.19280297833292,0.0819243261697752,1.94907497278456,18.1956248791302,3,10,3
"991",1.65866431574268,0.75283976375519,0.957875509106603,2.24027024535015,4.501537588898,1.69844168858563,2.3359530195497,4.51770158927871,1.3484739199123,6.11473138889901,5.44129411979117,6.55068668695001,5.00056958541693,1.35818360686834,5.10932409305069,4.43180263045281,3.06658576818572,0.358024057706247,23.4250548192419,3.21251595181066,1.44007115142811,2.22686764639488,1.56012312824089,3.08657340199825,1.20455282592543,3.56574872931002,1.00280017514686,1.97113520735876,6.8823513530619,3.79102418530217,4.01045128407731,10.8816389348596,5.17221421831077,4.13058657931518,2.06044003921267,1.2653954731376,2.34672789892158,0.995496691229623,1.64859570775433,3.70169698673465,0.674837401629777,28.8549252202693,4.68861434117225,3.14087887197318,19.0100305558572,3.76907975867939,4.49642310752758,0.554131191274209,2.99513042107813,2.6339195885609,3,10,3
"992",0.807512330567524,4.85656833975085,3.08682878511455,2.43401291939344,4.9266535735112,3.76443286760171,3.36371405138119,1.06114143132367,0.96136894916055,6.34676729714725,0.738471517839682,3.03963869909824,0.63095993114302,0.941703321375353,6.82169585220462,2.73717670068756,1.33672503904713,1.56045852792265,3.43887977181772,6.54608532764262,2.42435885445918,3.77968721575651,1.24986644853839,1.35476678739093,3.92374153613482,2.36434063503801,1.06331041776068,1.96023530157756,2.95712995476057,10.3567723335758,0.491572281330447,7.627661579657,2.5128845715383,3.41319486674907,1.63116831099915,0.756246407924299,3.93708928116519,1.68872812462396,1.48410334486,5.2438151554183,1.96903321925827,3.1923580637974,2.41940907815649,10.7867547193601,1.5942069311813,7.42261160358606,8.33558465640914,0.0963251344746733,1.67132678712849,2.23335722307437,3,10,3
"993",0.986058877380033,1.87261377940026,4.18608085844277,3.30790424036422,4.17075855254139,3.23212267839479,8.17441789064326,1.19140801708939,1.15483102310719,2.20699403214743,1.25711503705795,4.5710628130217,4.54906644445671,0.745154325346802,2.16453842350645,3.43078051178547,1.35563205517827,0.892887347440664,2.7891255354074,3.73809845366354,1.24428634828429,3.13231781991045,0.832268522299204,3.48943900736718,1.60909979252023,3.26852372456495,1.25206904070788,1.55684612562499,0.754222594510495,4.16529190560502,3.28922473706696,8.31987563327169,2.35623480380196,4.05277913800847,1.36797609719902,1.3379587526477,2.48397091699477,2.57299279169421,0.294288972263829,2.70673029556443,0.846831884360634,2.38565430586104,1.86397910344399,2.01896991280679,2.21626227274127,2.76953914570915,12.9136753839987,0.239925609505592,1.67612874835473,2.93805757214877,3,10,3
"994",0.529524935654374,2.16103579821248,2.07269453411828,2.88702228689533,6.85943227297263,1.97509325708693,3.01196930465812,4.65537624876723,1.0023578958018,6.905420754775,12.3230640953595,1.64276491559881,1.00121374375346,2.39746838596973,9.64670776569105,4.39057958035055,0.752385006304444,0.948696781381097,5.73810663401468,5.60975514314246,1.13438394805495,3.09322226353741,1.87077510419314,1.4951278380389,2.10387380192284,1.50324194673824,0.657441036173067,2.15954872430279,2.35999240168687,4.20242476072252,1.47861079764088,2.86578879940552,2.52377842183964,3.12100039496496,1.17414872218534,0.238372692533033,3.38720911749611,3.22294027225795,6.96593246112932,0.493184316968358,1.61594882121267,4.18990699630839,4.39777384277957,2.21925865762198,1.99540896341187,0.995750518812962,4.84855597250246,0.654899693306122,1.20777148611501,6.50500325463342,3,10,3
"995",0.972348364472705,1.47998307833677,4.63402985618983,0.83649328251442,4.11153902571521,5.67324470463475,2.99869535632446,6.20276775566967,1.66808368359272,3.83983499987008,3.89495798062088,4.74025159298159,1.58389387950095,3.82932860905217,1.32658224232779,5.63968300464374,1.65091517958844,1.09234528059117,5.26544268490389,2.96485647746967,1.61003182628048,1.57673732148652,2.00586254053812,1.96352662214032,2.34199950134037,2.98408668099226,1.8240481722788,2.39908203382308,0.531309683371762,6.86246890494542,2.69442393922354,2.02250114898073,3.05913675261554,2.60224849077087,1.36824596949426,0.449172411450433,1.76251867258526,4.18892177100605,1.94719150555353,2.0509412194166,1.10151028425731,5.31557662591611,3.23636275874635,4.53457334917403,3.33381532847921,1.3045709746112,2.27171242732202,0.220749270185727,2.12320553091594,9.15464051736896,3,10,3
"996",1.33890438895942,2.18051190315452,3.08738680640829,4.24756608266001,7.19070909773337,1.66725446018931,1.68571984318271,3.12331717685623,1.45182813833193,14.0141327753683,4.82152071701463,2.67184251249284,0.816869625069995,2.15694573359664,1.1604163500767,5.14674083311443,4.05629542241557,1.78868048858649,7.45213835086768,4.54024303701704,2.16275939736542,2.16808519269665,0.159313779792653,1.50903929271498,2.40211177000858,4.82831405474249,1.10599780187464,2.36448188298992,3.5810011760044,3.29151889542027,0.53387809226372,2.70611711749882,17.5007544244214,3.20807536814449,1.73870943306659,0.988844224058513,1.53837595634462,0.588262562550481,2.04228277876099,2.25961593580091,2.20724033204779,2.92568401006532,5.2497803451683,1.39091286130648,2.42259366452517,17.1092151759363,2.23487184554368,0.712877588530261,2.11944415370052,1.94911380290536,3,10,3
"997",1.45107930624103,1.13915398052968,4.20702736641242,1.99383886802656,2.98373144516062,4.72256942113937,8.70061478641819,1.02704288050784,2.47488227190379,5.42348257138775,2.76357919490503,5.79707367043157,2.78341448799329,1.26500115504471,2.41080435067161,3.02180707728455,3.48619968439655,0.708249480328999,4.81792924950023,4.13614449638752,1.65503911803744,2.29133846442465,0.522667780664935,2.18325180935328,1.4588498292968,2.88765212605491,1.23885142299683,3.13089726348653,2.95160685494221,1.81876985958632,1.08309820784829,3.13106485872374,6.02478551112402,4.37001127290179,2.52024949840402,2.00206766921313,4.95475397748337,0.751061178233358,2.34098032360961,3.47522325318419,1.79230705282123,2.82078146789099,5.69794097178205,2.11750239720132,5.46991879118862,1.78061993299135,4.88746757647266,1.16712011348916,1.89315682242343,4.85055353070527,3,10,3
"998",1.71080836179767,3.73278243122863,1.51753243874051,1.55399100786669,9.28055436602908,1.66330664614536,3.36203314759335,5.18063622344356,2.0953918906321,17.5367989885897,8.53656284871007,4.84762315384267,3.49915032861114,0.938250707148263,10.9715185825167,6.43629077750022,1.9745313310973,2.77904139286108,9.45068912439184,4.50331476300707,1.73676675289742,1.2028187487581,0.664404454280052,9.63520706276503,4.37501764637189,1.87798831987645,1.38726697443791,1.84795783778584,0.519802458938409,3.94460655294153,0.558910033323365,1.91599945200413,2.57772175199902,2.02607062396112,1.58989938654486,3.04796312565241,2.97315587126521,2.52653607407413,0.97637900929641,2.95788508050324,3.53597835749771,2.09531897783227,3.2281658529585,3.47504609778197,2.45752364434933,1.8849761301637,2.8760093416466,2.1295687855443,3.0284940281716,3.69541002296033,3,10,3
"999",0.694741100196938,1.09804356969961,6.86669856433463,1.31678413677784,3.79845069447116,3.12427486573446,2.21880581695419,1.35985245740756,1.34021527028574,8.7361946310217,5.73248989601739,2.90204766219988,1.31907527160173,2.80572697410574,2.06779958754023,4.82098603733623,0.24779525276603,1.31499385244855,2.54409826703894,2.91048372617226,3.97294029952064,1.70200108400804,0.313872136850994,6.55073703777665,0.993745077897668,2.65487071669225,2.70915449420862,5.04270329564032,0.835706655373977,2.85762538943266,2.45739187036792,6.53431409633612,1.435435355074,3.81582172900921,2.47042530202391,3.19588314361282,3.25123271872309,4.20146017938368,1.03060283021005,0.141692397152298,3.80688142946253,4.53879666508565,2.46396463993755,1.70424130849653,2.57778815390848,3.22439722227337,2.13285032808149,0.726910156404409,1.60620704972419,2.64856240007597,3,10,3
"1000",0.925892740565628,3.85078987775737,4.07926207898926,2.2297925636575,2.97162938639709,3.11727691346532,3.82409080702887,4.07518721908332,1.95083466684747,3.11006657595955,3.60444247204046,9.5516014342374,1.37097634722882,0.514951917474117,4.98491504910168,2.55564568829755,1.12731409417502,1.00772293157014,13.4351333295792,2.36222324886829,1.67022559083913,0.844023375041024,1.79304958824207,2.45354613912708,4.05679783270027,1.32434670615176,1.25013380877372,2.21009860585867,1.22737328814903,30.4085164004582,0.749917376729172,2.40339457256833,4.47116273980682,2.96749786738548,0.488969641222002,0.46846793700324,2.20935920833141,4.50726536567127,1.59605474433577,0.745720217804867,2.36849854254577,2.15809279234467,13.9262972268261,3.80991101645695,2.44479018468715,10.4369022850038,4.0066316432775,2.38715318763957,2.24268288282583,2.06971961200887,3,10,3
"1001",2.60963554173584,1.02710369822396,7.12005559728978,1.90201678810068,9.85143339147861,4.6430944803281,1.6052204683886,3.05552221074871,1.74109524879577,7.9431843965238,3.482555653704,8.14763944320485,1.26064706877005,1.03032079219851,10.3215426615949,4.20043215868951,1.86739461767899,0.584180397522747,3.65790369638343,3.09235824991804,1.279257955362,3.72128844618577,2.26369387204275,3.87115388072635,1.04766597397993,2.52532463439129,1.10145075807374,2.57057035467319,1.48122929427791,8.78884839172072,0.648477938027172,6.39239871874333,4.81190632161856,3.37277585349169,1.64409243233264,1.28292063145445,4.38369949580562,2.24691582118536,4.20302534059726,0.955433159694991,6.58796660520709,2.92028014966811,2.58614026584987,11.0179595875131,2.44521344911351,6.45910353547026,3.01145361185309,1.42207438675697,1.9488665500964,6.31536198902324,3,10,3
"1002",1.30389837114423,1.90683540022039,7.11790739629491,3.09909460997637,3.00422479262361,2.86669431462958,5.472698397464,4.09795527105746,0.767508521297143,1.91429970659344,2.29643484622723,5.00672934290684,4.83577936385016,0.658360371569812,3.88198362584295,5.27747957249138,1.2235027730175,2.79021170209704,2.29596878412312,4.6507264943133,1.65269761384102,2.17254199327782,0.890598600102355,5.93529823801936,2.14382957617291,3.89892859872323,1.73171454492476,2.72150624637657,1.39236618330298,2.00342683744672,1.25807933677827,5.5292293016682,2.22815671558399,25.2824986172372,0.428456963094131,3.09646497391866,4.99216930497867,4.16485987824674,4.27417660650152,16.7907936281117,2.78189329180814,4.6152364453992,4.55449282558151,4.21546086174245,7.01197052926126,2.57814239892941,4.25583940495754,2.18948574103731,1.93572397792427,3.41285723287807,3,10,3
"1003",0.524434078494334,2.94089393752757,1.34807012421736,1.28186407035736,6.16556699256436,10.6893267985741,2.13814608837562,1.26675588011341,1.37371943146895,3.47449444063453,1.70431963177009,3.27746955250389,1.22741092121895,1.92782949814945,3.13431609773018,4.93702085957366,0.849209655611846,2.77160033357871,2.22830844488916,4.14102958239432,0.976901857886223,4.37108728687404,0.522021416955938,4.21527280392579,3.81963600228098,2.7640043453906,3.39399716009379,3.77084000239031,2.18665967163796,1.90957680836523,0.97432528297176,1.53380857002161,3.82933760510015,5.20503305724971,0.730594060375573,1.41222477965348,1.66145549242026,3.16842991307154,1.53031819850023,2.27704531372189,3.9359810143368,6.86642255458768,2.7027737630078,2.20555041128249,2.37185753720844,4.20462747158135,4.72352888619193,1.40658033526336,2.7030915715427,1.95359942021702,3,10,3
"1004",1.318456796098,1.47164586637813,3.47607726763377,1.18801874351666,3.14925339951324,2.92164329735096,1.79482829461099,1.6119518874917,0.757268176958957,10.3985148331102,3.10584135313111,6.25390373760484,2.2582260663769,1.17514636389068,3.51207526608502,4.7914094233122,1.81485214351987,0.294665894528615,1.726390556402,7.49505630461196,1.99182916521203,2.82045463018487,2.07814710725905,12.3837591974427,2.80651755767054,4.08396904800472,0.506982848474285,2.15808663886645,2.98961550210736,10.1053614070134,0.50030069346171,2.38831705073239,5.59934909514466,11.6150535292453,1.68645473638827,3.71396532519741,2.19192002515497,6.22440005907095,1.47360277952303,2.58328965660863,1.40652027883535,2.68731397128899,3.69422874675404,3.20159562327247,1.39385010176095,8.09668157427594,6.71667716831733,0.883405569499772,1.8011408276806,2.62359626694315,3,10,3
"1005",1.4535108580912,1.81497165716981,1.49010948018139,2.35164693936141,3.57633887713552,1.63953470952988,8.85584125123233,1.04338383925295,0.490377119864705,3.32957411030562,0.526520238803059,4.16774304512543,0.451771405900631,2.94568102927174,6.42187284299596,5.34121097036468,1.77798385290037,1.97102094809846,2.72395161041689,1.60378482909965,1.83875444287504,5.51667947830214,0.844112650751165,2.57982111509623,2.66330020484043,2.34614276623912,1.34319579234659,2.30447300103744,4.98760480830774,12.4471119886228,4.81603869693976,9.6568893753195,2.19396741147977,4.86661855767204,0.435968369937685,2.84805919398861,4.5401615258357,4.1134906538405,1.2959272417807,1.59260733456822,2.04492374014876,1.73001686302497,3.66252032255338,4.35260259451463,3.69036166430752,1.92203897844873,2.46869477403738,0.378439827760326,3.11798707126095,4.57616991236676,3,10,3
"1006",2.19687578502736,3.1336838159291,2.27069279862661,0.548393511647824,5.36491208058006,2.29149875275417,4.37727131572789,3.00398783192334,1.85723184672495,7.13961693528135,5.16201470913606,3.80173939634917,2.49379799133686,2.314940130414,1.91502378566645,2.9893948830292,0.44000528242913,4.10792189176423,2.86822707914541,4.39940164174275,4.94698431901245,4.75374131492149,0.72193873593415,3.19421644069019,1.71199138648416,3.1779105311694,3.11853709138317,1.64941907011612,2.67147987549457,2.87692645358947,0.638434915189475,2.45445908886156,3.96985376556346,3.88573370124237,2.39590990908324,7.46154884123164,2.44112484593155,4.98832917884209,0.538328111432815,1.81064813065755,3.11291581253139,1.82866619238103,5.72575585985363,5.0769384107634,2.51291792683347,3.05765947451724,5.84370807710586,2.66926931075948,0.781248123940984,3.05138282191506,3,10,3
"1007",3.64322567330521,2.69324605542884,1.78870625547777,0.916355816509853,2.97032573967032,1.44260655088601,1.6441333358419,3.71430798886212,1.33323474692797,5.01733415755589,0.966651715797298,6.78848568491464,3.20709680767905,0.912609601092404,2.91931930689256,7.20546097005325,1.33701261572275,0.699444443322094,2.41744758117602,14.0328707510533,1.48711974625023,5.605661491032,0.957153298046519,6.03251116194182,1.76260380402303,2.03740050713276,4.46760268146457,5.30200515134319,1.36523372096962,4.3315262675485,1.77923310848671,4.49445960397564,5.06804981410105,4.99847554583884,1.27651351240927,3.91055294829996,1.62062558138193,5.68904529831542,3.0100088421346,2.31389603887774,1.94780136062562,2.78636539924968,6.80815243312406,3.54073137092981,2.85642749770313,3.1824736647889,4.18289327305044,1.98477393964732,3.65906837360242,6.6094752147699,3,10,3
"1008",1.19573872078368,2.52551218460036,1.43649720840758,1.66801529139432,4.3630333891353,1.64952166526375,1.61975830434924,2.51641078023479,0.617758248822477,15.9732345064446,8.91794943017807,5.48957446391526,1.89035332252883,0.558481193171742,2.47002952200875,5.39089617729147,1.02028068763831,2.1753921253813,1.96592917269776,5.99708292583317,2.4000387798702,3.54210726340922,1.01545324054585,2.07206455138831,3.60316164871151,2.31596467822048,4.1399364703144,0.802546225447098,1.2281290699789,3.3368944043899,3.29859766980334,3.25970371368892,5.52246821109854,4.66187732859881,1.42459554391902,0.69238486367687,5.1393076627528,2.12604353027078,1.46335124083839,2.91036081905144,1.01386323300155,4.43147988068966,3.4214796934646,5.77140055455764,2.52580856220207,4.32947705171952,8.60847547149477,0.183820231629964,1.03176117228389,2.21453185439236,3,10,3
"1009",0.945445709502429,1.722294261381,3.79848833600483,1.70992472853857,2.59924910110693,1.79853445904212,1.61219662669257,2.63693884233284,0.72709380812807,16.255368729011,1.79898135603743,4.69065732173434,4.30835884734012,1.21277024854339,1.66222647433105,1.28908592680463,1.44230277394534,1.86755600073839,2.54531068042591,11.7220092682032,2.03096864747754,2.36590212269499,2.74352067476141,7.14125336692075,3.54820732632601,2.03118069330339,0.963237179183898,0.73510575582401,1.42068949396537,1.94119673973835,0.317309724110389,2.52229255076197,5.72078158113501,4.19212315741412,1.11431765638778,2.12565767369094,3.99641669668839,1.69626671869758,2.81077828089981,0.378536041854649,1.53834284815369,2.85281043866091,3.80695781352964,3.58163948162918,2.28579612555389,5.63063853022631,3.40691075541494,0.32648951986261,0.93260433899123,6.65521601594948,3,10,3
"1010",1.61228834328155,8.15521428683179,2.38326577304757,2.75133080869371,3.72151443760127,6.20271508657894,4.32855699762381,1.34756211470891,2.56457220882466,14.2261215073244,2.83384525789157,5.39744951774431,1.63497550353107,4.75125719539229,0.9681335673547,6.09898797353715,1.04109878118878,1.11475698966699,7.01223082558991,4.66925291861094,1.62833464949208,3.39248420395894,0.846020483220644,1.09459529535779,1.5844764440305,4.5138382983387,1.1855264239391,2.1658676996721,2.53400588646044,2.19561338994119,0.518030180921142,3.23423892913473,2.99767444592741,5.06325369665691,1.95398269969791,3.68723655340905,1.30317915530115,3.35214677353471,1.95803987293935,1.10876513535623,4.919524546395,2.82474187955141,2.57025425322963,4.46512708216422,1.95201099992162,1.68848190823351,2.69665019747061,1.39836265776538,1.08228150632253,5.60528248282695,3,10,3
"1011",0.546912047624009,2.68102125573847,3.31037882014446,0.803784393923918,3.43153284476603,7.85184725878297,1.06964943529587,5.67852702112131,0.552972803497977,4.36168574826312,2.99960043792331,4.56833167389415,1.91323235248687,1.35296218251829,3.77665532985509,2.93547978651783,0.948148584244262,3.41796052275309,2.79572003973472,3.7927833570896,2.58100943744295,1.70375741789347,1.28170155962516,4.83994614221382,1.83309876297512,2.48105301891646,1.07593132164229,2.87116334411088,0.85608032376896,3.34211733108926,1.93520276078804,2.19573764885896,3.09441019280597,2.21560095933126,1.89922883929935,3.54255309933241,1.48516393695662,3.41915593625527,1.20969525337907,0.785091740794612,6.46031958711033,2.89675938361922,4.09988653383487,2.85029743915352,7.39743197813191,2.76378162434484,2.56455000864119,0.775453405328748,1.31216863170454,9.24894443283062,3,10,3
"1012",2.049223363655,1.92221620221905,3.41408937084494,1.26455792413708,2.07687013011687,1.38001829126679,4.62954593263562,1.62717043503137,1.78123729580843,16.2476482709813,4.36353294609165,4.77449914482741,8.09179746455341,12.7735856712548,6.78977959394764,10.3994071564633,1.81200946702032,2.77072283146171,4.04262377614337,2.38015641669277,1.85068671484181,2.16265896264205,2.23482317261679,1.28120270501684,2.2823483662432,2.01489739350834,3.52074574691103,2.97471905286054,3.24442030232176,10.9535086515576,0.294350130658707,6.03951758703604,1.10142130749231,7.58425902346577,2.03348416049764,2.35191580235777,1.1481115968462,5.06063176195646,0.446389365970559,0.587519486381763,5.64438691699698,1.41992713511544,3.39875926952471,3.77211474629082,3.3245428539335,2.23472417509331,6.77246875309985,1.3523888803814,1.10286838970345,6.39241597896342,3,10,3
"1013",8.96316816544807,1.86778157901267,3.51981920815672,0.866662665632259,7.22192410152076,2.71841958756307,1.54441668313535,3.50689231024094,1.98870616416918,6.87160584943461,0.472236283090038,2.42199509864211,2.67608450078289,1.66044228765864,2.13761737307394,4.56232596822985,1.78482993098493,0.942824913654632,3.99425278806461,3.36343033213848,2.52833978120402,1.64094815918489,2.38133659600426,1.65552997053514,3.10560587551556,1.92268277934024,0.930677332875604,3.22013935789143,6.12881442839219,4.38206202517321,0.901528682591512,5.51792155276559,3.53442372177284,3.8351082314887,0.767356962159745,2.34145019579392,2.3560962016016,2.28179709575412,0.569473006390487,2.91217889076082,1.41030568127536,3.55604642022177,4.22419074337921,4.73351884982949,4.08427179526523,4.80520095249414,4.38773985403991,0.410343816207155,2.62464548794146,7.25673256061353,3,10,3
"1014",0.803912002543959,1.2995133448211,2.75103348195861,1.02543300494102,2.73635262883227,3.87358556602486,0.55590803387913,2.56747412274594,1.80847285007978,13.3875411230522,1.14002705931599,12.1816166856259,0.958676509228395,5.73476352485751,12.2971590354171,4.74902401914938,2.1076395906721,3.98836283305366,11.3959342972325,11.7354409186766,1.46724581906223,1.60217383007998,1.03796084262126,2.33414749851806,2.53203995181973,3.40462227313059,0.606534903945899,2.32629387587003,6.64851233425137,3.0424176519785,0.411441670326965,3.69449075154388,2.97393024425253,16.4046316944699,0.893113240310317,4.3378624426357,2.38228073387307,4.26573870150699,2.04792025824085,1.19626399022747,2.19447076824768,3.00496255344207,2.09828236843603,2.27468607472087,4.69633181713671,3.86782523637121,5.15162380056519,1.20551119667116,2.18433957651344,3.00397993074888,3,10,3
"1015",12.248431354676,2.14309037395252,3.28751429063736,2.37674963834986,3.95004747652064,1.66230782569901,4.16951560446793,1.17815040066824,1.94030225114302,15.5480249424077,7.40684521204322,10.7340074362562,6.59634026591593,1.45004085019477,2.02297361930883,4.39467607419903,0.929594454634481,0.372065077238308,7.99653437637901,6.73541471741661,1.7344351383684,1.98761153853684,0.628304019219213,25.4647170202103,2.54453369712833,3.77434640123326,3.51486639921172,1.44048203110028,0.803458685903802,2.25426051882874,0.478900850550861,3.31733843278982,10.1696549214528,2.73859796945067,1.39696770043292,3.93562386630592,0.741706294913038,3.09056155471331,1.16675216674792,0.473671994511349,4.50162033511641,1.91379503389113,5.32673814513456,8.55036203206798,2.14879984968581,1.31318399424627,2.50169781255326,1.41250406816414,1.99726216343911,3.33274188911749,3,10,3
"1016",1.34273969225363,0.119575421892541,1.36847331718472,3.5723884063603,10.76908255961,1.63760767459975,1.7245454561699,2.42113644011065,1.58484959993325,8.99105632859747,7.18673631857502,2.80204535870878,0.965787572908127,0.391733542726842,3.98506906774907,3.17421857656387,1.18618694351695,1.53849268174906,3.34128273817887,3.64252222114904,1.1373791704794,1.94395384481973,2.60688505724056,1.63607660556041,3.37679816360776,4.70351110678242,0.745221838614253,2.39790035951307,0.573786103434728,6.52452873822788,0.365271876484535,8.04212229149611,1.29269774253185,11.3505362030461,1.17302398521039,0.690589331392264,2.25580390289681,4.1785854757591,3.46500346873624,10.2840190648869,1.4992673057865,6.73952519882389,4.12264885647438,3.90811657932572,1.48103009374482,7.4575650442377,5.35138414246568,0.234505695360026,2.79456584270564,2.5229996662621,3,10,3
"1017",4.43165809978901,3.49547032469437,1.47723525802834,2.25474588795439,8.05143367173009,1.74161995478119,1.31020780438492,1.57526896381371,1.88511508397827,4.42167730783344,2.59502395946925,8.75906707284991,1.37757670738704,0.636194393483427,2.95923967812158,6.5888570184725,1.04643019625488,1.85677508647958,1.78418972956614,5.63517429857796,1.09544643306853,1.52295246595165,0.847428139738898,3.8420156644193,2.44743146777733,4.97093176543675,0.341112026297215,2.95552660312358,1.18921818858086,3.28007078208201,2.05943556165195,1.42922295272876,2.21836075000709,3.38286356767186,1.19902676748241,0.984917456198753,5.69372510908662,5.42803014058427,1.13833130869579,6.95425147510792,1.40946949350911,2.48314119642258,9.32430951627721,3.78976624071967,3.53957510364606,1.62660346570691,4.98349902615793,1.61195183922315,8.01143448972681,5.58601684749977,3,10,3
"1018",0.948111686352351,2.36853458080859,7.7450598695198,2.69030960238869,7.53345507105443,3.59111458182758,1.91564044500547,2.15618705114187,0.937507323456028,11.9450496846062,1.52193415713433,13.5908682781663,1.22089432267,2.9028010592947,3.41038708589216,15.5821731658118,2.26540715803254,0.533186935639338,4.09216856315891,9.78063610956775,2.60157171947316,2.8865479447725,2.45095967779961,2.4985701501867,2.69428858339342,2.66541543844439,2.10556130104621,2.7230921364574,1.2757740481012,2.40488310587693,1.01824782780867,13.4908316898082,1.23765625497771,3.83711742505445,0.374578203581136,5.93491459249689,0.444989427961788,2.13715281652462,2.28240633298276,1.36625704647573,3.16064507869825,1.23969983864501,5.16645795637146,1.04577423572163,2.74621481595503,1.75449834293563,3.5682793280721,0.420335002568684,1.39479806290055,2.0762481418764,3,10,3
"1019",0.621102322366654,2.90672873198355,1.25849293348477,2.62019644156371,4.90832446068589,2.95555827255274,1.82989249269091,6.68471280054989,1.14267223110219,7.07807121056149,2.56949632041294,3.64191728090665,6.29575428010097,1.1236678314405,3.39745291165974,5.18099168423562,1.15971106336284,2.77049397874902,2.79918909177432,2.05355002613566,1.72795326910564,2.37471895695021,2.48223517814494,2.86685681669359,2.43726997533516,2.30034740082073,0.815447394731917,2.2818844048285,6.68858517212193,23.9043088639096,1.58390950087479,3.04556619675841,4.74609865430914,2.71442348301574,1.10256135163137,3.58176971463519,2.13335703405174,3.30291462265628,1.14511383372567,5.14732205558561,0.862601646682054,4.08822005440662,2.9315215042856,11.2007246888457,3.89619608639161,3.66288790392238,1.92197884232789,0.390205445164738,1.3705980104308,5.97700648896645,3,10,3
"1020",2.60711198435687,2.71685147112115,3.39065043139785,0.844463289826508,5.5783488337733,2.82960528831476,0.799385417400957,1.27119130171313,1.64733155908608,5.05559466046058,8.8347452572297,7.54968008537055,1.92148712233897,3.2065841019168,2.88386729503098,2.45086870821557,1.07637316822571,2.27154545735267,4.86959345579473,3.32390563490393,1.91933119323096,2.74800318836908,0.824078551572325,3.35437919621464,1.23663150896092,1.89014302841657,1.32810548677944,2.80119383290125,1.11083375891729,3.30849118337796,0.251675634545374,4.98297464180845,3.79001000066336,4.48645956051968,1.24944169396319,5.18528772543988,2.08088160915589,0.542368614751115,0.712900568890175,2.8985728871496,1.88556221415565,7.68050441273507,5.64453660307917,3.17385812705124,9.34569384927349,0.845451733491094,1.62404799126718,1.95279344134002,1.5389068266121,1.99093346615625,3,10,3
"1021",0.366187517011607,1.49928618039146,3.73691358361655,3.52926539591944,6.50997953110704,5.32562911270813,1.86920916852971,0.654187070789724,1.93870014596039,4.2088704610836,3.68410284645125,4.43775757366307,3.31140567467931,2.1304517883435,2.2962782433835,3.6424995603631,0.908831308295529,0.759239982290775,1.32389086065429,0.693597139477275,3.12517121018674,1.63583840742226,3.01975855912886,3.80526408701268,2.15885904015277,4.04010692887181,1.0895354529085,2.83369974746274,0.437243749874735,5.82764525197749,1.00445471635857,2.21257269188087,7.60563511725129,2.91052160820125,2.27898311784677,1.41653592301065,1.24001757584534,2.59312410778789,0.9471640333282,2.15125769360232,1.60731036163622,3.13786919597756,1.13188667850234,3.58493731786309,5.19534482660251,1.97347856234094,5.02566298905613,0.538168104568334,1.55046489232496,1.61022284822094,3,10,3
"1022",1.69328228107709,1.90964728879478,1.34454875198032,1.98017248933427,11.9753142364733,10.5905226355949,3.18641840518158,3.44077327169275,0.98262834177098,8.44552091874493,1.47736369927036,1.62917661609628,3.50889003085311,2.39038362588851,8.11611341204041,6.90339626600425,2.28624033005421,1.76031715355404,8.58766017140614,1.82594584293918,1.60765079095988,4.08190738585469,2.43982403336738,6.33065834563884,1.83754091129397,2.66151507933913,1.36239943057335,1.085954124176,1.36751520092216,3.01893095312626,0.940768334297987,7.02128725047953,4.25463297949772,4.13156763201773,1.78859185348298,3.27563329601197,1.4174417539036,0.766030018781832,1.0324273693277,3.37031382507112,1.33960198625931,1.8916709462518,2.37212047779389,4.17701836244957,2.41832006732914,1.28114991726876,3.16489589175663,0.308246269297579,2.92258701319624,1.77361783005494,3,10,3
"1023",1.58603780639456,3.17736499923955,1.70614499883412,1.24563752066642,1.6175420075882,4.9766135717971,3.94727793769726,0.49006577761285,2.06359806482377,11.2609364449274,1.0212029365021,1.53012990919247,1.99640470853471,1.03081737663984,6.18443909195107,4.74687011380415,1.32051589242845,2.79365437607745,11.7336663759264,3.82373657442538,1.47777376597974,2.92203218702462,0.987894831514938,2.96533447402216,3.78693904648992,1.8706080176638,2.13981382814809,5.63650799487547,4.03902244898502,7.05306729156406,0.470301028003001,6.54535204078973,3.40333300637257,3.73480551241541,1.19034281221585,6.49971934925617,4.14749572890618,6.61325256201571,0.472262672139022,4.77450094472849,2.09475907714604,2.34130303025632,3.11364269134297,1.42998106645548,1.91643462105434,2.61691028578872,4.09703700662998,1.64955026045056,2.60147099274498,1.51372096971865,3,10,3
"1024",1.11980140763267,2.97473508481841,4.79420389621219,1.04152601226699,3.05196761307637,1.62950907156895,2.91990732526758,1.87453346400747,1.55144986401912,17.0960936198419,5.73198974913473,4.64276491944635,5.38346262440862,1.07871318640642,4.61385073827497,5.41843453468374,1.6881069532428,2.36057706111582,4.50356898909006,7.38297133139572,0.958383623612119,2.2657722807046,0.832336323891295,3.54598929278978,3.87158745149318,2.75262276139585,0.887334461252667,0.98539344792067,10.1848591589219,2.13080686393329,0.432027770324342,3.50143252487112,2.48098939506634,2.12127561597112,0.633150578317038,4.39377866520031,3.65718890689137,4.53921044815565,1.78660019785804,0.934651369124688,2.62700048410246,2.68075985870088,5.39342328067601,3.56371720661875,4.31249005793678,0.981586108862774,5.28617974663277,0.0544684962698686,3.01226025977873,3.29264919105118,3,10,3
"1025",0.50568403823387,1.5497841819014,1.45667831370508,1.23931277149716,1.95031045880737,1.10314792739365,3.4941345877284,2.33515999491635,1.73340108684355,9.70642989869537,1.43817587648569,2.22269118452797,2.66743629886659,2.15060599800329,2.03761241572038,6.22398464467502,1.11044686299264,2.12682315570199,5.89210366440543,3.93803593790106,2.07965566271819,2.42120575068238,0.916505877823154,2.13843026833392,1.0290022333449,3.48453393770394,1.93723408111992,0.884373941028126,1.49238013712291,1.10910889822285,4.63623373402716,1.94527501614357,2.53397966979974,3.49677156063815,1.36354068039806,1.15247309028884,2.01781705899363,1.94150003213247,1.06668643059733,1.6375716929903,1.15443831928954,3.25666377683997,3.50035823369884,1.33252768106167,1.91710733051216,2.23979794671381,3.74585829500014,0.398551601584816,2.49839900434975,2.87728452190785,3,10,3
"1026",1.40804598513842,1.00072461915276,2.90797131558398,1.3210228887588,6.56194167973916,1.26273367792528,2.71722427515961,0.658631709312054,3.30959095715448,7.558588468254,4.94076259644619,3.40883033251947,2.05001223911404,5.14903680585712,2.12641157155667,2.15549040731201,3.45137616173486,1.00588898287593,4.41049006943256,5.13672649513091,1.90184395832187,3.16207118079511,1.23328815404312,3.75706269579724,4.00911043175905,1.60702852999529,0.87308523287297,0.902244690905341,1.14580114120292,1.6244882520366,1.32725473316958,5.35914116753828,4.01230149984423,6.24166502775603,4.48236567177492,6.68506575429115,3.22543338461582,1.93079083312199,0.5207621059108,1.75098404814608,1.57880542437436,6.58300286562138,4.26928956158446,5.71454155590432,2.49307124089625,6.76731712076405,1.88235944314951,1.59214682805693,4.63966779683992,2.23886596212013,3,10,3
"1027",0.833635974038275,2.5849000269059,1.87777176150568,3.06513627246113,3.10898318097816,3.54630159638249,5.77350250225384,1.45770754407377,0.907044591744482,3.25746007530086,2.98954543043802,2.93497389915404,3.8281483767873,2.73985113138015,2.81731735821481,2.8896099772596,1.18476644971495,1.90224103733708,3.16802839194352,3.31861293707978,2.08464899304869,1.69844132051704,1.46314299425641,3.11466804424236,7.03473056853374,1.69061167625389,1.0123948550233,0.950863326428211,2.86298724536737,17.6338692144751,1.05782232255125,2.95640850654615,3.25393267116882,3.73707394855393,0.472328697392855,4.41775614395845,1.8323555652688,4.62824432241303,1.44718232593052,0.414054820986054,1.33270588827242,3.91953382343223,2.71706151677849,5.42813850139258,3.07367166347613,1.12410549180044,3.32048552708642,2.00496742876164,4.03927219519292,11.1379863417439,3,10,3
"1028",0.90086934217889,2.98645614362027,3.48261224389418,1.20358887431823,2.68675027426038,3.56097681250574,1.29980826039522,0.645799610894248,3.1540139190407,14.0486364579833,3.21240837009064,5.6054341659098,3.50498994929256,2.10836148245224,2.6599084277209,3.60154331143062,1.40625061625183,2.22941111438598,4.47944936812521,6.35374119278888,0.612098220376211,3.41598501187541,1.13382078951832,6.20198924087053,4.2525754689252,2.77823370329399,1.90873700963799,1.42822436372783,2.49279841526618,9.55716262968766,1.00414672282139,10.862228234472,11.8674102003224,4.89801082696411,1.18194324889877,4.44477366200216,1.41941811969353,2.52961145806037,0.961584404759907,1.54039293286826,1.75153085057965,1.69738298782494,6.11252471188947,9.86418285379107,2.6387830788271,4.02500056068408,2.93144916415261,1.38313551205128,2.42504110198282,4.01201832686693,3,10,3
"1029",4.45031341074751,2.2649205303311,3.37724492708858,2.9803002706298,2.23518280391153,1.67249483868612,11.4497919194361,1.23939476720171,1.37986723847739,7.07684431707057,8.27560619162939,5.49647415686602,3.31766323886781,0.645843839478903,3.23616565462356,7.04996771090182,2.98715434950503,4.01504181916439,2.28256107758283,3.21909123704547,0.845605310844986,3.25549425303023,0.513046999824735,2.29289347361097,5.72106135144326,3.56870080143059,1.47829292855667,2.0155019270841,0.646122986688429,4.68093242853344,3.90769290915829,5.92640216199401,4.41539319649582,15.4584260596827,1.47607722347381,1.45606106914544,0.929661400587762,3.29916328847768,0.76988727510283,1.2781486605537,1.54220461201109,2.65910194712312,0.458487295114883,11.8526254622612,2.04524609088276,2.77847717927587,4.89433930446544,0.369093566568982,2.26707051809682,2.83433779737768,3,10,3
"1030",1.32672204097506,2.27307220420002,3.55978283421959,1.16976846602331,2.10839223597296,1.93661513686452,5.33747173945242,2.39224849538508,2.0211613747803,17.219374542566,0.798860515338386,2.29583926431069,3.03925908556978,0.713034494094187,3.29856028330499,5.15470020763179,0.754273048662461,0.223376196491259,4.12234076808057,5.65432183423826,2.25830784927035,2.07200339512295,1.84810707396498,2.82221893865991,4.92242262426524,2.60534102905566,1.94021832179754,1.73444331193657,0.846732771536132,3.5358362053628,0.321679653618452,1.40253742634242,2.34070296353713,3.98957088239932,0.509413842993081,2.30766149536533,1.22744918313057,0.93234110508165,1.79965351827582,3.39509058043653,5.67022435759814,3.77800868261544,4.40128645156038,9.08304269816166,3.17129053183005,2.62817006210581,7.99750698153688,0.326692739079864,1.32328268799605,4.18029625465394,3,10,3
"1031",2.64322757441395,1.51503651732965,3.62012726971375,2.71505950708997,3.16555453228479,5.76620638680816,1.43344601802525,2.57421770288978,1.16295798873086,4.26318823672324,2.87316466466339,2.87852871604577,10.0949024668604,5.87309094326294,1.0637421949884,2.48622285119599,0.905480592834139,1.53203895811881,9.34555363599838,9.50303807937735,1.42316940705266,2.11846065527803,1.77108529862015,4.12947082592409,1.98443235004809,3.46919010202647,1.19297194666582,2.60243252473541,4.22292344598492,5.0397927645208,2.11109114133207,0.808912473063639,1.60212799292055,5.27439822141039,1.49435253032766,0.298846337583467,2.36383698128397,2.94325567136615,1.48836488299911,1.74969971367046,3.89831414942627,1.98703208435114,2.48992876291753,7.69014263302849,1.93328970388984,2.30883144405671,5.4639086907411,0.430715299130491,1.67416854836032,2.36968926243364,3,10,3
"1032",2.89716533396446,3.85280440009942,1.25519500249823,1.98562545131899,3.53763304037077,3.1741388025832,1.95574097087829,2.41278570730064,1.90980547627891,12.8722973178081,1.1530309703153,6.62172747309361,3.89193137807728,0.688751966349308,3.55311929306423,3.50016189793272,1.28736504703859,1.72288180991794,2.9387960470914,3.24761324608979,2.31718824807198,3.46079787810193,0.877418512383064,1.19896002415511,1.79027814380255,2.20937108463196,1.78650875062179,4.11425888711544,1.96605853587518,2.08227583377998,0.479367468987271,2.33703544070703,2.76117279685742,4.07398771231621,0.955408241539871,5.58798161859029,1.65128763565503,1.4855752602554,0.61229322423783,2.68828763551047,1.02871556546323,2.2850395760786,4.41505525354045,4.35914646270902,3.31318524162185,3.14736436074862,6.11191913680427,0.898123515814,1.38657487397074,2.58440685903838,3,10,3
"1033",0.885500061003169,2.66476726693476,2.3287327271917,1.98496566884159,2.79903693798531,2.62817231902569,8.13836351346192,0.272726322867871,1.28224693637369,8.20167904178233,4.61323381159768,5.91769751706651,2.47942342746665,0.998270364510728,1.32994805596684,4.50571955522945,1.34380850375046,3.06980603634547,5.23444138377481,5.40465640611007,0.972193417862521,4.70681657702302,0.46536424607132,1.32198852972776,6.7497291679197,1.34521154842252,1.67118894702092,2.26631780382769,1.18195917838313,3.45745349132497,1.23776638037874,3.24790168773737,3.64785356914987,3.59152105448978,1.1041915037291,6.02437818388392,3.21956809234662,3.93788699762469,2.34258452909051,3.3098433763769,5.97385357732585,6.71841277908118,3.30660382127423,4.58470646805705,3.65980399853944,3.06392711260805,7.5783539748279,0.730311652287868,2.25581851169197,1.05121306324211,3,10,3
"1034",0.833241597668134,2.07204023290281,2.64764284426838,1.73258172390263,2.14989825270273,1.7866818932637,2.90088886612264,3.03371494483697,1.31793471653081,4.00377719896948,1.37306446371059,5.72168461846031,2.08254316726067,2.55310893388873,4.11222231266998,2.23293363923206,2.97030996684947,3.70127141572699,3.05981981908727,9.89034699323869,1.09490791377315,0.913685048546676,0.905954311737866,2.27458325806376,1.57186133093671,4.00209357961505,0.848048831060292,2.47105157381144,0.337926710216864,2.99002824521884,0.272782796335099,2.32582148694964,4.55270333378626,5.90515224028986,2.39783899749331,5.52486789304376,1.93255655999422,2.64316746696243,2.80021197779995,0.891693015413214,2.13136602011988,1.71252235327506,4.41215621947789,2.06582911020568,2.05929702054051,2.46744903676564,1.4991229684207,1.13338179811099,4.50381151478979,7.43986207604075,3,10,3
"1035",0.638034377345546,2.42555258089316,3.56000978330513,1.52003700547147,3.63633506433679,11.1441613742108,3.68542428346774,0.490459634694581,1.80601784243513,6.07762608623791,1.12083358013247,3.5526867010173,1.05316668038944,2.4270584781839,2.72365189514199,3.05173532377105,0.633964886621214,1.16533884487467,3.50330407220227,3.71968179437967,1.31329820058267,3.81749285819753,1.53237938923266,4.96179291756792,1.69488053357528,1.86265571913693,0.64104402879806,0.874067614048055,2.32297639252472,2.04768897540601,0.657997705833532,0.901829609973638,1.31157193041911,8.30426028080148,2.04792464979538,3.5203580520455,2.94492485206916,2.39022485273078,2.66497228996695,6.72755041661176,2.99318535664204,3.15178937353887,3.14243640007104,3.00621756962251,6.09167900429577,3.03105026968373,7.33652365918221,1.46838768624894,2.72868966510965,1.94216751514231,3,10,3
"1036",3.81223660227018,0.892803360776892,1.028506004726,1.8691624211095,3.891860719478,4.44905781151188,2.41241068150028,3.58966423220722,1.42609481148681,8.36874902345912,3.51441710638898,5.22491933678427,1.77074109431819,2.13575128027329,2.64600864948707,2.89785514006233,1.11230347756799,1.59537626321281,6.55594996308093,3.49503779696926,1.76831470620655,3.24810780594157,1.59199472148264,2.39297833277016,4.85114245071786,2.89815862267202,1.57133128794436,1.32493920257803,0.761160025546923,3.34049477519579,0.66544680825744,1.47708579743594,16.3264115890418,3.32922187003052,1.62910559978263,3.47944706360449,0.878030198444407,2.68232962724814,0.701164889405564,0.440944004760928,0.959649025599372,2.34586370512261,5.14225912172831,3.62357041528693,5.70402243326604,1.95633126891682,4.42447680609783,1.33576653663557,2.36491216630075,1.66276514675477,3,10,3
"1037",0.688537520251153,1.11291132495576,2.86111481552044,5.56405246822071,3.15004443240732,1.58204331102783,4.67431246830802,3.82540363467168,1.07212728819377,13.7529046709516,7.71743763439098,2.97701721433285,4.51751704465101,3.17499938348407,2.44772289631224,12.2838653239983,1.26318385610279,1.34966337687865,0.831906136872361,12.1567354931506,0.91658857321248,3.59614985768601,1.99503441731952,1.98442138058312,5.54965609067633,3.3821904356666,1.1479208965279,2.00646080451551,1.40294987865602,2.66032599190625,2.72393054448817,6.1876465414416,7.81001906287677,13.0246566094891,1.45125730232596,3.60298464755407,2.19147863688681,0.429956752648419,1.66213881284766,2.0031874643736,2.51821056177505,2.21032769737074,3.74139798679551,5.82363858348448,2.86533413413911,2.22645790886989,4.80767919526685,1.12195647846868,1.98124820998166,2.70967943465483,3,10,3
"1038",2.59025719062995,0.115120185991042,1.59867411073721,1.48493183850629,6.18152321320101,5.43788126651337,4.32974499133358,2.46833045380263,1.77764205585074,8.36572890775043,3.98151270404029,3.57869750054065,5.23547189133533,1.16903176657968,1.06753400862958,5.47341543504644,1.09836325462749,0.827632898195294,2.55641192106358,11.4351045680047,2.34668276884695,2.22797123522603,1.81393884728017,6.5890851435517,1.26365116363051,4.35302398164036,2.0849369856344,2.15874301204636,1.25049762083713,9.55500435550016,2.71815094533578,2.9780608514423,1.72186672416488,9.24919627384601,1.10440284482378,1.20161942387612,4.35559800214686,2.63792776820116,2.3319817178029,1.15784590641425,1.66080438215618,5.36869669581451,3.94600160147786,6.31486084518735,3.77730792296636,0.76900286866822,7.80513514106251,0.76015998546993,1.13429979757118,6.71474505154161,3,10,3
"1039",0.800478787640906,2.08485689548938,0.884094595107061,1.81975751332415,1.38804207965039,7.23369066205297,3.16865632827946,1.723966681772,1.77364647583643,7.03435194808834,3.7861161227606,5.23050892283779,2.05262969469815,1.92839536661143,2.95632441655642,3.2669567199285,1.65612992141141,1.76956620218906,2.15994232648523,1.31885497318916,0.964023918442912,2.13097667364366,1.98035142447999,2.45197067242404,4.59383956479729,3.8351807806864,0.660508966989366,3.81174989926978,2.4278133915637,1.61131334030577,1.58307286743868,2.55643729084144,1.69672430362737,3.67950727123359,2.42579765610403,0.472600631001018,1.97507600794207,2.64853443718906,1.8893873816857,4.88219794815362,7.55939256798219,2.53641422128042,2.00650592055535,7.58377014679912,2.69059374315436,2.2923205654188,7.96119521540207,0.612424450336654,5.13554138230223,2.44998775120507,3,10,3
"1040",4.48457826505428,2.04938249996731,3.31408621639081,1.700524401135,4.88938279294139,1.81604131283393,7.18020750835691,1.92207227240259,2.53417087719266,4.71058062026282,2.71450494272604,4.63534729328906,3.32959371446307,1.64732290526411,1.95339449396031,3.73553959021213,2.43601627518267,4.23928159465083,1.7170359364507,4.60732878526292,0.846709309874959,4.74191456322724,1.35039396513752,4.58247269705406,6.11470603141927,2.54355318971667,0.658241491936252,1.37294993713334,0.497379357651222,1.59206118004126,0.918375647558266,4.52889824170011,5.57577240992272,4.1611128277839,1.72058381101087,1.33923940649643,3.47904201237604,5.08575952944049,2.09158235654379,0.960302467431185,3.08823896493952,8.02149033476248,6.29266203863125,2.318132106029,2.94424127589206,3.91354780138808,2.01481541860913,0.618606222291274,2.49311816084187,1.73276727607371,3,10,3
"1041",1.76004181021484,7.03668317999629,1.29909408563809,1.16409274956205,2.35307244535422,2.84227692857317,4.68250519525993,1.15313235351257,1.04372961568515,4.13115118875337,1.98813186657242,4.86912256743864,1.76847038492786,2.69120918940279,9.1506674308419,10.5225719383178,2.09342859202845,1.08746884765169,5.47466337101181,4.83684521728603,3.71124517693299,4.8134260402543,0.922025969122496,3.37817392260721,5.26418707786896,2.26304941581801,1.25496268389847,2.85068917547602,3.88103220687537,4.89005926132438,1.9967989915639,3.52458446351268,6.86494399777653,2.61931357998583,1.93300499895214,1.8477517679036,5.57654599105044,3.7860511376734,2.72705132888009,0.437200577254933,3.58053129947206,3.42885458370985,2.83054154936117,6.02886550854866,5.65700468500387,1.64026151033414,6.89489644383952,0.701616917803725,0.997261027958867,3.40673479109723,3,10,3
"1042",0.706714666602971,1.04580592753333,2.10841370874374,1.78865657588835,1.69029199389101,0.938143270848297,5.36458257186747,4.07497117287279,1.63453011808746,2.6304559808328,2.39184057625637,3.62703087615272,1.36499429371988,0.785951218364931,3.92368710518072,6.06046798333768,3.12446007402925,2.90179492720793,3.79584286834301,7.52454514087663,1.95004625902095,3.04253093313754,1.55711787024972,2.85172293856697,1.46360653803433,2.11505837464783,2.9875414914992,4.91281358534722,2.34311791754696,6.73957728946351,1.48306739667774,4.84781747708837,4.96697356265635,1.41947074229266,1.79548223222235,3.01002015892,1.04596020878579,4.3623058642522,0.499232408729517,2.02585822768413,1.76914191330439,5.28180351994373,2.23493748290415,2.32045437022185,3.60466913011363,1.20415090249599,4.42242318595415,0.150596639436555,2.0511722298408,4.5047765645282,3,10,3
"1043",3.62731111551538,3.68761325621827,3.31894127338016,1.03905575022433,3.05364279476732,2.57459713508668,2.2825786337454,4.18525355213102,0.90935217663377,8.44531112384137,2.940869475775,6.18958921201585,1.29600419563336,2.82957309387978,1.32807128878711,3.43670404325481,1.9619975578784,0.660335844081734,3.41885911096954,7.38488998770234,1.22426134656439,2.87840316594502,1.68252071400532,2.96163435884502,3.59185780234272,1.47585333055082,0.492282750914987,3.89892916777477,1.20684210913686,5.34602998318774,0.485977516619627,9.45401139361042,3.40030781021549,16.0891400172829,2.9288926771279,1.07602530838683,0.746773198024526,3.29698562582982,1.02387571550699,1.13561634879735,1.98195214709306,3.03858822620631,3.70064985717152,4.13356020328066,2.826044931585,5.63479185928104,4.09547452735844,0.16318365957936,1.90265564275262,3.76955588106576,3,10,3
"1044",1.71985488161481,1.67544483460979,3.45720495704394,2.67563762078158,3.86363288528243,5.42844416686981,1.86349168586749,0.627934974336294,2.61693347764265,7.09747295533649,4.10126399370118,3.62578735386186,0.555912698196209,2.11785130574337,1.87277624385827,1.3475708519186,0.700735271284534,1.81361690350606,13.9252151866485,4.72782204469309,2.40088309132569,1.94375103751457,2.1211658991415,8.40365261653186,3.55907261418835,3.19338486134756,0.84789660006217,1.98507160781842,1.49422420308793,4.65196597995948,1.69083190093882,9.50556902886406,1.80907784459223,5.73142036109594,0.957481922866561,0.486371820318578,3.04461371756828,2.06458132840189,0.379661104803269,0.885293424588307,3.25183173507824,3.0588996781678,5.16624620320519,1.76153451232693,3.58038219785938,0.871381896109429,7.2835312569208,0.807931756371541,2.90714210242415,2.71188528707663,3,10,3
"1045",1.1446320977706,3.18972236163291,1.63623194876786,3.30830284130695,3.9504397302952,9.10697527391019,3.98652307058114,1.950447078282,1.33818858194724,5.81594321292326,7.23224307123845,2.38210376824153,2.48854286124997,1.98443073744778,2.73513738312958,4.31215761457922,0.886256704110088,0.573529775007552,3.22345713458431,34.8623960063845,3.32381424925474,3.7790595488398,2.42136992305862,0.978913897074388,3.74525543049497,1.6849154754614,1.22947768791668,3.59023010832167,0.762660865762323,3.37758617493258,3.72096004462404,1.36718675695691,1.9460976655092,15.586790858067,1.15236780050526,1.21433904116988,1.96732273406546,2.32372556145438,1.11947506639508,0.983848537258002,3.21369626379093,3.0447855387314,3.67176861714513,3.87194322952894,2.75530784350729,2.19044050410905,4.83367893155707,1.46515523348258,1.96987056587396,3.89705632080807,3,10,3
"1046",1.09654024615644,5.01382876809722,1.50177878497462,1.4202120841987,1.7041908190434,2.70562114854603,0.872236883200359,1.96287667303446,1.43299011759774,9.24866009394236,11.0896838530005,3.82515062176462,0.414108430678114,2.46643721565282,3.71298997194988,5.56637541929947,2.71439354012483,0.0770493003514806,6.00646943615474,4.67905778681962,1.66624640728747,1.8401063030221,1.68520902959617,2.3493714208928,2.69660700364297,1.53942215461466,1.07698000400545,2.76784874758652,0.957863333091765,3.15217039389594,1.68068487463804,2.61628410090232,3.51547762792014,4.26334954013116,0.695904706910204,3.60400576844229,8.23055214590628,7.17699958022549,0.240368098606421,2.1501172410475,1.59916352413635,3.07617057528666,3.56470739081803,4.36338774162121,2.92632742665972,1.97379791772056,3.28014954199126,2.82434809272222,1.62073804670084,6.10304696546934,3,10,3
"1047",1.1328247790377,2.57446513889795,2.96302175968629,1.5260921208784,1.73351272520843,1.12002006366582,2.83463871051117,1.52019932393196,2.76490750557873,3.7814305041433,1.19884999214802,5.54927508869428,4.65016677985772,3.07789902015707,2.38041336636239,2.76169411939812,3.15218694539836,5.29096997693448,8.5905977441745,6.0640978314848,0.897496054461135,0.90347493096835,0.936353260307915,7.44784369346275,3.69786958909782,5.45242595332557,0.913584261624457,1.7621556225547,0.887388265274423,2.91822655281652,0.809111572270241,2.50642029564369,3.89148005613189,11.157195460016,1.17835652056178,1.98587576307417,1.31428666583489,1.7849461704053,3.79412687901354,0.640846466120407,1.24365568319771,4.80475491452636,3.09518164011211,4.83743487782476,3.18306301059935,1.87929617507506,2.7661057053567,1.75326488789975,1.2284413585101,10.1582171279596,3,10,3
"1048",2.06363297539822,4.42473433092105,1.69115029639428,1.03779681419978,3.98828058558106,2.39917490667483,3.72223437308897,3.74189264176301,1.56035358319096,2.41433519708558,0.539606093503613,5.48032221205439,0.985082645885164,5.70336883427914,8.10579847001906,4.08364229734831,2.92809798206126,0.873796814840937,3.29186306548356,4.40095080363549,0.662948532619396,1.52373133986852,1.3109764326826,4.37267158313354,2.13763350316799,2.72293492385546,2.65998643049947,2.19558724352472,1.20356961755239,1.63679103928813,0.688482295489926,6.05388849534693,3.6464971301327,7.31953374030165,1.28055764257777,1.08925204648354,3.0043399073768,5.82661623065002,1.80576673333499,1.73083645157097,1.02218289675144,2.26208025419232,4.40470239455643,3.26111108541035,1.16557789284072,1.56460933677996,8.94932348919372,2.01087906415083,2.58432308090909,2.27089944641343,3,10,3
"1049",0.825149636549365,5.05926203787211,4.15555858644758,1.19060076927924,2.23913710284744,4.15955523102544,3.28709903284547,1.76786840274727,2.6220414380643,4.40587395841214,1.49732645595449,6.89388781758189,2.8663509130826,1.67580832063026,3.80161068991885,16.9497818070118,0.988992905537966,1.19008234773845,3.2406447991929,6.30164903033772,1.02337928015779,1.38504420891641,1.59802357348014,4.09534454453638,2.29659820482925,2.89476722574368,0.802410613193607,2.91586633820486,0.624317770143303,2.74439604393514,0.492603305643203,4.70455308255818,3.5304107669408,5.20712237539986,2.74218714093015,1.53703921866735,3.95918626939865,4.71165004389365,1.25813736540583,1.74713191379418,4.9521218069587,2.25702271456399,4.20061314830191,4.63682289882525,3.39553506085113,1.25531465723175,1.28446391687508,0.55990255208026,1.71050471010629,2.34274065945792,3,10,3
"1050",1.11055282664293,2.27352848750977,4.28417190679081,2.52659955929798,24.730864300815,2.10767044303404,3.46955539477678,1.02711351457306,1.18670778367617,9.51127016447489,8.17559838649272,8.47775754515174,2.56582046317385,2.51425387933031,2.08406669343008,6.91319925129932,3.02973265058649,2.68071116374279,1.57672099909837,1.85968662057449,1.42214571570749,5.69544281010966,0.258520656041855,3.50112560665867,2.68062259032953,4.54399193121729,1.51674418134278,2.94530785569243,1.70784297948455,1.3057593230335,0.193493465742482,3.6050395768064,3.21321801348222,8.30216135712882,1.58914657851897,2.23729517704195,1.31162447134116,1.67985054233995,0.793605503764571,4.66616557326091,3.57047266426406,4.22395371368361,6.02318089195685,1.67600871421044,7.32835095234935,1.02228355861733,1.47780527015798,0.150941374030737,1.87902119426381,2.66509554273035,3,10,3
"1051",3.31342948654692,2.46148639299457,1.16261665207821,1.6592240412197,7.7891270355445,3.33033385052375,4.39688261330109,0.712747870395862,2.05000916420334,1.99645806039016,6.54606898163866,5.73494242745206,4.0751111632822,1.75093938270818,2.15897809705697,3.91126297605905,0.905465576661195,1.01353111110779,6.1067673181441,3.32512641723267,1.71092105460908,1.2122699248164,1.50534725948547,4.52915622331513,2.93867145243883,1.7790414430319,2.72518502476335,3.00405029396138,1.54340673096254,2.30310024421477,0.431702055520375,10.784574389312,5.89999156918178,9.65719280707509,0.707551571546965,2.38411262055067,3.97254091560041,5.14727987395506,0.874581819723164,1.57774594327503,5.94182429662858,4.48322355483658,4.59918923705855,4.57172241274825,2.48399122765615,1.85361940225829,3.49510657446969,3.18572672872102,1.8235781851386,1.96800221053354,3,10,3
"1052",0.747665149700009,7.91738318790356,1.45612716405917,1.28586619192641,8.25565839483063,1.00222480212177,1.68737261152527,0.820995837403425,1.70138624728918,3.68335546150886,3.67189374173403,3.15187593522315,2.86320315421162,3.23853213843398,1.26146287935775,3.03458763053482,2.32552199629862,0.700826166278032,3.15258055515615,4.47069412197922,0.608624324562087,3.19422490347185,1.56031322436,4.68739446614501,2.77616859738279,1.58537125630241,2.56186840993526,1.81030748357852,1.11773463791554,5.53707562858767,2.09293494569705,4.53940056062249,4.51324634280947,3.95510532336199,1.34266242050714,8.65733936242885,3.95696478569805,1.21930744585568,1.46407173273133,1.45628105038522,1.63239724160205,9.04936884888002,5.16102585856778,5.75125506351437,3.41235932802173,3.42561676288379,4.68124047364991,0.681683428210152,1.37100658040426,2.89826666520645,3,10,3
"1053",5.5809206894719,2.67612135488542,3.86409749449086,2.64796555553442,2.72959251628258,5.42401352354152,2.30528487551431,1.1330852897154,1.49313855612097,1.76762474265335,3.83211930238048,4.81596654018163,1.13921699363766,3.15370625411386,2.79090106086894,6.93865223929001,1.62362209825682,2.23586384379534,3.96865653559522,11.9972397960513,1.82256811926337,3.27964119303481,1.26652912625375,1.82910688101762,2.06631373573775,4.41813187757807,4.02659623341349,2.5419664787118,2.01347870235148,2.12804839196287,0.56154791246475,5.27936712306948,6.58031601472236,3.35841961090174,0.688218833727752,1.7794595811717,4.55951378251622,3.45743697440873,0.739984336978484,0.654420818823324,1.96830922619464,1.49776697635052,1.50028181094958,1.5215212635155,0.547858828812225,2.13666589842221,5.12502432886142,1.56464882258207,2.37988256562219,3.01934169638112,3,10,3
"1054",0.9028836512544,4.66310653660741,1.77164164385592,4.20656339580087,1.90937923546493,1.73238761174132,2.07183877978959,1.50337806576441,3.10307129836752,1.8922892019203,2.62566493822987,4.35053892612434,0.869396123615794,2.28701911764725,14.2185136243489,0.702040792524832,0.685221860278258,0.617706753580231,1.84243357981809,8.8658165761067,4.44415041383426,3.84282573537513,1.20239771960533,3.98920490736725,2.5351393710699,2.44618383204001,0.674392492863454,3.27231441935651,1.95583456968242,2.69152831746122,2.04350212171423,2.88634019987274,2.75076422153995,4.08736492593262,1.81845449623277,1.07087284352483,5.40759836054113,2.55964971347598,1.02627084503635,2.12918809356934,0.481137438740282,10.5522362794999,5.19757554843909,4.94658721897745,4.45269719547792,1.72965003494865,3.26092726291775,0.427623860408372,2.82325951280041,6.3545206748017,3,10,3
"1055",1.25662723482896,2.87296718676221,0.859717618603625,2.20553399774142,3.65649504136463,2.16885411121449,7.45367221930905,1.81411247033832,0.500783790416773,13.3903809104692,5.48466268486748,4.20639612028028,1.62160079041423,1.21480602873207,1.51973051348218,3.31191798264236,0.525081205860175,0.551355114995216,11.7229651381374,6.75966593186064,2.38121619389046,1.78116761091801,0.217937169849277,5.31067733630733,3.22449306999665,2.2659486342829,0.426336799669235,4.91594519163107,0.513152218548262,1.97132757349798,0.582923645989055,17.0746125480621,3.40122430551809,5.9402843217662,0.214803151552266,1.43564519536341,3.17693249921633,3.25689226518931,1.71063336376255,1.5326922836297,0.497148937931232,1.63138023083773,4.64106091636936,4.91356186222614,1.22998518929666,1.43933847050777,1.6624274200431,0.67156507278684,1.55676749400323,5.57381580797289,3,10,3
"1056",0.695389419324775,2.04294249189196,1.91133290349414,1.84956198562122,4.41976617030669,2.12139883386446,1.89075794977108,1.55138758314615,2.02487295988645,6.09316140799015,2.02969076458828,6.18459312521087,2.09128223809761,4.83217929563461,5.253298526978,7.81625393630223,1.46688101156854,1.92420909875193,2.37398255465084,1.55700568055636,2.0977353538753,3.28932643101838,2.65380522087708,1.72073744825209,4.81266757778168,2.65580223987941,1.25175059670322,4.12073526007767,2.64472905017182,12.6503541209841,0.654697432168831,2.51005550221068,3.54054916000902,3.77624113914515,2.17326895873768,6.90304159497504,4.13094516096211,1.58187484335366,3.35632061758624,0.933150586088105,1.23460201436736,2.64498468410452,3.76930428018688,10.0518329807861,6.22293742523484,6.31682083659217,5.23416235884575,0.268902168282465,2.83945782861342,4.75255766497326,3,10,3
"1057",2.21342418100345,7.99037356115576,2.24310928824318,2.31450675277087,7.07533322829789,3.95108086042306,4.388553620522,4.56753365480687,1.62492223236658,17.7706069219474,8.78250562189361,4.03981772670875,4.11148323346416,0.881671372311259,2.79701541489393,4.38737624342107,1.12179102900244,2.82557410403943,5.20315332024881,1.86935284322454,2.88047397393573,3.87557648401106,0.456284071994263,7.96030834622079,1.97669876678416,1.31480782025957,0.542437037617508,2.8014189628678,0.7357212626148,3.95616372294572,2.31265814810388,1.51074866550028,1.97043368914822,1.77919354317374,2.10542354187413,0.54608368946888,1.85846803692917,1.80606297519068,1.82431083931354,1.97268717406704,1.01939712887099,4.93328422804936,3.64304845102969,4.89510757145479,2.53995391801852,0.71533430442277,8.32328809562723,1.53434661600933,3.89798533153734,2.36724712435362,3,10,3
"1058",4.41198288879277,1.81178341204028,1.88889246760643,2.63953465735789,9.82864051115232,2.62977870703518,2.8141556200134,7.35224327663437,1.95406628241602,4.67537011342764,1.09221701005319,2.62773741986687,6.03380810005638,2.37714910675083,3.92493548576153,3.42334952142627,1.23139821540786,1.61131986289803,1.76416750400018,10.3528165238553,2.47813480963175,1.7538318116042,1.93260088128858,8.37265166325811,2.82527602262661,3.78888884133108,1.86577160860753,1.3764436168704,1.77763269849016,4.81671369190606,1.05591223318765,2.13586144771694,0.717932450504969,13.2119302637137,1.86877602073018,6.28769629936002,1.53936842756139,2.11629454476717,1.70371817333056,4.23897832728965,1.61047847650259,1.73407617020261,9.48556701113223,6.70770170741097,4.02948689665409,5.27536205751179,2.77878046451944,0.458045390826491,1.50243628046176,3.41713138022828,3,10,3
"1059",0.937104400183826,1.27369825266291,3.55604361495933,1.04124134626874,5.4684371992169,6.24203666442842,7.45430950114914,4.2478838521411,1.19505694708231,4.24841391651338,1.27341337016802,3.65501596626699,4.49666298323117,3.23062948298915,1.6432671744678,9.66887030706529,1.27899612872782,1.76928355820131,4.33764576758803,4.97008255189414,1.48200834421682,2.72150691687233,2.5523377989948,1.10470154884162,1.17640663336796,1.79878439118276,1.88848085573212,5.66543368412696,3.64151954143376,2.72099548365783,0.857206307404906,2.08370739918544,6.51336633165283,3.79283669603691,1.19270212767928,3.19191984982291,1.8685832627674,4.22216210315783,0.867639947305227,1.85300887750246,3.00515507269358,10.6620070430692,3.88819498576781,8.49849703174767,3.17920046386351,1.61338160966448,9.08989110495614,1.04335798332827,1.52688531490287,3.53962416756232,3,10,3
"1060",0.920947955458309,1.44833207782403,2.10428399918625,1.61167350561426,3.37302614178209,2.88928912055503,1.21809556017995,0.913450496870749,0.789689432548693,5.77201798684253,1.24978498415186,4.443902058836,3.73230574252837,1.22916764823791,2.74867679711861,4.60273924358874,2.90095997827451,1.10904689806537,3.62169454356089,3.55814244825355,3.26090398160238,5.77264639721965,1.56101760182888,11.6195878477857,5.50188987579843,3.77068931353132,2.06301765757123,3.19725945008194,0.6686875695991,2.29193725149623,0.60002866740014,3.59873080674134,3.94588048595394,4.6805945814567,2.14637629459062,6.07842602949007,2.80530500990636,3.16746927344511,1.54326472656036,1.89237274038441,1.48451421105801,1.99910013802727,4.99982883241286,6.6730442379044,2.2394887461824,12.7539269800243,4.53755976398688,1.12374423366272,0.619977793846631,2.75654849389273,3,10,3
"1061",1.38591303795374,1.38400473051594,3.1783870284169,0.858511465715091,11.5701078476882,2.43745755428069,1.556911769824,4.02171017554242,1.61161188336957,6.03304493080509,1.40256303450176,3.28379965127355,3.35544820435726,2.14743986085665,5.3441522073404,3.48135824799325,1.1122146007054,0.930187928761655,14.9935149752905,9.05377521517842,1.54525843361735,3.73156473213173,2.17689301514942,1.38554875312805,1.63488374960918,3.07090255147378,1.91671861293971,2.45146306478434,1.55421860052253,2.77769344709368,3.52833936494825,2.74263638940038,4.3648216282473,6.45677327170366,1.19682044213802,3.42546754338057,0.837179680273802,2.17514712761088,1.70284771490912,4.26267179586645,1.73532257770268,4.1728180495701,2.42470769992802,1.70739515111648,3.23600948673447,2.73831360800121,2.33384905500382,0.388940130512689,2.40571128853505,1.24145617113973,3,10,3
"1062",2.62202947964955,2.12788497152667,3.29979911389707,3.28573530393632,2.25988382597873,2.01381460217958,1.47762353298293,4.15608956195571,1.32479864519048,13.2211459538213,0.738869152961014,3.94400600023262,3.62491506367468,2.2692131224131,3.41247646019628,6.55405889464723,2.00251451188399,1.52825622325816,2.74348404832895,3.71243234265612,0.973427917300193,4.76693767773111,0.767352287196794,1.79340549025667,4.02411800992136,1.0455151593984,2.60420785211962,2.57091781971221,2.11312539122335,2.47054430524285,2.95679364174949,4.24865974540883,1.79546972474373,2.93785908158196,2.18055354849318,6.9992939083502,5.60373632792137,2.37899017689944,1.01770921537538,4.72161792166676,0.910111665505112,2.60575971413174,2.66733195832718,3.93665418162833,3.1806611843834,1.55627597696734,22.1891476976674,0.768516906866476,2.15794733268874,3.97799042296559,3,10,3
"1063",2.74340884024997,1.20774808765715,2.76485370392831,1.21802212317505,3.37702964362947,4.64378057366576,13.3855160822317,1.19202157109485,0.799063645919135,1.92802289757388,1.90981531906352,6.93724922752902,1.67852059106699,2.7293489472676,2.85899018302237,6.50840999351464,1.2690999120955,0.569624310415398,1.58531958859522,5.69922422563034,2.01865947485287,1.00709428354955,2.09308744952874,3.10778526513922,2.84322080772194,1.69872774445736,0.90169870658037,1.63019554612828,0.94376047259466,2.11665427052658,0.89727225337234,3.07736119278944,1.36651219762448,2.38634170851703,1.42903994483817,4.99609561680634,0.772154352533847,1.84801728115958,0.498943354663008,1.83292200735765,2.17908954161604,2.72782050631883,2.32889149136822,6.797729611877,1.42396138842113,0.886793172436851,6.9980610465367,0.418842741085738,5.01799876814214,4.16675585756519,3,10,3
"1064",1.83189031617332,1.72516689855412,1.69494017563199,2.13392555354074,2.68090911594712,2.02891283865111,4.87623177302091,2.38427920641137,2.43248555051455,5.67608852940351,6.81940063888944,3.91517071463882,1.11800241131645,1.8671492576241,4.84179323860269,3.67588814086791,1.22581989183769,2.37159732734052,4.88682621148155,7.16455481474863,2.13451951010266,3.15625917005701,1.4851178378949,1.90199381081069,4.08893346652624,1.85717328414885,1.51934295278925,1.43301537647464,0.66357598640977,3.05073830319272,2.95761533129354,12.1542384558808,2.9834688684623,3.75518292684863,2.35019795911001,4.5575981847778,4.62745253792629,1.62604981402687,1.30488184091076,0.517355908818126,1.8406629769422,8.38809527690952,3.26931041922479,4.77334444637003,1.39266411619983,1.5905923826879,8.18955336559232,0.986385493757968,1.9532018817129,2.91568422956284,3,10,3
"1065",0.6703807031655,2.03549812599019,1.41279597862177,1.29741151559377,1.55035493455253,10.5922263592889,3.69264816901388,0.557050777630305,1.41091381928703,6.17261378743076,0.980203572423093,5.96252931931872,2.16351998143743,0.435622467993256,4.12731228642385,8.14326695551853,2.1215613692217,1.21812054475235,3.87511231299546,8.61441887520755,1.70088514034494,7.09281900079838,1.07770891025594,3.45302410037375,2.9596454939896,2.3922120953938,0.983495790080628,3.05855214845774,1.44730846397401,3.90643497490536,4.93432264845596,3.10196939884373,3.71070824086486,2.80002286635205,1.84281119534992,1.90732418854381,0.380169374470692,3.98940582605053,2.46644969018475,0.847093075261024,1.86675836894501,2.35468754598431,6.04993138231528,3.38815046697741,3.99773533110042,2.37736478744931,4.23881555176527,1.57192286846702,2.33220908891318,2.62501200421414,3,10,3
"1066",1.75331110496569,2.27197907578809,1.4306835022234,1.96476126744397,4.01850532310656,1.54510970177545,1.98931602133364,1.78421732984371,1.09137271797001,17.1978036005514,1.02431449032797,4.77199778277828,3.05987487487665,1.5090951331512,6.59637831965809,9.20573060016322,2.46304329826839,3.24448390379035,8.50618576009076,3.83037929661991,2.1025231169647,4.81604505654647,2.10461045904427,1.77666094976793,2.08304379724068,1.51241737143415,0.892256900595286,2.47388844360663,0.871220141137421,2.63792619868022,3.96360834993009,1.44054729693991,2.20944180025582,2.53922333727546,1.15525609695845,0.751240989266995,0.291860510668842,3.02668715926558,2.55720273986721,1.11762894022354,0.583729319253765,4.10208550487175,2.90820172875688,5.99526128881004,6.45850197469163,1.80327417406667,1.71060646014999,0.330063794445555,1.31963984667088,3.15706262567703,3,10,3
"1067",4.91166762555671,0.657202047487786,2.09826074820311,2.65159568933618,5.07350668457757,2.78291480111832,1.559881908105,2.22453277651199,1.56529181454676,23.1304720720458,2.43374342723489,2.68020092880659,1.70185390169433,2.46867881794277,2.6895361927915,9.71314084643972,1.86022688871037,2.75853690279265,4.66873775952564,7.60162841598089,2.43733034830508,2.72295472946443,0.974672808006866,3.08641452818537,3.41099928849272,2.84808864282268,1.42166523131016,1.6458552241095,0.682642805112329,18.1664398615524,0.262897674231975,1.05923984468096,2.67621063923269,4.268772523314,2.34978625919011,5.73799885537984,1.47239174075215,2.59371921864149,1.81272154030843,1.10731654589448,2.00893929063989,2.40753318589368,4.15290317143783,4.61049184344932,3.23674652083138,3.47748939856902,8.8161762574886,1.1263775245207,2.15700777465869,2.26600029932665,3,10,3
"1068",3.9920592578477,4.96347582736005,2.34917175993193,2.05385689633956,1.92024472554374,1.9018088392928,1.0729697875814,2.55070235677494,0.677215478444418,6.70829885336571,7.15698594873516,8.40579287987119,0.524276782501669,0.669774957749606,1.85218161938314,3.68009376324555,0.970672259715875,1.32866841884312,1.61599724844949,4.55905599194657,1.617211743082,3.74863711172061,1.96121271733626,3.22928676000446,2.34770071855185,1.96162994646537,1.99111764697234,2.36022984815208,0.86154807497462,2.110003204677,0.313366398265478,2.73949450601039,4.61213316690541,3.3824071545228,1.55929344496058,1.42885681330194,0.865820820330621,4.16243839926467,1.43952773706244,0.788534452748586,3.29196101396818,2.81077714623777,5.6067952078491,5.48474697827939,4.65206836766987,2.74361211380325,4.73492391752025,1.73651003923994,1.79984970701511,6.70580579047392,3,10,3
"1069",9.40231928788905,3.68614320195342,2.57779069341416,1.32557134819864,3.01655973694825,6.07586136600652,1.50580209520521,3.20856920561968,1.17811476074258,9.85572529378829,1.41980321779376,4.3395905133143,1.71745739116659,2.73668186169763,1.88085316753716,2.38815707425874,1.58534923421466,1.47791249031783,3.37953329504188,3.47751347346829,2.26867804603854,5.7052012878857,0.647916826410263,1.67009316007289,2.75774883820441,2.6875131567573,1.23003664977757,3.29284421281914,1.28967041776987,2.63296826903244,3.66225524779252,6.96499237669703,5.40393632528085,5.12892334702882,1.57136837783732,8.49624495995555,5.8208288553471,3.6480666410601,1.40769765060028,1.79800831242295,2.00932329602455,3.32761203413683,1.35600519003604,4.84719205216118,3.54806239409793,3.42758945094877,6.22237332571285,1.29687358217301,2.92207973570642,3.08848012503421,3,10,3
"1070",1.44940364129049,1.9649843258806,1.95996724698433,2.38292526080652,5.41903968825775,2.08137669190931,6.25268368804297,3.36378997511201,2.37178151013862,11.364745742552,1.05620704936084,3.25978663238301,3.50751467921555,5.22943978741507,1.78435552763512,2.14347478450151,1.25682586693496,1.09731276936553,6.20737668801929,6.88850671707508,1.32440870551024,1.14378064141319,1.31768229645243,3.73701752070963,3.91578161396045,2.47412172858136,3.69236610040921,3.46070012557767,0.448801392606032,5.38480701503535,1.58112119213572,3.06122138273194,4.70454387321583,8.64951903089603,1.86478614129242,4.80142214302874,1.86735014291192,4.77388592704282,2.08730863929289,0.775549375083003,1.01667253266941,0.95441998239305,3.65705002978397,3.17220612666602,8.64258309195581,3.14203480957805,3.67354337550356,0.986412823424876,2.81856302238795,2.48402557265073,3,10,3
"1071",1.04238520359343,3.83127295320933,3.73913160107028,1.41554390774769,6.1440299394279,3.93110269791205,6.36064338167141,5.13775917164855,1.96219853667732,4.56661932721616,2.33428485316895,2.90582764349366,3.16548886006307,9.73552029470052,3.67218056182475,4.23680871898927,1.84984040137075,2.94913398446859,1.97616506745786,2.63641222400905,1.73749690867353,5.81052608044401,0.879264922156011,2.27505632154923,5.80527901285552,2.90095351679043,1.33942511465216,4.89679548438779,6.7261661439939,2.51872853799929,1.87880733424031,2.64550640413292,5.18371818358603,5.0024574782114,1.43568927808251,0.496490815346954,2.40250334297711,1.59293738321877,0.780126934554622,3.34488344085015,5.50389659587628,1.72488659083787,3.70838037653106,6.85055388502915,3.3656111284,4.38165433163206,4.46607338050689,0.349618159045072,0.821306767154502,4.66514392021611,3,10,3
"1072",1.70504804177899,1.30138223937348,5.86321539691758,1.96058468782667,4.50167038730766,1.71960735147072,5.41318553806453,3.58433910159814,1.814476146766,7.60893679023457,3.12802199386551,3.92781964294412,0.996511808012503,3.33200790544601,1.20308984715566,4.71208127355366,1.65894953115975,2.30274676803962,5.66074570011937,7.61250905428338,1.01113314805738,3.89584315988161,0.566084924153753,1.96974120181404,2.64427580047105,2.23758525825431,1.01159276961132,4.08959644697315,0.478237058402692,3.34618247329729,2.38337150804727,1.73691329848506,1.71942524167057,4.73672722449176,1.87267077015664,6.0624210039022,3.50692214773632,2.92748960583555,0.289634512291688,18.7042000827651,1.32193159673206,2.77099456886575,3.153050520753,4.49437829502691,5.15006581737688,2.07212102908981,3.35806302459189,0.868269374970965,4.9369260810129,2.74724974182816,3,10,3
"1073",1.90611717479852,1.74016393376578,4.03204476403313,0.914167295991178,2.3630019155258,4.21952809027921,8.21528817817811,1.80167079233003,3.05879701111287,12.1422860883272,3.81980666502299,3.96477115118513,1.10327299640558,3.90797559504554,2.6501151952625,4.64689695906676,0.685225733770232,1.12143145414814,2.49686669665484,6.18138462148937,1.03087440118172,2.87262676046828,1.24785709284508,2.68405276242617,2.1202736507561,4.59242416112079,2.14055130142767,1.94336683285291,0.74864921181524,2.26898443828011,4.19094934917103,7.18464862449813,3.24691340331798,3.98575729092587,1.72974034959411,2.67281441474012,1.90533830333688,0.970345345138805,4.93917559932314,0.531753657077584,2.02437978358358,2.73532766515555,4.68630123250616,2.76971250090534,4.4053930094751,2.87772330109576,3.16897515291564,0.230446590403224,2.73395289433336,7.65234193951564,3,10,3
"1074",1.65024569165751,2.0875550029009,3.57371862188808,4.24113845485845,3.53761879453371,3.47178434707158,2.40081778568347,2.95620918277615,1.097698225524,29.2383106096556,2.87642241797493,2.78774190413972,8.16807202661058,8.11016982084699,2.29518423408615,4.72875033215713,1.22849964661923,0.694328366709724,3.13937006481114,7.48098738202992,1.44677789655281,2.39546059029546,1.23765236060824,6.49441612380936,2.33075235878922,4.62682135877732,1.13853503165728,2.50235425228811,3.92898259875301,3.79170959143757,1.02972755407113,2.13970585047172,2.64245797605077,3.57959133190384,1.09996498909362,0.924910889983583,0.55752464495264,5.24653762536216,1.36340669380543,4.05746545514348,6.08463108133521,4.8100313074749,6.27461514318871,3.67138253833285,2.22484332992639,2.4308680935215,7.92847722034986,1.51864042383978,2.40251272753278,3.61605184252502,3,10,3
"1075",3.03167878643783,0.355401787881514,2.25504159969879,0.824408888869736,2.50477164002026,16.8705062825691,4.44880720256849,2.74696655351446,2.50564335968294,5.34815730028377,6.05169029739942,4.35753669873455,10.599161448504,1.87315042110684,1.80028059810372,3.70059024278564,1.78000647535125,1.98813060474352,6.20077065865446,12.4453781986161,2.68512184054472,3.27605356520114,0.502045510755105,3.58243390715406,4.58399249170216,1.91109543927173,0.716213540394951,2.2008265625271,5.03165101233193,4.73677563361222,2.28275937939949,4.17728439319185,9.22064945070205,5.40682028302732,1.49988393134676,6.4232837442644,0.884732376132425,1.84695738660101,1.50878435412308,3.02925137542694,5.24659093058441,2.39718675223514,3.89016587175287,5.53354303321119,3.25951238702417,2.85471935172726,5.50896927764322,0.891963437379332,0.985162406547378,2.11929072719605,3,10,3
"1076",1.19738099667988,0.795371157927306,5.86826209965736,0.448976817870997,3.95401942420007,1.03834995731211,2.46149346068634,1.9153142848926,2.01799113545511,10.8088410890802,2.51152849311846,2.00243703985739,2.53849273288007,1.50120410582476,6.00873963587904,4.0652570212204,1.85455884310835,0.0745615089326516,4.33751949384824,4.02033617523702,1.82522729476393,1.55367784189888,0.678103053843897,2.69586434718132,2.12195030863841,2.5238831043062,3.72349505018812,1.10281618357603,1.95034497071654,2.55094273667618,1.70684401880158,6.25898954999957,3.94574604817193,3.36021440355416,2.04397746578206,1.08350522530336,1.30762111950914,2.87085658590362,1.29043336907359,2.74106896653581,3.28771780393458,18.636823918887,3.09373596518989,6.22177443862564,3.93228533222877,1.07158524317277,2.89157206648455,3.09792890287705,2.98780802437333,1.76288527375697,3,10,3
"1077",3.75993590899555,3.81513739495294,3.75521806449812,1.6226298042473,5.37569663115756,2.23464938897383,3.39250645340135,5.31389585231795,1.43815334614541,12.5296861386287,9.80725687441732,2.82470321856171,2.51872012537159,2.3496766557819,3.1047199246725,3.53087626224826,1.81193225708711,2.82283756552293,4.06981539305453,2.84603611516703,2.72977731411542,3.69233213721359,1.53402795687974,10.6470771295017,0.995618623055438,0.945580145545228,3.55772112164602,3.14534424785746,0.6335581183405,1.50101671490115,0.872030069342728,7.89938967106582,6.6814599169132,3.73740727141702,0.881678830604791,1.54277202550525,8.1069243604365,1.12579661428076,2.12232567225374,4.58463198608555,3.62241071600018,2.93381289826523,4.92084781975114,9.14796202939287,3.24022262117002,9.70267387529265,1.99863319263085,1.09660106261051,2.36745674272612,3.14412614726752,3,10,3
"1078",1.64770673327308,1.29180027577905,2.35238223774922,1.21069121040631,6.2828163368388,0.86331090699941,2.15331087450821,2.28836878608574,2.56511356578421,8.43258023926131,0.896965825044908,4.67321762838643,3.29195646323812,1.79671461391088,3.43397880703474,3.17905247413052,1.249331948818,3.94251685787626,3.92943882962152,4.14249669148647,3.08515072783768,2.46115440917471,1.56030632773295,1.88480452889146,5.44110618089104,2.78109139464133,2.59349453996849,2.57423400733922,1.08490553888766,2.39222778446956,0.889508089187385,3.53846602915728,4.57951345113857,7.34370862694587,1.84631497766481,6.41213903389723,3.20803467623946,1.64387824203613,0.537899090933666,1.54078933119861,5.68077858199522,2.58097488282382,5.88086893168246,3.79631953633587,3.11628499381151,1.4845316016097,9.25804968805842,0.276950265986682,1.6326068026587,8.13101283737353,3,10,3
"1079",0.964848664873541,2.80846934056249,2.08582705755996,3.42795009416362,2.65679406377049,4.94089656397423,2.70014770557098,3.29157043450408,0.857749188394052,6.991017436875,2.53993181469536,7.5946167662334,0.748387746223741,3.44048872605119,2.53704763077944,5.89098479468791,1.64349620723884,1.9297107445178,5.32177910839266,6.80566509952069,1.7787328204083,6.858300592547,2.35122479711748,6.49888014750377,1.06255573075385,4.44843193428281,2.10162708662441,1.55207813157149,1.08136880597825,3.52583103692346,1.36537895684652,1.98825729958349,3.46842262337405,12.5173423185269,2.64703029511976,0.442111014902691,2.30015157568559,3.26003438932075,1.24956695778841,2.62963593541628,4.59855115099903,2.5574257657588,3.97206748541045,0.932006065297508,3.90599483789407,2.17770001501448,2.38867072050831,0.167035312078871,1.01584611371689,6.07872047145762,3,10,3
"1080",0.825107519585343,1.99702856004736,3.1200317946398,3.22994491586705,2.43278448068485,3.02491406130508,5.01050549753747,5.35115149411734,1.76522357048181,6.66322538967285,2.00942379772869,16.3323735686918,2.60417593294659,1.49679379444044,1.86837430752718,3.95929974523306,1.02308991098884,0.548866198784874,2.15083858544737,6.2422763692705,1.75157148042257,1.42743214558958,0.505316477923602,3.4330092955754,3.75872895711544,2.96056604364548,2.98978110937948,1.17968110101245,0.944900527771603,2.04367390127908,1.00124181626735,1.33831193513296,7.00551781602785,3.99086132783831,2.82430808721017,1.67497330159048,2.82959756044805,4.01800270419416,3.93914679284307,1.43533725039545,1.40967527813501,5.79290066027342,3.02237928271469,2.86637214817711,1.67681607364802,2.13505557149112,7.44002279728877,1.39033440971803,1.45375547635033,7.27450113556491,3,10,3
"1081",1.82968324736313,2.30976064764127,9.05416701945042,1.72363045757024,3.68386419242912,13.1444028217727,3.11924014760743,2.11430601631628,1.54020666085332,5.20270296319805,1.12596940105346,2.58899756588796,2.04264612211919,5.84293250395412,3.93528371753035,2.43026105849919,1.04091463152225,3.14930182561087,5.29650411038515,2.60754011621202,3.16721841778862,5.93528948312802,1.09825313266771,8.73098132350379,1.78736353263317,1.65764526430466,2.04198297076727,2.4781615257035,7.19269216171686,3.31127224217062,0.150933222024961,5.8617234169451,2.77668785661798,3.00428487759076,1.66948939768194,2.20089642585851,5.9932929959761,1.4352908586132,0.351149086999522,1.7812971929323,1.40932004727325,4.50292354647353,5.33655816159231,3.60449412837957,1.85868223626154,2.22225812592008,3.96027378680119,1.63133090700957,2.57167676733468,1.57365501195573,3,10,3
"1082",4.360308470373,2.50077570009459,0.842599423648294,1.64487017350371,1.31124716147586,6.87055548894206,4.25066999452531,3.7046605594011,3.1556887873597,8.28168602207097,2.32911346765434,4.5681096409191,7.13725142136443,3.80293995730595,7.6626116770389,3.37429220925164,1.21795450323101,0.399251436042146,2.0431632277741,3.52389654479538,1.01437933219113,2.54411771225279,1.38514022210036,4.1008321206151,0.942580901590677,3.02679911674718,0.972887595133946,1.80795073944877,12.4209018299695,3.8560040053612,2.83436239478043,4.82497011266323,2.37315611802261,5.97402521943283,0.660560996536098,2.86883487396011,0.922509872230428,3.36735732965421,0.67402032199505,4.0224358073136,2.8692880341278,2.48020770097829,2.7698854390278,5.38261454982314,2.92638096940019,7.81937834840022,5.00001391041225,1.16764673172113,1.55874432399285,2.91586530991171,3,10,3
"1083",0.987655326474056,1.37074685024175,0.827670152650824,3.11228902668419,1.28674247199511,1.97434265052413,3.15644390786941,4.41487671726881,0.714639153508154,11.2803919973029,4.22759851102636,6.56818025182577,2.35791099894858,2.02961139464904,6.79956558743428,4.79121064105194,2.2487983894208,1.66480419375127,4.11914517518209,5.03249517818292,1.3278784847068,5.54988035663248,0.167890970874957,7.15764079570578,3.4929709633025,4.47026671968058,2.01153760230525,2.54662599293703,1.63569786202447,11.6988121152451,1.0048481206791,6.65411753399992,4.15769303832792,6.87318728343849,1.57958274234458,2.11398596427883,3.84239087872836,1.97203291579003,1.12970490158458,0.455670049719515,1.06700890860969,2.05415763041701,4.242705513225,5.2924057652956,1.90770265237962,1.42727700767314,1.63746799200519,2.00421830213412,2.22106554904913,8.11878884419189,3,10,3
"1084",0.894944433007108,1.62669619696594,1.65164000058252,1.80875449048081,3.02775631430492,11.3658119491118,2.62405276573765,0.648729034003406,1.6762643353068,6.08743813104772,2.90496623157135,2.80616748530652,4.05434878243074,0.691056259682011,6.41681703074945,2.93853450652343,1.43516420229843,0.68833410376789,4.05274464129793,7.65559053018542,1.55572450344865,1.80345760349669,1.29956073174834,2.28363821623689,1.81298782067826,2.95487465396246,2.46271080905909,2.73413312790652,2.2615435590628,4.29019009962591,1.01536544118031,2.35682353150932,2.33578331685886,5.54724639887337,0.845711279321233,1.14949173878738,3.16338154256276,2.95463018087803,0.82701062971622,18.7973598041826,1.16821131917369,7.98304130431037,3.56361667674979,2.2394197416594,4.11174455484682,2.20940448797913,2.10203795005305,0.35764126152501,1.7579727504935,3.66338292474343,3,10,3
"1085",0.850094805002306,2.51710704872458,6.72061015038018,2.33370347386056,6.26411899617855,1.11832389323626,3.36244736618827,7.79680596803983,1.20263162465621,6.52974118177319,1.91767053634101,2.68645661583138,2.56488255029383,0.817356000912714,3.79573841046887,6.15293670699767,2.08872069245396,1.45444689029565,5.92522078567816,5.63720720867539,1.87535565019576,4.5964094431195,1.45506427880502,3.05855349911366,2.26322526279659,3.04076631787947,1.87223597014325,5.13473364702166,0.659162749436996,4.66485886015807,2.54320390073954,1.91299982787536,2.92752003847576,4.80657952770144,2.07902189845893,0.992746743211919,4.84227223176227,1.52309174774988,1.78955313068313,2.28404202517347,1.71574322472217,5.06456516801932,3.63752787093712,4.77050678418769,0.716158362540934,4.25668472522977,2.41190249962611,1.35215621180178,1.79098187746552,6.1806323400287,3,10,3
"1086",1.41427360726491,2.89096643738174,1.80114278444988,2.26250577174453,3.69844706605552,2.94451880747121,4.57317407936227,2.7124038725654,1.30491044345487,11.9276119429677,0.694918336460948,2.15710834192517,4.65727347050592,6.13283852159678,1.40063161247981,8.22410510284267,0.993411420141911,4.07250053436274,5.28272346837829,2.75023595775269,3.19302855317625,6.10746511864743,1.43837141246542,0.938291285723122,1.84247101064576,1.99528935487005,1.2705479059236,1.54830274696892,1.3851580850663,3.63953588635167,5.75169913136363,2.01501075964422,2.01654519272416,3.60483446329143,0.769778923110039,1.59670403328863,4.00428754071515,3.48695045289975,3.56819084558248,2.75164807298914,1.21661911270991,0.866970088538778,7.42550730277079,3.42318447079577,2.31749768288503,4.07905941603057,1.87060234021998,0.665008409242618,4.35705432859655,1.63303647203055,3,10,3
"1087",3.38203863213827,1.1581627081851,10.9874010331729,2.17001828971958,4.6741098433556,3.10716847754787,3.10603627666729,1.04278411804574,1.62493953795935,4.36494350838171,2.34733709733158,4.63095166705284,1.84000093984462,0.617283648216735,2.05192220083991,10.9464961609144,0.923765166428112,1.133676596713,5.49249114963908,2.68546186339271,1.68268240498059,4.43835130044801,0.714087690887326,6.8307922771331,3.80620061499766,2.44009969361972,0.405077218647406,2.12225563653618,3.416655677036,3.78607454197787,4.23965551661451,4.07924949325999,1.3742210631126,6.22318427182504,1.19768182331749,3.14937234984201,0.241076963246499,2.93996951911055,0.725834994741342,2.34815465653619,3.40203333316259,9.96469506420114,5.43839718715042,2.4321169595205,1.51543749148612,0.790230192500519,2.28755191063084,1.9965873044582,2.09663963567607,2.38627449440788,3,10,3
"1088",1.80338171766195,1.82434168896439,2.82324097765917,2.2952083033794,2.02395239165701,4.53354395905778,4.43201109120462,3.8466225474272,1.27536671765268,4.45349197956725,0.684923305005039,4.42411180628264,2.5848750089653,3.67876539412792,2.065962413943,3.91500650517348,0.819614088147576,1.5105898689435,2.58637399523986,3.9130945271156,2.56702405068631,2.47931317279268,0.885783619903287,4.11138587757383,1.57586405710768,2.69384490531687,2.6742004884278,1.77327908671989,2.10892290422908,10.8558726073338,2.88506158892532,7.83959893605361,3.30060031086633,2.10390382424157,1.5020268201795,7.59061401617618,3.59624086994395,2.66236709267038,1.49421798314226,0.994369275859622,1.73281294896624,2.45546421285822,6.2574463557895,2.52025832556971,1.83656595023966,4.18839736838242,2.77388005744808,1.55322719166073,3.27272485767779,2.16814723439145,3,10,3
"1089",0.806836620935251,7.6009966541934,8.55944761327437,1.66404662848908,5.16576247629617,3.60651809182499,1.37566732290675,0.522627940940247,1.32631873030612,13.7654099781377,3.37931817051493,2.92793689319847,1.63305602703052,0.942293002223714,3.020232084341,15.2596932500807,0.735192567275022,1.49010363554119,4.0434590856302,2.28038170434302,2.17526179994405,2.80676516925695,0.281581292847885,6.98802422497081,3.95235080648471,2.1324356972458,5.03480781421506,1.28857277945201,1.40212594694827,2.63020191587171,1.36021279538746,1.2915858738541,5.05275210873571,5.47093407870545,1.56190176332675,2.98222799289257,3.83896066400579,2.58308906146352,3.17050972627318,4.24547210095729,0.691578052990726,2.74438147975724,2.82874850118577,3.24287784349868,1.27060202051166,3.53025251334795,4.31704790682342,1.08621810412963,1.87160769807141,2.32367352462255,3,10,3
"1090",4.16784838942249,2.57558373444119,3.60101086396528,1.99928087695079,3.1823994193144,3.39080704667651,7.48202525509343,1.46713261673285,1.5833878645248,5.76285463827675,0.489754728967102,1.87392052310855,1.0662248931486,1.89351989186399,2.40944224597327,3.0900880171815,1.09251534166501,2.04691615591337,1.40895578188732,6.25190793795875,0.85123865248212,6.42166071987475,0.841268092963357,2.6273966752111,2.47663863184006,3.71096572018787,1.3855803933827,3.45640341447967,0.981371607058446,2.92728086249394,1.12934832930696,5.17287527185889,3.2360311316708,5.75620302433443,1.26285399702615,5.3206728760963,6.35890748417698,4.74653776505778,2.70022308606936,0.544526039744544,3.41024992097318,10.5747742498505,4.34214503141624,3.48925071650098,13.22116235134,5.46271317201896,5.83296399453023,0.584896415852765,2.34015180967386,0.930333269030349,3,10,3
"1091",5.76844158453316,1.43760931469973,1.30580469811105,1.50002417991054,3.3975031068724,9.95843137336639,4.12414171034831,2.5729417684083,2.05020153342544,6.39880485387334,2.94804595195228,4.32522521918498,0.795826818547912,2.6181457468864,2.02367754535632,1.93010822816021,1.89169894797305,2.75917792829456,8.34614504951411,9.05884045802961,2.74162981604066,2.13879934491254,2.19094958274895,0.996889404714583,3.14386808690912,5.35616841202626,0.868255291806785,4.98221663056407,1.78970887705035,9.37574458404884,1.41681497589925,5.87950605634304,3.86741400197659,8.07986259659836,2.08378940470858,2.60971837653189,5.92846724382006,3.36543146756741,1.57566006013193,8.83396042297253,0.849456219908603,3.66199166915315,5.35635494420111,2.92661093666413,7.09600215885906,0.755104640912044,2.74471533831587,0.743528941400727,2.49944847965113,1.53111665975169,3,10,3
"1092",1.95211992957084,1.22794323539504,3.783687233449,3.22829753798156,2.35680607672937,3.06359127031015,4.14096916146916,0.393511905658952,1.55665087776722,4.6858343179177,1.07475002399559,6.62828419064,0.182913208702555,1.86970662432389,1.88244029514303,14.7864361900181,2.99410438431774,1.96781166684842,2.70911152567397,4.43941126741363,2.7051341972235,4.6328103976722,0.886465721403585,4.78405002977774,1.69758773710816,4.00502285099066,1.65382231147317,1.37439040567854,3.39892991442846,1.8889324249751,3.46798386232187,5.86236186760082,3.97960232747014,24.3554419069969,1.29451419852525,4.98942985105524,3.58359016304021,5.11443570261278,0.92156575851688,1.49390176122451,1.46060504385339,3.47925017751284,4.39381849969773,1.90893406468423,1.19489974641826,1.7610635156483,4.8815562901426,0.645213978999838,2.97386712557905,4.38464568459053,3,10,3
"1093",0.771265836215402,5.32465403042155,1.79208928715204,1.17804412252293,2.124145459334,5.80879817094769,1.00595810232581,3.17243541524997,1.13083212606768,4.3383482830591,5.29447072301064,3.36917472946167,3.640668928433,4.31503766201582,1.12408865907565,6.76317252144553,1.71847137057323,0.242750304199701,4.89562009534799,4.73428217847305,1.1160998015232,2.38152457053211,0.439505224325348,2.39094883670957,3.96323656873769,1.82517563055898,2.4350107118009,2.37195086983365,3.02917425957498,6.12700146864068,0.349540291085299,3.36733570623259,5.80734603508765,12.6055910817044,1.04719459261103,2.65067903709511,1.33096629401585,4.26971977676332,1.05563845615178,1.2828557578265,0.637568435462842,4.03196145983137,4.59133060837694,8.68328178819581,3.4334638575292,2.30458408940255,3.56484624414371,2.35135264270061,2.47529460472007,8.25092925062664,3,10,3
"1094",2.66746936091136,2.76955948886358,4.3551060416584,3.50438014296474,1.69611552565565,2.57505038780954,4.96294057490859,1.60053782696525,1.90031694388328,29.3528597960625,0.616458113127666,6.75815546106126,3.24453821015095,1.53509484217582,3.1782254862381,5.55655248062343,0.864794873273145,2.22322314033559,4.31804062615549,1.43895865756083,1.83173509498025,3.21993028702218,1.35954725674031,1.04919276275456,4.380080820743,2.16802963591452,1.61427126077401,4.028521761646,2.64041084758057,3.89073056821585,1.08346349760146,3.21755199168578,3.39743110885553,3.85927381887674,2.43774040336469,6.37975778630702,3.63295783701224,5.50473926555712,0.276209290399244,1.77022438084933,1.92152801708451,9.93297680128007,2.35976070310093,5.54651241600044,1.21128987930625,3.47356418371973,4.8500965760979,2.7523293890891,2.04991925426212,3.71726312991493,3,10,3
"1095",0.629708285860509,1.29609760135008,1.56311786656861,2.76146838381426,2.76794131160429,2.89774934806728,1.92623482571074,2.27170992557201,0.983811293282646,6.44977373434454,8.49752048429015,4.78317541354862,1.23448755742147,1.28588032354314,2.40530940489481,2.08223748276258,1.51708109360013,2.92567946256086,2.75878275426132,4.80225689296142,2.47908535157358,2.35443357727465,2.85877537557057,4.94717869732313,1.43636338801097,3.6560666415076,1.01694136826908,2.69986399987504,2.24523795880835,3.16346033454471,0.498345286338801,3.3347752890557,4.20891980447299,9.85702454262435,1.2021132685405,2.79343512660565,2.49005539061864,1.88434553963286,4.22430063785594,1.79180868701527,2.65183933996643,1.50857297641891,4.41947121669984,2.61547252334167,1.66136035578798,2.69462048671201,3.24988016144073,2.01576869363532,2.92320350926954,8.81249397895201,3,10,3
"1096",3.58027618491691,2.22368203911853,3.25594722648946,2.13640005602246,2.03744010473172,1.68027953835506,3.9500366641677,1.80541687484578,2.646307348851,11.98903423271,1.85186153180927,4.74925035683665,1.57083316929176,2.36294501262498,1.0703533178881,2.57908904934499,1.09466863176114,2.1404738923347,4.78100198008446,2.6961000757385,1.89551872503999,2.085126982327,1.02930116619347,3.01334313656789,1.74646432978111,4.1980703202351,5.13194364273282,1.50066354745622,0.744088438930868,2.56528445745891,3.48643327551441,3.6138058542301,5.78685211613325,5.33759433720667,1.63979141887594,2.16866152403894,1.60677043506232,3.93418891446357,1.46153771450432,0.612124539201081,1.48555021737529,12.5210549373033,1.86494035140568,4.76973795505994,7.40497842142539,2.75968776706752,6.55484122367657,0.640805748090731,2.57035466135286,1.78576902983367,3,10,3
"1097",9.48410836106734,2.51185387041795,3.70922388792632,1.81493999515474,1.54485947767961,3.28019880101061,3.50595291957616,0.794686599487373,1.35051321238153,1.67616461365786,1.3984953600165,4.72093375115098,2.16905465386018,1.69619780770819,2.58251885527676,2.40170230639064,0.869257299856985,2.03149008741322,1.60875514363554,2.6534764313926,1.02101384610575,3.77257081905906,1.67771225636675,3.42327819525758,5.90211322754262,2.48552756527368,1.21818147681606,1.01230613122319,0.839313624535962,1.87145665011665,1.23931488563132,8.28647248354569,1.50824760425997,7.80312531982314,0.841006179030532,0.937062957665473,4.52785723613948,2.37600305248828,1.24296828153862,0.896184921778595,1.429976717462,3.14123249878673,3.18157394639997,7.63214363725032,2.26766115930449,1.41072739218484,2.08478949055035,0.617064729288303,1.42961958825538,3.94056500825609,3,10,3
"1098",1.08802366063413,0.378178084910009,4.23799448714078,1.38995698561789,2.40885452861344,3.26616431636811,0.443731805772488,1.76987257081482,2.41840213963354,7.85464496867275,3.36809463857602,2.5914426840532,1.95333769040099,3.95501070445119,2.27360195036235,4.12384613034755,1.16232589671113,0.490004263180619,8.99976498784087,4.5405960983602,2.32468169789048,3.05655204225382,1.6111812382146,1.24183059614631,1.72000390047,1.75142172869737,2.09069708964384,4.39509387588462,2.74379550421064,2.78404743797376,3.21063334229945,3.80881469321819,6.2159503696366,2.11681010451243,0.352613680480064,2.09552486458753,4.49393346309993,0.84823530678122,4.48839070724155,2.56985471246026,2.09186937206899,10.0035899536574,3.14173783017954,6.40632642461054,1.88573685997004,2.31763757778436,3.42664939362109,0.491813838270658,2.9133612203591,3.58606930616522,3,10,3
"1099",1.58323138306773,1.22581815339733,6.61904341998227,2.59248806633312,4.2512272954208,3.88709206774977,2.64572968786498,4.31443224856782,2.28910799880356,4.78391638630967,6.8540435619646,5.62738180392941,3.54279920443107,5.24850008399963,6.72582360302467,12.5991948487415,1.83629925181826,2.08068827056979,1.94429685494285,9.18950340239746,2.93077461037665,3.10072065342074,0.659862230508804,3.41475106363115,5.40147093022108,2.71552653664227,0.715562723673165,1.74806049024089,3.3777863113163,2.71118651458502,0.184763080089878,2.73933343720459,5.82954109890882,4.55659400357508,1.50384369046891,2.26114075483526,2.22760184360701,3.05147379613293,4.62240733281063,2.600606283488,1.61635709958032,2.2660742112185,5.22048548993152,2.3768206827017,1.6075259364279,0.91340628365014,2.878561923593,1.2139164132969,1.27657034926139,2.87220322935327,3,10,3
"1100",0.911981679829265,4.34360995939949,2.76479386569815,2.71740300657181,3.04815914330722,4.17725649785983,1.90757520209656,1.692778622756,0.830771901941826,8.70622384688421,3.44534630235639,1.49087141821828,3.58966803732996,6.41528435007194,2.13564212755457,3.11933428203674,1.69297218777566,0.442333095867495,3.46019068461904,7.26361626636779,1.73565154864128,3.53042494935195,1.08789845490148,2.2304157033791,1.57080972296228,1.22350953590746,1.04964164155433,4.15801713622102,1.71093507502482,4.91456516709633,0.884939800214619,2.40766671828867,2.57076281041814,12.5284657572002,1.05462620437236,2.59796632920698,1.09569650279558,4.81374408181027,2.05846042088492,1.25462252559334,2.62476389401682,1.73236985324201,3.26861755511363,4.03290685812405,2.4774385042259,4.31642878537957,3.4489846882356,0.181112934862339,2.60148479723836,2.50116504668169,3,10,3
"1101",0.918332668358032,1.65946103914026,2.28731493269,1.44602716765452,5.00197817499329,2.33469394722267,1.38608001800889,0.506017611837147,1.20997917858672,3.95456965364748,0.391913182128156,9.30341188685682,2.91007429569982,3.23247590892751,2.45959916173337,5.49570161059388,0.869886372854154,1.78946780887498,5.90430044257516,4.27010545860658,1.6502932630227,2.10359075744375,1.05936648520876,2.05333461299346,2.39914152357988,3.5446191429187,1.73711109764356,2.62163945454887,1.64071876403908,2.09757333100377,0.943841725775782,4.97454663343105,3.54979896715311,1.90715673213125,1.29607323676666,2.1493872698349,1.62863977196114,0.93456762419928,2.38858345987538,1.40364162773525,0.68739616572894,3.59723146011399,3.07435621730208,4.68375194073018,1.65725075462269,3.25854726332218,4.02559717746556,0.498557694304185,2.95926503344646,2.77275324680101,3,10,3
"1102",1.24627380755317,3.46721593736338,4.21617342512452,2.05882459948045,4.15742576823513,8.11611077469084,1.72505904379471,3.41402495446635,2.33399579628746,10.1696878768955,1.18735699070858,5.96337157628165,2.40193875055487,2.16338966350108,2.80917850277842,7.45152059084566,3.24583025027697,1.3382173484486,1.78162337184007,7.69341054849225,1.70455888290541,4.24972694738605,1.61354748351268,14.2684847547244,2.34953958516398,3.57377265138392,0.531435640770963,2.18616106343885,3.40865259130759,3.86548707901161,1.44902426792541,3.69584834259145,4.47362988631305,3.56125696358165,1.73793264831187,2.02467404570245,3.51878085120006,1.67694941112417,1.22285300606539,6.12812713941376,1.43909625229694,1.7133926571323,5.99296031916357,6.51866597496112,2.00937395190712,1.04831906551836,5.841405732853,2.02067783810707,1.14899397805473,2.83856219349459,3,10,3
"1103",4.22778222866728,1.48186421239427,0.957391537451071,1.56129392740671,4.09289171853887,3.96966051079289,2.60679513481671,0.636242321088161,2.15612310428874,7.07666568734877,1.04565070699016,3.35434135767716,3.48918436214047,0.778767715022228,2.0603185758057,2.67585976772398,1.79449123492097,0.51495784800346,1.20144488385522,3.25675431652512,1.81717357209686,3.94251917971607,2.20494227926322,1.43012433524118,1.39043610450429,4.27216284121414,2.39698538649989,1.77590211157681,1.65787808934043,4.14570142816011,1.25252249619899,3.73920706806757,4.42709537133022,9.08681653867558,1.95795900419033,3.43705225175573,2.56798419871147,1.46041803589239,0.703567821673997,2.89644778989625,0.852292268522053,13.1948114311434,4.46295581322098,2.36948493126257,3.73734041716211,1.68336387856623,4.8257247436532,1.14810125293399,1.28375826754415,3.75529924445612,3,10,3
"1104",1.03400011284957,1.70852456519684,2.35256016987142,1.23349923625289,2.78673347752206,2.40527475528186,4.84508005535826,2.06571937031647,1.04464891673029,3.95139647493618,6.20354604712121,4.52378377641787,4.97274177463741,2.07250936921239,4.5725249233417,5.55815316995415,1.89224322922831,2.0483778430709,1.84471094035124,2.93166716622059,1.50469151301817,1.85227616814299,1.05772766600258,2.93923958875021,2.18743023649692,2.7621055046142,1.42335825441904,2.01895265092392,1.36010692904049,3.1254069729845,5.06716710459029,3.49044092111848,3.12368997255154,1.96047531757722,1.75007501506606,3.3971749546614,1.74575295073598,0.556429162916991,1.47090728255035,2.06975805683333,2.79556987491044,2.57789601188241,5.20755712472915,3.92084184191134,3.47314777465329,2.10272951518627,3.37868175411831,0.855236596818724,1.70835303928054,3.62616709782907,3,10,3
"1105",1.44753003785846,2.55069396254516,2.57373525667683,0.823107776697416,6.26917934144622,1.12112455293311,2.81877862455246,4.35212219624336,2.61800475003427,11.4817539703579,7.61089134259902,7.52911670204993,1.33608591946421,1.62179059971814,1.45129160522223,2.87689716086249,0.889454286853429,3.02401718714838,3.21965652032201,10.1096435442477,1.68789199909376,4.67160984671174,1.01179741130499,5.19766208507003,2.5679122986002,2.44154964853095,0.644451070277979,1.35045489372304,3.2708388874503,1.95348509155008,0.857522441204782,4.93372350561924,9.98882208837426,4.81143468220167,2.2151932941925,3.30183656406309,3.38858292320686,3.05770956166682,1.42727840147957,1.00896456590706,1.43437962206758,2.54578208256821,2.22477188199245,3.93523436372356,3.60915283587124,2.70212889650787,3.35476484446546,0.386227805962657,1.42856044470553,2.69533196146991,3,10,3
"1106",0.979154716009593,2.32962273104441,2.17147120792384,0.662119858078557,1.99189903111114,5.02829258197523,0.801529186903429,0.376614802833512,2.06409623976266,9.08076656651623,0.694235394776063,2.2516694666715,4.60151013915051,5.65033398357073,1.02551387974882,11.2302974757142,1.78077360121668,0.115114536818832,1.663910662546,1.32745398849368,1.95658798018277,3.26623059998635,0.948809115829798,1.76465523669938,2.60739281432975,3.47853238272114,3.2306850503525,4.00787373119869,0.773248097776592,7.41401419563989,0.907688875597566,1.92335251324827,1.9085246064292,3.14581834814379,1.64514863363865,2.32166292217213,2.0652959795286,1.68963224024934,1.67960317040896,0.716881844378422,3.73180358690539,4.06139763830416,5.4321977399488,2.22619985477503,3.30230950230468,5.61533935982925,2.34152974995354,2.84065691953999,1.43034673272351,5.55753265325951,3,10,3
"1107",1.12048343209308,2.64304744715936,1.19213609769225,2.36664924894196,1.51629730005999,1.04110067364479,3.72533238417267,1.53777865566076,0.640378334327545,5.88672275963034,0.973417838762382,3.54470910611651,1.33097666860807,0.727841827137441,3.80025868870657,4.51285353769177,0.838202962042917,1.98147577999462,2.33747814821566,1.12591132269878,2.52711250459781,3.20048381029986,1.68718221162506,3.09666615157059,2.2007996831455,3.49659120543588,1.55334104557598,2.0657947341068,1.08188820786413,4.61011444943272,1.96382264895751,1.34402037251922,3.43485920509631,5.287109384907,2.53722588964084,3.18912511940601,0.60612269698825,2.53936730573929,2.75047488449456,0.914663036433836,2.34582412579636,7.86108064013345,4.71587726477078,5.58908145961766,0.715622428986273,1.44482841837403,4.10523569393608,1.7186084838567,4.31125352656526,1.8114311225562,3,10,3
"1108",1.48940284499059,0.979935874143023,3.7515239839681,1.84207903212838,2.17064403791157,2.4242493627377,0.441191656744041,2.44017173701207,1.7241602106673,3.01001773103952,3.8300005103201,4.20277409462356,0.73835692125605,3.41636558742078,5.86769062643949,5.76322972282272,1.65909311695477,2.02547014650547,5.07093497772144,3.64661235347988,3.21794398587028,1.06998846243385,1.14800873331252,1.705557320837,1.06575971395803,2.46718610181312,0.752301517838678,0.646944870433026,2.98518828552922,2.61953155587535,4.18664621853173,1.7955917043995,3.2368332684224,1.61045844710873,2.46122199644376,2.3735614161772,1.70351257875115,1.92533403203469,0.156828149284632,1.83897268650022,1.69494522256145,4.44119427990336,3.27243020287118,7.06735524261259,2.59585149047038,4.06254392142208,1.92705647343596,0.577894984296719,1.3042220859593,3.13738414548992,3,10,3
"1109",1.35024721745545,4.46834694827958,2.07030215279064,3.58272823492387,2.41312573783763,3.82016044203852,1.88395379911399,2.17502112096851,1.96540519345559,22.5195689691618,3.82492265526257,10.241534108347,2.75167486311668,11.0335842093807,6.30661656831916,8.46774979860325,1.19742907673309,1.16661421535913,1.98995647936518,1.72095943529714,3.93886928650726,4.92948758684603,0.887680057320176,3.62720905710268,1.63989069272458,2.73927735497695,1.24332645601595,1.19692397264852,1.75329497001205,7.79715922537692,3.48820253585375,5.94916836586728,4.43832165129738,4.34113116983328,1.17057783619431,2.79776546934251,2.17100548472582,3.52089180527265,0.764368594723654,2.25934716092347,5.22844506443565,2.64664185792544,2.52712808525523,3.54491641939039,2.65748387606342,2.979251873357,3.91063554286959,1.13351368920381,3.11364464792236,10.2808449752306,3,10,3
"1110",0.546300107888136,3.72346538449183,5.07304017057239,1.41511326079886,5.83360159130642,2.35696977661203,3.06124484809572,3.0637363772471,1.96678634184522,9.04551432625772,0.508871677578003,5.58118807893276,1.67379955415256,5.40983252301433,1.49827875028565,7.18749052535015,1.28502170907334,0.729326335819186,5.14986618282278,2.79231419718602,3.64648488287395,2.85799712515983,2.14658213140735,2.21602060596608,4.04169818670104,2.7674632209131,1.98739418833417,1.49792000859125,4.79769082563063,4.04805670196882,0.7165624327982,5.63777637577301,2.2156109517098,10.4409607448264,0.887281617259044,2.17424956072942,4.3301456773191,2.15401219243012,0.858838705727598,1.48292723739132,0.588485645951744,4.17357404106079,4.69947875456012,3.04677222943974,3.83730590416047,6.18913961839842,3.30611977869694,0.853030404468551,2.74380438497713,3.67091047858349,3,10,3
"1111",0.488946452736384,6.59669601931388,4.32541346111636,1.12080653070837,1.79422221268414,2.72663013383073,3.43943367456821,0.772555790459409,1.45237444033542,3.88904808903645,1.03845645796953,2.84182678549707,2.35109833533915,1.85570400150077,6.72333540664048,6.33818461339812,1.00011685315232,0.703060857111112,0.837175107868637,6.54889359842599,3.49773345792031,2.63780469249886,0.432738846411382,1.33849721869236,3.0977810760799,3.86578073895371,0.924686997130467,1.35725919347094,0.564574612736021,2.40602656859459,1.25040109667239,17.5328278143007,4.22924855658866,3.86509420215621,2.19927241470536,0.915398909083638,2.4063647956381,3.00043907089369,0.347070036254315,0.67265670363478,2.25877896219922,1.1572595851414,2.95945660457452,3.0486075920372,4.12434952509643,7.51973254760616,1.7092541526575,1.64829818378501,1.58048041349161,5.18576491581404,3,10,3
"1112",0.571371772141811,2.8642986535905,2.49167402909095,1.70901929859428,5.02615432503963,3.97786454911981,1.82968619458479,2.44190436171435,2.08410832854874,11.5900703765851,5.35887674301074,6.94966743432568,4.09451476285991,2.86354031762127,5.86220546653983,3.60110119486759,0.912236421141065,2.86910679431398,6.13913187385066,3.5905828174505,1.82405025351819,1.63283964988672,3.08810410871337,4.76167556139559,3.45592232674518,1.8386465197346,0.928154546650085,4.96866544218574,0.317603400105381,2.95165003131471,1.51786830877393,8.43632013864969,1.04663733947684,5.68655074345025,1.21579505330617,0.896879219688254,4.65765698754671,4.87288896574591,4.16071661332501,1.47274109217789,1.84563542023803,1.97628938785016,2.20393267264038,5.09149613698283,4.36462686460869,1.65774819456908,2.47892963425975,1.51569445574257,2.93719622131183,5.32744828116254,3,10,3
"1113",2.43021784894347,1.7706341929002,5.47759030326464,1.50803896995436,2.45844106780602,1.30059987501392,6.28101879477835,2.02208437457465,1.17258320226708,11.0441148587146,1.1144294916057,11.4224118994121,0.57824444284758,2.4181202941324,3.36827776392127,6.71049958059039,1.60823976704764,2.75599930179257,1.77790210600523,6.62416023628334,1.31963708674166,1.47899536973418,1.5579012424957,1.83514232628491,1.84257362681659,2.64338498500098,1.4815107921745,2.27529884459882,0.744383519978053,2.8581891861607,2.94208128492088,4.72817986426428,4.0899462290996,3.5359907738392,1.58357757629082,0.972852381441206,2.16509708785766,3.47877236925258,2.19139877902812,3.10293805872876,2.94242618000075,1.65162894321445,4.08554797103747,1.83735825720487,13.1305322380654,1.51869505673915,5.56283664541618,0.203146671280244,1.37076718832626,7.84730166487707,3,10,3
"1114",1.09924747971595,3.00117963069128,1.97389609181552,1.58635304798785,4.17682820431657,3.86761172267529,6.82451858770463,0.768469299254667,1.09708568673709,8.12305077042243,0.400196241931209,4.18169310440882,5.51433321967693,1.39917385240483,1.62877575559447,4.03048137749945,1.82490868004498,2.22461153294789,4.83306097187068,10.0027898190324,2.05851002665518,3.2324040147647,2.42472712628649,3.96827453753093,3.74782004682983,2.35339420437379,0.728902027937597,0.968093262965901,1.56339232782948,3.17701984291825,1.78974810309218,5.80039436245671,2.92049808110057,28.5687299745559,1.73318207915487,2.56107185970226,5.87967642336574,5.35170754840381,1.91247824645637,0.215638037585574,0.969173150032401,1.93749022568502,5.22927345900054,8.12585395075127,4.45844313074847,5.19632497369216,5.86482158841328,1.38380799323188,2.4342718484855,2.47198741567477,3,10,3
"1115",1.63728471627153,6.49151603465903,8.81661483573279,2.93826574798387,11.6725388237103,1.91023784257727,4.79704294049926,3.30486289492724,1.46972829237914,5.59378923116122,1.10980178081328,2.47027810808177,1.62882274294562,1.31592140199157,2.88526487885452,8.93511245804723,0.68784684383586,0.482022821377992,5.31033796712541,14.3887971770671,2.59522356429947,2.5997486202795,1.16682635235326,1.95841503204018,2.7825076271119,3.43232961585034,1.2036612101229,3.18057343035703,1.29239734246645,7.32386869118677,2.1885379502315,9.050979291109,1.51087594386321,2.93865278297401,1.32729373602728,0.429963210101778,0.38676324478325,3.34387392844292,2.01855732843577,0.379317822442029,1.96145990125779,1.35023908815622,4.56999372107054,11.4655232122354,6.11498996453457,5.90107967767602,2.27886875160543,1.15319190974013,2.90824937442636,2.73877564683078,3,10,3
"1116",1.87226163084432,1.15078234673846,6.69997520621524,3.33103500068877,1.65868345164228,2.66958917100443,7.58203232294464,1.63705930655558,1.43354214124869,4.78302923909225,2.62240057147467,17.8052739846053,2.08881263112636,0.473057794976396,6.32650995861206,3.08711560091607,2.21408626041496,2.41748878052108,6.54007692291761,2.84708790805696,1.69054476986038,2.85131669267025,1.12668960511599,11.7915933319226,4.23791812847057,2.06838288615555,1.77221355729444,1.17884650798692,3.88237818632028,2.2703112664214,0.850187488729404,4.74860912675973,5.95499466944988,4.91716929851805,1.14520841639738,2.99413314442984,1.59709763507352,3.02628538775293,1.61649120923775,1.17396416623902,0.588395041785979,2.05827116931364,3.03970088903185,4.38225630075878,8.17440282845164,3.5752515056101,4.33635641799778,1.58872428336326,2.34776138497883,6.32841727143885,3,10,3
"1117",2.33611081688362,1.59812782745421,1.59106223529126,2.50699594364799,8.26301093491666,29.8863164803787,2.61761323449575,2.91868746562727,2.97961405231751,19.7001699681073,19.9412668864124,1.4881584678156,4.60240775469194,3.14403408936486,5.28918709140034,6.05827796926634,1.61878685373363,0.304210117485191,3.463097351065,5.73679774539052,2.6359437915843,4.09723378576769,2.68302274141644,4.81287666101402,2.37994663107831,3.62302644715682,2.85814369265455,4.66089732169365,1.80088037669258,2.68453592410624,0.299364130655641,2.82304866994568,3.12504570074808,3.02145967935899,1.95054995852463,4.37990291099274,2.93833262797883,1.32636460288855,0.651079554881376,0.961707035072545,14.038327708579,5.10196462076167,4.4602332640465,0.768067388336622,5.58019686870393,2.23176682570714,6.67302357924954,2.69434363533152,1.22628479808758,2.89693944845308,3,10,3
"1118",0.38215722229323,0.882589930974182,1.24385807291654,3.55265690129602,4.773906774117,4.90829345504657,8.89934460236685,0.593970527281761,1.80734343394799,4.25900523512443,0.752188588266106,1.84171405246646,4.30052934680618,1.07088931235476,3.15976610750268,2.48067896559562,2.10351680166748,0.902999559553974,4.66551943682535,10.7163410775503,0.949349003678071,1.79869838072304,1.61613613752657,0.852747498622551,2.84842831870078,1.74938854081919,1.1668330563781,2.45028369519662,0.674850837986617,3.16907942407919,3.97721997570214,6.8261972777963,3.79572514004304,1.6148441420673,1.42757349291519,0.662599517571024,1.93842543444449,3.35190635721303,0.846012054863571,3.39983733139655,4.13348600246544,3.61569796818229,5.13540739978144,6.28979262305308,2.40333248982537,2.66788896924785,9.11418244488319,0.150640666164824,2.98501973376152,1.59557387619917,3,10,3
"1119",1.44848601911952,2.93936619645267,1.50123150443717,1.68850396498455,0.885172864898661,2.62378050598038,10.0097265614045,3.65335574145382,1.62253743503547,10.6242674505015,6.58814834093975,2.78413666804818,3.33524984113014,0.641252953970715,2.42109975350654,8.6729695244717,1.17120857924854,3.78142046829203,1.13241692842565,6.29610299757436,1.83896511748185,1.04035212572932,1.92117506303373,1.49619238273266,4.01483078679716,2.69446220066829,1.85853789379076,1.5609156462755,5.261450441629,10.0170438203519,1.1313152078444,4.46268672555103,3.55558392192625,6.36577072470722,1.22700903849396,3.70244373713755,0.324818750832936,1.79215182456379,1.57779898574047,2.68622226272828,2.49088583108806,3.29077232799955,3.02648287051058,4.64089386296197,15.2211737795611,2.62833466868462,7.32203117266219,1.61333910354546,1.21901194610137,4.70403396034528,3,10,3
"1120",0.796766872853786,2.62032730658606,3.14262545958125,2.52582761909566,8.66151403906142,5.07723184103115,4.45985439333981,6.83414231316991,1.00639992972609,27.1835898579342,8.99214763300464,5.09080888810101,3.04237602560597,0.24543289822454,6.19642378521328,10.9807402278751,2.53234161668114,0.338639026217559,1.06282619480236,3.23156356332706,2.16611035342007,2.6977130053097,1.0820661455116,2.8748916251716,3.93224641253151,2.94883637286461,3.74772488335063,4.47739722151494,1.9044262185401,2.93530865618414,0.461494466600488,1.31157204667604,4.20005003864716,10.7222654328323,1.27981064747602,0.922168560890484,3.60760529340832,3.07112759916079,0.824166932603647,3.28948572365127,1.7870328290964,3.48307080976577,3.80056380815204,1.0447899324,3.52675806664983,1.87583572713597,6.95492400510468,0.504881073939666,1.59822926844955,1.86398138167633,3,10,3
"1121",3.55810026002006,2.03289568068888,2.87593336964899,1.97370392668511,1.33324148977405,4.90874457627017,3.26225756773182,0.747228044836265,1.30751212835149,7.71093884795802,1.04478855359639,2.76824699462902,4.90053789002031,2.55509393934105,0.987955243061586,7.73951484021599,0.331981034474774,1.26865332896808,2.8684780703597,5.35147471001483,0.797731093865694,1.16342495224269,1.74696799295994,2.1558353068366,2.88613810540403,1.59495048183677,1.00398780779518,1.35348926457882,1.98857286425448,3.13516149148805,1.16662365547032,3.28605210142769,3.07925343833385,4.04965334595468,1.73816329832758,0.862383579804162,2.81673234931719,5.13831626572501,0.194131156650444,0.585986740092993,1.71004936658747,4.80422522793484,4.47682751440459,2.90147822538439,2.19361490501704,3.94773229593069,4.47062915524489,2.55230058369007,4.13020219104165,1.04249699241825,3,10,3
"1122",3.52376893688264,1.57124472450036,1.33751056976231,1.52375704999389,3.04898747584102,4.24486201173201,6.69087587941433,5.01521634954104,2.64614217534868,11.430953335878,2.21579253287891,2.46959491562208,3.33661830879245,3.7074003431541,3.39600557587316,4.60207161288303,2.75799373908604,5.00670532737104,3.13898381156017,1.3846965219524,1.99786995431279,2.87392748614004,1.7480639554205,1.8527250070684,3.36530974720237,2.34201971645279,0.378936853842951,4.75125074527523,6.5661197841258,2.56108091037489,0.828045123249136,3.09344666206977,6.53472707999655,4.98769625668782,2.02467913669526,2.49250069042594,0.335273423462715,4.0552180184182,0.690188897298885,1.05857830735196,0.713882887888301,2.17712918445805,4.55754830046153,8.1349073061298,2.88983388082538,0.98318789787754,9.31608853659763,1.69442744821584,3.12936615643388,2.32978540751005,3,10,3
"1123",1.12356891954758,1.2724661383565,3.41236191735524,3.46031543288911,3.62314033275767,2.12168947844577,2.24759381345668,1.95156726982,1.3429407192666,8.14873320048623,1.83275099359237,11.6269049957454,4.00909588952789,7.03275032840354,1.47631511303689,6.86311754968951,1.05382995367406,2.85570621812026,1.15950460945606,7.26181438494652,2.41954925159505,5.38612988301684,1.8200918835065,1.31792242543069,3.69933761199109,2.08040102459913,2.12792966505537,2.81168730007638,1.87707238212889,3.98155799442308,2.2279562355874,8.45860033241281,2.66683856633844,4.00701773279562,2.38065830981916,3.11670608370419,1.99859339794992,4.24726162538231,0.77546837935041,3.98558398069691,1.1189577426111,9.85956906905447,4.98343385710268,2.63845820744178,1.41533072611632,6.28065311974489,2.50740136416783,0.903697973049097,1.32535746245301,2.33257691969589,3,10,3
"1124",2.31489814260642,1.99337383802073,3.36099710654775,2.82884536920535,2.02020438942538,1.66095890248241,3.91000554363738,3.30289811050807,1.01251767611548,5.82195788546783,1.28115348474973,5.22898395611586,0.443423023157386,1.45822365406512,5.1950192103301,7.50269078312635,2.46592289692971,1.64010932668049,2.58507882577435,4.80056300309876,2.64768547283097,3.1855394027554,0.620416640200662,1.37855435042758,6.42586953405443,5.97999247776086,1.88503185557027,1.80052774469936,1.89712804862974,3.34532696882102,1.19768530190258,11.9369020349174,2.39280032777945,2.98027173495092,0.534379697571057,3.7492722560679,2.33605434295884,0.821486129997478,1.17718287683759,2.94879239852298,1.54297674250077,2.70731583488889,4.00514155235855,10.8624538011954,3.6676779644198,7.02998830797851,3.00697538632695,0.473332159212706,1.07436717954195,3.77528301189447,3,10,3
"1125",1.23131542692222,6.0728390947978,6.07603893468374,1.72540106481677,2.21904266635891,6.01136030433227,2.58040901134554,0.237041245261776,0.862923020310073,5.95734135247222,2.89064907848862,3.91550736133517,3.04662778190894,1.68160315723018,3.32886851102582,12.2712208103768,1.91143567671117,1.57342511712849,5.96722928874166,4.86302656457331,2.31574959067366,4.02325230599753,0.6636448996274,3.26382809625647,2.21375226322049,3.1450144268733,0.847194976270182,2.10932244399434,2.56251555255601,3.85490282817997,2.8123962334743,2.94217775938147,2.81720267516635,2.30608941527554,2.03058083156023,2.33884158119228,4.01046884348897,4.17851360472322,0.803348310318238,5.01163599165566,1.66016528109401,4.69375075056267,3.4591510765158,2.14203937044927,3.80071947416915,1.19734624574804,5.84172746170699,0.439610657231343,1.98610154644175,4.60422547594254,3,10,3
"1126",3.09269043768736,1.83360747048998,2.02606403848031,2.50943735591193,2.40196827755258,1.7360709833934,1.50501904922441,5.05306591728651,2.16555834448764,5.59675977970296,2.96164751649583,5.29993841263669,7.17252193444641,1.32453551197884,2.78756784953839,4.168169295268,1.2541181220927,0.694497466352557,3.35261106659545,5.76908832762917,3.80164641676269,3.54894443664888,0.864564873555403,17.5958095015299,2.0839778819045,2.78487729316019,0.680394439538318,2.96593579835891,1.00057840687581,2.32005851080087,3.66327219936018,3.13626740914025,4.17258082616543,9.85731002453615,1.89106680820283,2.86515432019026,3.57592024149019,4.51998330108051,0.742983344190052,5.0031952757381,1.42003847070606,2.9619940369732,2.66192219348741,4.15561920203677,2.48838908501716,2.37951128472714,2.4247845191457,0.333024879408384,1.51695235633766,2.65625174571009,3,10,3
"1127",0.580372074056954,5.308858523738,0.792831884091341,3.27531100149674,5.0736796496266,2.80696878206148,1.54383757612063,0.63097067655361,1.11386420672171,7.30640416408493,5.21312394528361,3.16579916466065,4.07068072732202,5.16503160364705,7.78687241850984,4.82665083902955,1.02799003648866,1.69116520054944,2.40641785483134,18.2724212608317,4.17303567392553,2.60017954983595,2.60593046864245,2.72987290682328,1.0406043072355,1.95305836457351,1.23837220838931,1.01626325557439,1.44123510029985,2.57850366606897,0.442797506279169,3.36308830742854,4.15954273659741,4.73575906957645,1.51067574948959,2.98932967884665,2.77160904859717,0.436357568030685,0.560487949585175,0.594311029929853,0.619755130947092,2.71690484219002,4.47204465243696,6.83696306927663,3.51887419149667,4.12440137996904,3.50983748552799,1.94566021714296,2.68761780899969,1.84140979509299,3,10,3
"1128",0.576510075196785,2.79413349212218,1.51831972901877,1.03088733857031,9.59778973774331,1.63510610860652,0.749220141054035,1.55638795059946,0.965824098916725,6.29635527613551,7.41206661314897,12.3564651879092,2.6054979795246,0.824640517960407,2.61365473378759,3.06413509569354,1.82598323666861,1.25444601489414,2.63291930365868,2.63176017866454,0.886792068426919,1.25575517416668,2.87873607554113,1.65156747066604,2.776463804911,1.51352344660195,1.37606245382981,3.79405782662217,1.196473158638,3.01603327699289,0.609904956653537,8.58538646261842,2.1344836613081,8.39777853238304,1.88857498796781,0.726881554338855,1.73539910384777,1.83778368784504,0.720867945837362,2.23369064034552,2.57408832516701,2.10959994384476,3.4932093586375,3.43582701683698,6.7086858394884,6.36390675889911,5.02868622752087,0.512349227734718,1.45142838677295,4.14671138405735,3,10,3
"1129",1.61686836462391,1.08860709969711,1.63149261044501,1.89806819184372,5.50346235050187,2.87176208467946,0.84696378798359,0.791020923875776,1.38129169566263,4.85014133781416,4.05849170297243,6.48879492409048,1.64568032595005,2.48825242096999,2.75616876365628,8.06431839905164,1.58904832360081,2.35315973833533,7.20350296824945,5.51791081254768,2.30671092966761,1.77693753290117,0.309422499042104,3.83467624888048,3.31997206948599,2.97572632239887,1.17238460621953,1.84415492399189,0.851214566135143,1.9147936023204,3.5983190779701,4.21038589484664,5.75849984672507,11.7641942143468,2.20191348249537,0.531284983912203,0.736751701199102,3.57208628848557,3.36708761095528,1.45508244639444,3.23246572179447,0.689911947342672,1.94764947365075,1.53328377654402,6.72397706810618,2.34559206184374,2.54177193469664,2.81702668576136,5.59579400043401,6.95155377651929,3,10,3
"1130",1.60480064444317,1.88571076751787,7.11872262539605,1.43452511777486,4.32732397656996,1.13519503661678,2.28226257064193,1.37374789706447,0.677484106104363,6.57123058398869,1.32463290543612,3.78440432956275,3.25127479282007,4.20061059543281,2.97617576442566,2.92858555872054,1.1375213601754,1.59187449197362,9.22393707217702,5.24488817808273,1.94039993285618,4.59361741065413,1.48719818237542,3.72886158490067,1.21434482197758,1.79921536696269,0.993701268809112,2.38522196580703,1.12030097381389,3.57003033917561,0.384149266578493,2.46217965581969,4.94897754559238,2.58000452769808,0.567245097594008,2.64678968326007,1.34636988472584,2.30186440521245,3.41032378917598,1.35905341185703,3.03100628434112,4.28745022441734,2.63166899041381,3.49888887119896,2.16183553498373,3.03625911611004,3.85806787211822,0.184586810715574,2.64138969962541,2.02885878354455,3,10,3
"1131",0.511490578152415,4.62487076757426,3.60601070958936,1.69910493557965,4.28825795616515,2.77588453038045,7.27532792165708,3.50801123938652,1.7889164013005,6.26009218425549,1.7088100569088,5.23847781935878,1.82630123786681,0.774898756418029,4.49574745216703,2.31068920376614,2.04424211862779,0.534284174318506,5.03246418726642,7.87947438131498,0.832563008460894,2.19751418773299,0.427982970793524,1.53523425750631,3.0092809174962,3.28829000659673,1.80375719496814,1.00306264185887,0.869212163337504,3.45530746381699,1.0698190926736,8.14414286589899,2.68417778201933,2.11789132651778,0.994129989593177,3.31003913945345,2.42723960419737,3.38455073964218,5.31043025436216,3.265152638195,1.33768486752511,3.5829705678381,3.96412231419589,3.6209813646916,3.44442482457692,1.09268752736299,1.9576159138297,1.48097873479213,1.82393184541889,3.46437047096629,3,10,3
"1132",1.19522064914413,1.29828308514326,1.93002141544562,1.69060125871382,2.70364055424159,4.73339196424602,6.06005098164639,0.318095160493361,2.51983891362589,6.10130147381764,3.6040508121515,5.47377279376151,2.25856930943731,2.32136487623014,5.22160517706409,2.89777160274036,0.784201164148157,1.59391516190717,2.32403276500648,14.485608295327,2.41290354097374,3.59023076344346,0.47236653154045,3.42766778236598,4.07456565932394,3.44750394773142,1.14779266379496,1.67583909974605,5.88155737103152,3.41796016692579,1.1931374851197,1.29541142087402,4.70094808936104,3.66108534593961,2.34796267224332,1.38419602460502,3.51569498027734,1.09933411038873,2.44496148493291,0.690306243486989,2.58351387342656,2.35789213599365,3.8981946759068,8.51575666962464,2.13858881221766,2.37129133073019,1.92132614658487,0.282558897188533,1.41599778067524,6.76057887348763,3,10,3
"1133",3.45688014519518,0.408207628192066,1.55652179383793,1.20252915872165,2.47262469368542,5.49631050400604,1.24685848209065,0.994961742994256,2.61605686067506,6.95140599394656,2.03419823138373,3.35276728660391,1.17453616208582,1.08958010664832,4.57482624865813,9.35200136311697,2.83831652925547,0.133621411866757,5.0264822341361,2.24852539771736,1.42787664732383,2.29608095609467,1.4262805265595,2.69050024376366,1.37473725053077,2.19988264526756,0.920796007576155,3.21852034403959,1.27977350225378,2.42708039519502,0.543395159826257,7.81699898161003,1.49138677731259,5.32578521699232,1.42947997105803,2.02730518323313,3.88236892435511,0.883360297124706,1.23432360462676,1.80816722531172,1.67142074842565,5.31870903273998,6.74822696745559,2.94885053411159,1.56396223247936,4.97440780237052,11.5172255449948,0.254706754240428,1.77566475577113,3.39821881750733,3,10,3
"1134",1.45467850907099,4.97508438292959,1.3829607083716,1.47867507702247,4.87746649640704,3.09562874772232,3.2238993435333,1.66723671744306,1.45219271724286,10.2272286516731,1.73744612760467,1.96027082190656,6.83730045485867,1.60551898344268,3.52641030302892,3.54831551831758,1.17163036793421,0.923249836011889,3.92374553675735,21.750251106175,1.99453746379139,4.1814351635718,1.86217051014009,2.19526746121643,5.11486089426085,1.17477274688268,2.64308916080387,2.57323030808764,2.65221858168994,2.72736484568578,0.739305174625089,4.11333896681808,5.69643022057249,2.94712183450499,1.00530064889238,0.47610412966985,5.58415703859823,3.82726257228403,0.419447768697717,1.405190674622,0.582241152843382,14.231773312026,5.01737694737644,3.64546133119298,14.4847908681647,0.725135420373438,8.2171276305668,0.338293881896204,1.17102232186863,3.94683849758442,3,10,3
"1135",5.96982071975806,3.68461343343231,9.71593851769139,1.54757535734295,3.17085159595364,3.57606172421214,6.23716325511243,0.906812415033597,2.02862754627738,13.4651141481074,1.04836270334654,5.24649751978003,1.95505731092351,2.36741421578139,1.70228711398312,10.4910369328897,0.575977942066429,2.32120991702528,3.21145963355375,6.45044583750589,3.02996766047572,1.85655554041644,0.830969139962974,1.86015468121571,2.78038562025402,2.81967260587761,1.2183230179431,0.54242319052628,1.23368175759755,6.92242039305143,3.32383018103044,2.03466241277443,1.49036999246159,2.42848775637368,2.35572897190424,4.83665009214548,3.52120277382653,1.43489708963334,0.678536350621003,1.58138137668641,0.730933938423052,1.95428803976386,10.4832781321699,6.61974008180606,2.77977908043879,1.50671710889057,2.46984600270606,1.12749113384953,3.55399544134045,2.06824672650486,3,10,3
"1136",1.09477935714198,1.35502169547098,4.77658318065462,2.80975221572065,3.41795482828189,1.67990364082801,0.490552522429735,0.844147286619803,1.93477765801847,20.3837287826482,0.950507129858645,3.90760985765679,1.81115110019345,0.683080795840243,3.49873562293118,7.54790045749259,3.49778299646195,1.17546965689396,3.39525872167792,3.01936941986,1.8694932828611,1.00618566642152,3.01864668190665,9.82110167720035,2.49618940513362,3.62531368469106,0.675840656211114,2.76059090572322,3.51138374098649,2.93316261681485,1.1174780520343,1.55888980060694,2.16284544267615,2.69242720311391,1.08919472775273,1.91496547918996,4.71037455345633,3.51382295465375,2.06619270841415,1.8269449852276,1.30324291155872,5.74640552696092,4.36454156800158,11.6166671853669,1.17905499400208,4.16127251749122,1.9742215358796,0.814832753451263,1.28877972450376,1.66305868369697,3,10,3
"1137",0.710241013420382,1.86530115489532,3.28744720850713,2.95990805660465,4.83256714834238,2.56423031047621,5.81975955240448,0.704227953203392,1.11210102050489,10.6174292087871,1.04734730990977,5.46583603080716,7.23721864906172,1.48363412464911,4.10262511827243,3.4858597518029,0.998989059067891,3.04007668543541,2.91430479496051,7.2665964812342,1.14129122513428,1.44812975952702,2.47273900230786,2.23029735211123,1.96383835302652,2.56060878396835,1.47324648619691,2.30740782618436,5.74108486577253,3.80759898016151,0.191040191280097,5.84517560525246,2.55546283277267,3.0975453051179,2.3776792312601,2.5352242009716,1.34117062983321,2.73035378761391,1.41514408520169,1.35271946203058,1.69081117589054,2.26269897729125,3.06381348400636,4.29665594513234,4.62478575150836,1.88680192577049,4.60798903549535,1.15395375471974,0.357656048609385,2.01138345162726,3,10,3
"1138",0.435643467158817,0.304775738124212,1.92678280601541,3.34963958174821,1.64873395091664,2.64689002094508,2.0958228739518,3.66348202030962,1.76608129212534,11.6168022026229,6.34726453687298,4.6932820243779,5.72374280252668,5.07379566641296,2.52756908439543,7.74056809873912,0.431488339177536,3.17658301010733,6.39141857235083,2.92845021367994,1.71348918563339,2.08547101105919,1.6888022692379,2.30801915857196,3.15013101372119,1.9007182107396,2.39473505336675,2.85013079339019,1.31302461944065,13.9471249157584,1.17639177504938,1.98634666336945,3.93520010799442,2.96148314458087,2.36663180669464,1.14108273578891,1.52104210598748,2.51824406399575,2.83740921814078,3.12438846647336,7.04053256240692,3.99731741166589,3.19721788748059,3.27331928273851,7.77893646587787,1.15531215676652,11.345872514827,1.85154846093039,1.99130137006662,2.56584820371141,3,10,3
"1139",1.28206029499549,1.50795445640462,4.12440760311,4.79401141384606,2.07623992127848,9.04339730411079,3.81298885444692,1.0282635824943,2.02690663878038,4.59007338174815,1.3237931916282,8.14185310571,0.61966631316284,1.81452792994253,6.40208999756599,4.05768830038513,1.50809380145843,4.27849304429275,1.39653022563634,2.37042929663813,1.1183721564458,4.49054993903376,0.694369339470707,2.80162196479827,2.16962457104773,2.71590386266487,1.48032319388229,1.33475784700508,0.657479725684863,3.57144791418954,2.27456278516115,2.7678302636418,7.30195568341777,4.15378968582368,2.3204388816581,2.03526471986011,1.2561426653403,2.52059043893087,1.72393353146134,1.7061780414288,5.90871333416303,2.66571956162674,3.15250193951105,3.64626723324359,2.4863129063,1.15230433182184,1.97475882741105,0.80030082679659,2.1697289406769,1.79926045036092,3,10,3
"1140",0.968807069775846,1.6710669774885,4.49781510275496,2.635066328043,3.33016085007768,3.53393983155922,3.30055615734723,2.85299729192301,0.561808760078878,17.9515804916833,5.90927976482739,1.95856675711466,1.03984343967807,1.91671056849096,0.764025525078088,2.68597799651751,0.526917148348614,0.365900873412016,3.99045850994582,7.60359175003546,1.94053306980929,1.61213085264113,0.129762070848497,4.47262193164532,1.7028894512904,2.20102078341875,0.319025808844546,2.84085102342794,1.15745600668241,2.59444168317532,0.411756154861538,3.95061044544146,2.33347880648639,4.03517032758986,0.402246553699898,2.61290946339714,2.36332374726107,3.7690241696494,2.63981088719283,10.4185738688032,9.42405574152167,2.38737870522897,4.5308098285586,3.01016060815215,3.47740774022806,2.51868981054604,3.32043790107905,0.836425606339451,2.24285831068146,6.57334768736589,3,10,3
"1141",4.37871656518007,2.34200871443829,4.90218885390602,2.43575934018977,6.43389829117053,1.1664206397633,2.73248636284181,1.32355434359082,1.06067230619112,4.40864454528689,1.77713592005234,4.25070108334765,4.97161056368017,0.321855027478663,3.83714055013944,5.86089095119937,0.691686983998584,0.374625174102192,3.65210421713505,6.19213970409567,1.8731814358474,1.50794599416675,0.663808061716837,2.4657554796724,4.01011688855971,3.09644345234163,0.186322086541667,1.07785183264195,1.0284152041076,2.14371324008136,0.27457882661289,1.28071141495014,2.44903282899269,3.53367528201913,1.94334975151048,0.787745251661419,1.52191750754701,1.98241941472883,0.352733339391991,0.769460605089716,1.01517189682086,3.84841255557452,2.96554755176225,3.2870543200758,2.18252015707106,1.51828061523356,5.24829222533594,1.37174747564818,3.78935584025766,2.97180672547183,3,10,3
"1142",1.79799578380557,1.71452746416436,1.50591939765495,2.53011161648626,0.880635311869695,2.34782250041876,2.91405225007606,4.3312825393426,0.54221635433893,8.59675363082741,1.47566359031314,5.35199423341453,0.828785394214431,2.34288873267388,2.55366761843955,2.17107805977608,0.797911012494074,1.61326398861987,4.31636127888338,14.9944914787776,0.877240037795322,1.64129734040124,0.821368361092416,4.18700375141812,2.89853491255686,2.45910510044837,0.704135368202503,0.653402783066688,0.984878682860728,3.11229272900964,0.959262780991559,2.9819688977971,5.3131889781922,2.77299366804505,0.985068429987343,3.53236379808523,3.72815768346792,5.10281389496603,2.45297853009144,1.85103970225882,1.71251323095573,1.80462087579456,3.9883173654688,2.54891750744554,1.49963910985152,1.306579269031,8.92266423987873,1.37171242409766,1.70433575557016,2.77756649557569,3,10,3
"1143",2.34350743299178,1.84719844194524,3.54061886941941,1.17413433926985,4.91280792659237,1.95865058045192,1.89928367648876,3.46826235695541,2.44053328997063,9.03298705769291,9.61414025936793,10.5561138802185,0.85592445098344,2.39302941664848,3.09903569791081,2.83664878708818,2.13771402778299,1.71459126975219,3.37874510423821,3.38103078581344,2.17594712706907,2.73728317951831,1.03508707944313,1.56753933923714,6.38081946843661,1.39356705992302,3.46445771834621,2.04402428363016,0.581741070580322,6.59206654050724,1.54306454069226,2.82488788576092,1.72860133071471,7.35356370589661,1.88362789058394,0.698449751969704,1.35838821548209,3.24069966258791,0.764049576644877,0.894196979424805,2.94705732038384,5.90182292270418,4.72431438920294,6.16594459379681,3.99515067450357,4.75187377645632,6.54111433758538,0.564663032083697,1.16896522435228,1.76939941985569,3,10,3
"1144",0.954977456186467,1.82152524722425,3.51235303685216,1.92377864369706,2.50296335141711,5.3810365456257,12.7307603371679,5.1169300337857,1.06831306295375,6.2967966413324,1.1991909198643,6.1862202675801,1.58634479227144,1.2937542149622,4.65547566653579,3.27906152479546,2.7670136084736,4.40569013614643,4.0713073839405,3.21169053323673,2.37071558279862,2.24092276392201,2.69815676445238,4.36732837790906,1.71233630666278,1.30161855366017,0.363508319600032,2.33998126394399,3.50856720560954,2.16448398887255,2.37326535692635,1.55291146148089,3.33854061412703,3.71233547709406,0.469294831539424,6.28575189634208,4.81540708311004,1.42450195037237,1.75154445954321,4.18753483395044,3.32408691645504,6.13004503978276,3.04208030928616,2.41385347136078,2.56363075265898,5.31075484749345,4.53141965624909,1.56764066711501,1.75945302222967,5.3194159245875,3,10,3
"1145",2.21604632592832,1.5267892979904,1.41449477429462,2.76640945840816,1.76443963380493,14.8540939425745,4.78875373316201,0.975120506935426,1.63850990328755,12.8670169337686,4.18175656769191,3.95645452746559,3.43163322399466,5.09765744045739,6.09343836172471,1.40280669450788,0.787348137939484,0.473709031107925,0.986194491315216,6.34450157101172,0.68883345909425,1.92753850060353,1.82200861365262,4.1151235796394,2.22863053225764,2.25880251141215,2.09332181468515,1.38438108984036,0.891694539724042,2.89110174027235,2.65762385983132,8.07611308429318,5.31068545589874,3.38498553089068,1.4482735277837,5.5841541706031,4.22985078384485,4.00643455763596,1.71048804346422,4.00716150731363,1.41436224352072,14.386959639932,3.97297151101125,5.59182815605188,1.65991184091189,3.31549676910271,2.20765065596172,1.11423558210357,2.53221379846478,4.19325153999197,3,10,3
"1146",4.19642398896798,1.62320376897353,1.35049304795873,1.06126373656897,3.62852232641149,1.743911842871,1.34395559854868,4.36301995097043,0.60824757980301,6.43824721940852,1.07704114904663,5.94246060431696,1.48965640538161,3.020539383166,7.95204809530672,6.34777456327397,0.867007913155088,2.29240020362221,2.87641473199059,1.10754314998125,1.25753039694486,5.73602065859817,0.212842199170974,23.525676480708,1.74722507405388,3.60923749247178,2.65580873404697,1.91089314245718,1.22170902296578,5.47418560826094,1.21435902001171,1.73976751436641,2.42042060581295,5.8961392618496,1.82265870176186,1.77213673781082,0.802377025565972,4.48880439181924,1.69757828806796,12.7735237664722,3.34522000145894,6.36265601812391,5.15227591734915,4.14513115381808,3.85050551617363,1.57377614332625,5.14658738556598,0.80295419216607,1.82590279570935,2.32536772563898,3,10,3
"1147",13.5839272622302,1.42867882275946,2.81796694419559,1.38224199698256,2.63814711879307,1.66673926200607,2.14458973062911,2.23789339222065,2.23396856667802,6.82813145073086,1.16641383292982,3.89416991355915,3.15030238837193,5.07903734986107,7.41053450779962,4.01585903385115,1.26965482970784,2.90423861828894,3.40550193511261,8.85821082103621,1.30425545405375,2.91345302771565,1.11399108652513,4.25525688802493,3.10712257447169,1.12180033774526,3.73129702122058,1.79391849336138,1.48463447991581,2.3056146063725,1.5880914644315,1.44759082337719,2.80890633457577,4.09713448794702,2.11509977065635,0.716864328878756,2.8291945477368,3.07157458557692,1.55482082514575,1.20245624656527,1.71808450184411,4.12058045595331,1.82663073951934,4.64517014805922,2.10151337411429,1.85173575500775,6.98712510597608,0.371226405998585,2.44723172398222,2.83645110180374,3,10,3
"1148",1.84054872939785,3.50957192807875,3.0310228884781,1.21410023354235,1.99269362776714,1.83042160896912,4.01078470774538,1.59740333461003,1.15738061397491,9.64806760577311,8.06896430354907,5.59707121931166,2.34852435314989,0.98749227594703,6.06760108347266,4.37746082984905,1.24026297013168,1.90651388347986,18.7006554762911,12.4815630888194,1.68668906882579,2.08002804622948,1.3048734771926,2.81031700663959,1.01469662686136,3.15106817412833,2.57542364237471,2.15994704457731,6.13123812531074,4.44051128120372,0.428663182600356,11.9510201123651,4.69316035496536,3.1991192395234,1.32460306893029,4.71808285714757,0.886312858333782,2.67311520331612,2.12512154002993,2.3800965019742,2.77007538823963,1.71199679015601,3.32033124461776,2.93989841773977,2.5476814421192,3.07199148098521,8.03990301672218,1.78018947381261,1.88173188788551,4.5068300592003,3,10,3
"1149",0.842036538406118,1.75531793932685,1.75929135786888,4.11718524613917,2.09734186715808,3.50014136492094,1.84551067691813,2.4121047498773,1.47408166152187,8.79468394932507,1.32433668091923,4.93073720604846,0.807449871501721,3.11798451501847,2.26438050155368,3.14842871151699,3.37591301435149,0.70195895095931,6.99884457141014,12.7478277885445,1.61847095413953,1.90657420343997,2.40399374697128,3.59439478335792,3.06547180477302,5.24398336004565,1.93732669844054,2.13327722274087,2.03923207141216,4.52658456743197,5.73548515084865,5.43142169388964,3.38969401628021,7.98000375904315,2.490768527921,1.60157575934259,1.9718068917763,1.63391650704052,2.47083245717589,3.95815445695574,0.915861767906059,4.58480755589365,4.43106936169338,2.37843942897998,4.28774527914844,2.531123529274,6.13521478315528,2.99413499854057,2.56696132038381,4.05956126659187,3,10,3
"1150",1.73610142067831,1.26676960251797,2.45520322509921,5.20636834522106,5.37276365514049,3.53282360105855,3.52602638198538,1.11103385741785,2.36488822897747,13.0818096742722,0.812799711468612,6.25139355682651,2.45622382598955,1.34438127351155,13.666894669009,12.1748387557164,1.16865802509643,0.210856989200783,7.82633910636681,2.28252983878876,4.82409992531925,1.9085997818146,0.833538427285996,2.12695340366214,3.56028645954349,3.06076494730895,0.765256932065187,1.1421997314149,0.948043013475128,1.70625172825977,1.1195571769844,4.9791770119353,2.081819714212,4.57540738351765,1.38495573456547,2.6916615795437,0.765543130362757,2.25404793222701,0.656239692591222,0.982299516499446,1.88820547146658,4.32762754881447,4.11879944508352,1.09245007225762,2.13343856138291,2.73508236769927,1.70257075466533,0.299599484479363,2.13901771409795,2.64375618170402,3,10,3
"1151",1.9624781032199,2.7827246709798,5.32364144398819,1.58588715878961,3.8274347243693,3.02222386752462,2.84430266181579,2.55158497338429,1.45990116586291,13.7573730029564,4.80017032662853,6.15935904411715,3.10289508894714,1.78601573114405,6.929904743246,3.88075120464305,1.27269539188326,2.68723020804603,4.34169578170923,0.897968770893367,2.38867773372264,3.30857928081694,0.435657661964873,1.73499368414932,1.92550218041701,3.85682239804934,3.57799603915511,1.11973038504399,0.938331763316855,2.19380112046192,0.647322657585352,2.55143745291679,1.60102596828577,2.97256227179985,1.06825975145015,3.62640703105913,7.63434697239208,2.84362814073343,1.21224792321094,1.06400367204856,2.55078444229224,2.35969113433779,1.53755286929972,3.98034411825439,0.699091822525747,3.59208354844503,11.418732409069,1.28443618941361,0.315351280624819,2.00991109845022,3,10,3
"1152",1.86737693123585,1.1357587505868,1.42689138531319,2.11986788827474,3.64472715812545,4.10363279697192,1.95360993664294,1.63811042209626,0.656826858300478,3.50869721681178,1.0333902530162,10.6737438958803,2.85734783276443,2.38105419746376,5.73436819648521,2.42832349651105,2.01822863275606,1.37824218498152,5.25997670421391,4.96937113354533,1.71607435717442,1.78706943344716,1.58674360139676,1.74398635543378,5.81836166549117,3.43334044132131,2.53247991571359,2.39330494075202,1.06949111190722,1.56742733603943,1.00605886055284,6.19623280770246,2.70617560740937,1.83228035681818,0.870297240892679,1.80977635591306,1.88319357541406,2.02270338384209,0.999574216097529,1.50305321771429,0.946872179149319,5.30967200431797,3.66373270485027,8.31317204524164,4.29448901261569,7.37401228555,3.89644714024945,1.22729919007299,1.66858057431883,2.91292503766486,3,10,3
"1153",1.13781239745273,3.3881584231796,12.1246342713098,1.02723511588217,2.74219852685894,2.13069092892758,5.52779759771723,1.77464936749925,1.61291606718344,3.7930176563436,1.416848681938,5.31868296741078,1.8480626976262,1.72252304807308,5.16047896055439,12.7147361212965,2.15145452166409,2.54935410100168,1.81049052051301,3.76971560919409,2.97242168171738,4.86105733668542,1.33778069276507,3.63347350167834,2.55975596651144,2.50193963835374,1.10611919790615,4.19604316178244,2.9844987513617,2.64333943122488,1.45312525661269,5.44158175131849,3.68193351402992,3.05971164157646,1.83632775073318,4.04120063497328,2.56272902425856,1.78525360908866,2.52451528717173,0.869631391926914,1.72625261825839,3.93919634811197,3.89846235515783,1.03721975342662,4.73683866285111,2.17793730180996,5.7069284283089,1.55712934221166,2.78495921944756,5.05282542838327,3,10,3
"1154",1.2683294618969,2.50653923275023,0.890537168652366,0.841390381034681,3.09141055866354,3.42154624808918,5.36086019456897,0.512737990206681,2.63574509212488,2.84792827722289,3.30408535215046,1.64514271083487,1.68150140157414,1.32865693069918,4.14277408724113,4.50497033404423,1.17230721173832,2.56647152467139,3.02673866397649,8.22821160011196,1.81524299256614,1.81009201261639,0.896851024792709,5.75566781255584,1.36004002655933,3.15484811208909,2.02783416014337,2.18571433736518,1.12472771333628,3.21129777739919,0.470162980521404,12.7209809710368,1.31449069877246,2.8463723824698,1.6173448144629,1.00586067972825,1.73666510653308,2.41179565821299,3.95360807940755,1.08874144352651,7.92983875990483,2.99386273037542,2.50989736382662,2.90688319255635,1.62609681265691,5.59629170653917,2.29905279227799,1.09242955984219,1.98557165719412,1.94069061097507,3,10,3
"1155",1.88847710765189,3.45838661755281,3.93304507043567,1.59275593381037,4.18574624107635,10.4164275178256,0.881516201842446,7.62871369893901,1.69645728076426,10.5979187757176,3.6801872385993,4.36105671002364,3.30402852578956,4.2169989910916,1.14907839389192,2.98023291776993,2.18082503493661,3.6313159456315,5.45090243022332,4.61272046061957,1.54888501796156,1.84878617333788,1.21213859562636,4.11597000890227,2.18008050850943,1.5715674436305,3.57747381337357,1.4631239443034,0.996604878942868,5.95229139245005,2.08033779279546,3.27229898610474,3.58574246873242,3.60134768050147,2.1806059035477,4.42606174232209,5.95160268266939,0.724309748235784,2.78394627973005,0.819656388469567,3.98097794224071,1.88443254439454,5.46219621317951,4.24652251183078,7.85869109933872,6.85271928087692,2.06035809266159,1.60421635836488,1.42169520085657,2.75744351168796,3,10,3
"1156",0.973021054157273,3.62960672940346,1.90214793383852,1.57145804230969,8.62093491697406,6.03732709559454,3.32913503417028,1.89676816727734,0.834619866117408,6.32708390977024,6.10132768301801,11.7988362870168,1.04980925287728,2.2977137567086,5.2741729417184,5.09607172589759,1.30459549987722,1.55141738835696,2.65917968573087,6.72220727077166,1.01373329754585,2.86746471026572,1.26165310515075,1.98373465449132,2.40784544225854,3.85625283002436,1.200686213537,2.33783679645955,1.13115967597075,5.87253931451999,1.29434234041394,5.68614325504892,3.63811083611125,5.30400203564745,1.96807865800304,6.08462106324824,5.72480007487992,2.70715138498991,1.14763120266012,2.09241016185971,1.41972159562189,3.60918409557915,2.0798558888183,7.07017446903534,4.22779359284194,4.25428894126697,2.58604494623018,1.35246196241899,2.14831727030957,7.12940074064189,3,10,3
"1157",1.27247035033095,2.40743514427601,2.61618962658513,1.71511236118831,1.83470063875422,1.3973824594013,2.99186613744152,4.36490273341733,1.77287618976655,11.2484047137758,1.1668218669793,3.65416813230152,1.78571999206199,0.991974102800023,6.52562813449571,4.19878525174454,0.865944057686984,2.58180400072137,1.30282497500467,1.94577230891876,2.17854929288044,0.94980764817828,1.2602236176964,2.06521406652312,2.39377099021034,1.05394992767145,1.44347065375233,3.78963953998914,12.6104467214753,5.32473700908047,4.16119087885687,7.48811311647788,3.75849950354818,3.19566609098771,2.22768146421025,6.55366642611471,3.00653944528747,5.30500246930137,1.04992480628024,1.63757994486576,2.04749592317878,11.5344834384104,3.40701225061534,22.7877350268891,2.05843170428235,4.12665496580487,6.96250400148027,0.534612536726422,4.44300777430944,3.88008981570561,3,10,3
"1158",1.43144003293406,2.28769610380336,1.99835813680465,3.86096890037367,3.6325605949121,2.14759804932375,4.16195413509063,5.08252527685176,1.47231672754984,2.68156226045367,1.99095019926468,5.91310910947445,3.39286361826107,1.29205680474039,9.25932175760115,1.39954978178997,0.43270678626225,0.337794681309838,2.56875156826427,4.32275303368418,2.50882217358597,2.88498594159234,1.35731388243881,2.35168130830345,3.34715625050761,2.91878283030284,2.54320065734319,0.805415962769497,2.08628298843777,1.97651878123262,1.46270054840719,3.52836207215516,4.02913655293433,2.83642702142303,1.40888351332993,0.652705191123844,0.217398401633973,5.12438926971951,3.81016233118496,0.528633268996544,0.650265362727026,2.5554692143484,4.4272692417926,3.08062915074238,1.85866233322095,3.24513626572067,5.04914380878476,1.53230192570904,3.34245360598218,8.4053417373188,3,10,3
"1159",1.7453466613553,1.72785701873311,2.37956145459472,2.85698089704571,3.65047650602554,2.84824063655614,2.24149134987227,1.97993411969446,1.66915551182116,8.06112550394703,2.80524087253648,4.68058047066108,6.4402378465499,2.58738202846295,2.57618863379688,2.92412973407343,4.09302964501722,0.779344400944492,5.44177780090994,19.2504947573437,1.56864721148043,3.48243347399821,2.78218530732044,1.32949296310461,2.54621560605405,4.00779021126867,1.82995196658525,3.47400270861788,1.05364670190227,1.9482537819445,2.27143438012985,3.79622276705063,3.03487452992124,5.36009521935804,1.73753594958798,4.08704349391645,4.04738035346047,3.27825791537075,0.736167532984698,1.36712311379062,0.883393212219261,6.94647397257799,7.58154638177573,3.04265239930495,1.35890337017876,4.68045183947254,2.625159055243,0.763391700942312,2.49515106160758,2.64196858463755,3,10,3
"1160",0.421419872440212,6.75040624752309,10.7081064131295,1.47844526662829,3.16005839413772,5.66567750206595,11.718623031657,2.43311864265057,2.3589799533039,6.89845169119116,1.06762319604212,5.90885493429195,3.40782458432569,2.22132160588672,2.18870793787946,6.38941060533152,1.21576282286948,1.88311396818225,8.30499139588519,2.028100095151,1.50560713767862,1.64892672333716,2.65722326846575,1.47438810514946,2.49116452150937,1.80483859091926,2.79820277940106,1.27567188513208,3.92761087183605,17.7843138236229,0.528909896397924,7.95684070898657,2.69542306842418,2.9174880335621,1.47199435244101,2.09457322800785,0.734293157685425,3.83969068137157,0.792343808234745,3.39134283037418,1.73622723655038,5.52901945617784,3.51124006903442,3.6039336435241,3.09577212359701,9.06357144791662,9.04653382699219,0.998627814196523,2.0015349765447,2.23985165646962,3,10,3
"1161",1.0380099189812,4.235286108496,2.31703170484302,1.32481929788943,8.2253406715232,10.67195645706,2.93860710874668,2.55910814617532,1.23603214445272,25.181356534146,1.76892081514798,6.6141120387428,1.42270217332539,2.16899233209372,1.1163215391095,3.89301693727149,2.25249328107102,0.791081258673434,11.6545310531982,4.12763248453839,2.6473009214444,2.87286399293596,1.4698919961252,4.6818576444028,2.04772848329781,3.34895388649203,0.394010608708861,1.08025850013174,1.26366816149984,2.09222111079721,4.64905427899443,2.90081337697192,3.25162819109432,9.63878216108533,1.26859816756017,8.40742843809487,4.60861674174065,5.48169780993868,1.04035141684341,2.6868901255573,5.0186923140279,4.7283021110085,3.16723332245557,6.68287676038605,5.47706498927297,5.846185575556,7.79713729359993,0.573705896525995,1.47406020065531,2.10300129351776,3,10,3
"1162",1.51215320715067,0.849078015955898,3.26910269877214,1.1720824822617,11.8421774433135,2.25811436484195,1.70500344466645,2.59628319859799,2.21326014520127,6.08558907616875,5.04072904371515,3.23411078047932,5.76750305811169,2.34381965904146,2.01445443219426,6.10357278743053,1.78278723430889,0.742406600899279,3.09401937706603,2.88238420600303,1.40164615988295,6.28469902028506,1.61113554993991,1.82394664815667,2.24566077173581,3.06763625111447,2.69709817307488,1.60676842811103,1.77998885460479,7.32169616543782,2.71821670129873,10.0540842332722,5.4855182305328,7.00461538589849,2.86653689777052,2.25234471456258,2.04572368773807,2.08727265984759,1.33818142530133,1.74937384298424,4.17543988870191,9.83435166208279,3.33295917035873,1.87134719481546,1.89993426295773,2.56893305682145,3.32162271309889,1.23926140449605,4.46786761045612,4.26993450197315,3,10,3
"1163",2.94409506499703,3.01959301515273,2.81947713920178,2.56481597080034,2.94258461967543,5.7259099617178,4.18030536338458,2.68599785668798,0.528707507417959,12.5573876400832,11.8583030821753,6.86731706471328,1.75569356218038,1.70253528268317,2.04602267462628,13.3881857893776,0.806244241246835,0.926086906403505,2.76985637628744,2.44282161993703,0.669965524867541,1.77716715440674,2.61246943518922,2.23829720587759,2.31804526257964,2.71512878949008,0.30036694384228,4.0072760961395,3.48564501602304,1.62067413429482,1.45446185139918,3.59225935697766,2.21387958594596,4.45563419534841,0.690710084611003,1.86679052281377,1.77121510529292,3.03081046483218,2.41182048915923,4.29130773029355,3.0012761420477,3.84662859590197,4.27752200831089,8.36474465008266,5.15443322862488,2.0849012313388,7.70677292065297,1.48272190903885,2.68257113633929,1.37168863130029,3,10,3
"1164",0.717661769818037,1.90590639204867,4.34039055139008,2.16072659457476,3.89537008924823,1.95059477370341,3.59451028200154,4.75838056720943,0.525249565902625,1.41593732867948,1.06629880925311,5.31541297900101,1.68264643469139,1.25951793479603,12.9438278724343,1.64970050369164,1.56145425604902,1.42691697077292,3.07258000993213,3.34570149346165,2.06413343306532,4.07302639993901,0.281782883740101,1.9359167909282,2.53345059638571,3.28671544647433,2.71603083903121,1.86465460875803,26.2434998962319,4.43850795607072,0.499645277480915,49.3853794333825,10.1368127979732,2.1545194598868,1.18211885414105,4.28136594762376,3.06353965583177,2.91716926451136,1.24256191879294,1.05839585430841,1.31786419167857,3.60655043673659,4.39355180604902,1.3630719698817,1.30380431070439,2.04901695144288,2.27128241546035,0.538647793847492,3.04796969115307,4.4284228864943,3,10,3
"1165",2.68565924053208,8.6381734895591,3.35761688988651,1.77878132527155,4.87904408175184,3.21146824079471,8.29709398101912,7.65935872646335,1.25701807094905,13.2051705105689,3.52881601680321,8.84239762221106,4.89719593553712,2.99220276315429,1.38640902470255,5.33637412482586,0.864329513720467,2.49102390020333,4.76024590292118,7.686078661105,1.85777120961863,4.1951361871153,1.51804111446707,2.74709812766331,2.73831500829372,2.51445507068789,0.33444187218394,3.68042680344083,2.71348519569852,2.49724048431573,2.14051989388356,2.3140969730029,4.71377021992874,6.85720517496429,2.13287004796134,2.29995774332589,2.10644603294903,3.50581469027924,2.40786498998933,1.48378781599794,2.63076919741425,3.37101138244605,7.3368928222379,2.05172599507695,2.58495943344779,10.5121535692609,6.73527078705781,1.05808128457538,2.1928914850734,4.04369935849713,3,10,3
"1166",1.84659846316686,1.64419269770406,4.00795970544541,2.03675051999711,2.61054410048372,2.57803501725043,2.47110810224949,1.83442913018761,2.42750612173042,5.79592715490141,0.419009520534642,6.75734884847714,2.7044719897629,2.29005979910007,2.50352488450993,12.5513250044542,0.841190354142975,0.51731261620061,9.23332641783535,6.63018772820643,1.88400776363216,1.37058548739481,1.48066732170627,2.51945130434016,0.732537561674256,2.85796011511866,1.61014067244235,5.07471376476788,2.40541203641173,5.14865188068826,2.37790344824472,7.9311342199976,3.12086174340617,1.0952682296694,0.773553507018942,0.907117356253436,5.56833051658533,1.70405472182852,1.95067709985771,4.46532127482961,1.40626693692392,3.95240697388831,3.00754105369651,9.60789701208114,3.73944218645481,1.21709881271174,2.23222475971772,0.739140668415641,1.40002930721966,2.07027483094327,3,10,3
"1167",0.66610819208744,1.80811830248974,1.90976896219685,1.50180448488766,2.43165365591988,3.62987146395478,4.37734212779273,1.40275846729889,1.48399437815444,4.16889495399537,0.897801477487713,5.60391692260938,6.38487116288187,3.01718576658047,1.15557695046816,3.70145892980763,1.93603307787146,2.62352872748442,2.7267325080513,3.92962032245033,4.01516797325924,2.76072111983127,1.10923258661709,1.8573397536902,1.650657247538,2.64046825571448,1.17179547946637,2.95836139779208,0.971274910227327,1.24642177850502,1.20790602835062,4.25246864523251,4.81695183513025,3.78766143629677,1.37373997386341,0.806399610201887,0.847673488348757,4.73868064298086,0.810510875605545,1.44240964525353,4.20649614103679,14.6479341577823,1.90576298962995,5.54195315687657,8.50891914380213,4.27899828541533,3.41013008577097,0.761102037342901,2.67451672522357,6.17070809662523,3,10,3
"1168",1.55755417538346,3.52998703802013,9.19678075007181,2.29713716186918,3.84187345099066,4.3564648177251,3.38301883820926,1.79602686606309,2.60755920329607,2.64880741350799,7.30620313714554,5.85095291095051,0.687571366466197,2.62882260516102,2.49240375312665,2.50211733550959,1.04936541301804,3.01824429497465,4.61587535662503,1.95174564212107,3.09250320009211,1.69973827566351,1.67190107417903,1.38503113690115,3.33453046507293,2.11255200871724,0.94950923494658,2.07527839718082,3.71399869444748,3.08960209751595,3.75408605853098,2.20855231151327,1.7230950449338,6.21866331055431,0.519139906096449,1.7941615373977,2.30976493676384,3.40657321616982,1.35448261902473,0.499596683152564,0.947252696943746,4.19115987426131,4.00974523496559,6.72373771063355,1.53192570491434,1.43409745460962,2.26155634552693,1.42333353469432,2.7030848969665,5.45168854213144,3,10,3
"1169",1.82747061421392,4.51154852346471,1.33925782600776,3.88429892160831,4.51296323260327,1.21704630148411,3.36099995439351,1.21117094413211,1.85095728097875,7.31518130129142,7.58683760882266,1.19551478561114,2.59514063579817,0.377354495867626,2.09465082829815,4.06294569357547,0.782694370495761,2.4306335554139,2.12614777653963,4.01176494418132,1.96341152366856,3.58541449709482,1.16794738620526,3.41805877978801,4.38509996360967,2.6324753577596,1.32549100785658,3.91660632805692,0.721371487071565,3.85600676623646,1.99213462511106,4.56780948923423,0.709335967266702,5.22316559947854,1.0371801500476,4.069938684494,1.40566465174409,2.82248722831256,1.6697389561567,6.4670489264968,1.26538628314628,4.26188038214324,4.26447123018948,2.82658472495536,2.63318074456464,1.76579503588259,1.18159658292353,1.14384503966042,1.64461824139805,2.01921562052433,3,10,3
"1170",2.84958261394008,4.8278848722762,1.80546165355875,1.22110575009756,5.59861589009504,1.45342798864357,4.99583990888436,1.86102842014773,1.60713029758626,2.2962925641643,1.30880228545563,6.09216300652349,1.70851743797153,1.15018721388871,5.38862392069748,2.43541676075192,2.93966445865723,1.38445859158862,4.77220556259918,5.83078867992626,0.739081132759462,1.30136739841789,0.715050124917893,1.32900751740333,2.10075654056914,2.89705580106597,1.31549998842861,1.85348789037033,1.15394044124115,6.26864597164169,0.413143239777878,1.98941676592009,4.29757587459823,3.26554697573167,1.37846276440636,2.63159248128618,4.78604131757172,2.5044740102176,2.40276871276031,1.74436905538893,7.9765737151901,1.77228788069549,4.49550409894491,4.15056107799916,1.23746357540544,2.427273556885,2.9102424466475,0.548768709590806,2.42226189996233,2.83827004639946,3,10,3
"1171",0.332182411359619,1.9015744075265,2.45994776438813,0.862462137451401,1.62886772238117,3.47996086777572,2.72556201101638,3.95670970033606,0.933357263023217,2.16102807296232,3.45179178594719,6.80356256132578,11.745057548769,3.14718048682964,3.59118582070381,3.99520917884271,2.41060339842806,2.07052314171176,2.64848605671959,5.94130078705445,4.28004283196504,5.12160156886307,2.02358761268636,4.64410333655906,4.10744728741845,1.26875442133702,0.972994249750247,1.2370254205495,1.06880980027658,1.61336906268132,1.75746366210694,3.61879109143463,4.82651995808573,5.56295671182698,1.38597426152074,2.98886709297947,6.33477781085066,4.15142233229507,1.2136547205328,2.55715447699375,6.49037190583229,17.477996442773,5.16799538488374,3.51076825664632,4.25063679648571,4.09988787391141,5.4744576182064,1.15792399476329,1.24157570808072,2.25780027021411,3,10,3
"1172",0.455735168503896,1.49010352696961,1.03098675096016,0.896980936696033,3.19498663410157,2.07785764865505,6.77872263609293,7.57316262365041,1.57048235202785,8.93004393102209,2.00125320025276,1.97886383065577,0.431970032724859,0.663066916900692,3.80415346188844,3.08556662763498,1.43169838396098,0.333201148146259,4.08274143069138,5.01672976933093,1.67675529143838,2.37467596724739,1.23378240283165,3.22878295273966,1.52134335021919,4.15518156195307,1.16741266639718,0.520857340882638,3.67248254213999,4.34872910910698,0.881294782346092,7.75609502176656,2.79279347736299,9.301540226453,1.4615293530309,2.03813523163899,1.44285318669619,5.39538883314265,2.9692368995032,0.813765842527269,8.67522066198399,1.9231719088467,3.1198797317169,2.51146537155813,3.09861290809006,1.29186669256205,8.20331892598785,0.572376909132321,2.32186701573568,13.393535182663,3,10,3
"1173",2.18462498546243,2.23127239448429,2.58254358098143,1.69188028136309,8.54569085672597,3.13926636471783,6.61732614121353,2.08338451900102,2.44382099268261,17.6342830907091,5.3129152147571,2.3444457249426,0.988677043377902,3.65570713787887,1.1810487583876,1.34622268772905,3.32763174891016,1.71295120708787,0.808694927699316,4.24733884570746,1.33411243882461,4.15425258754166,1.85370143810728,4.24768128840154,1.64079366519809,2.70467076017875,1.00677445145251,2.86094926582426,0.634996759963853,4.25585649885863,0.510209010325909,2.89903199800025,2.35412042316612,4.81946712901831,2.51440463476005,2.31190946783664,7.6308948463757,2.88657269638455,2.30260391028617,0.526471539522659,1.5554230052275,4.15603658503128,4.33132279114817,6.42816408955377,2.28391909022242,2.86921268439399,4.55937853548327,1.50304058009696,3.64789418076374,1.53321026921473,3,10,3
"1174",3.50979417390085,3.03660719216809,6.63205350967413,1.22491424473257,2.33470095357214,10.743554504937,4.25650889303115,0.867061902479135,2.19823168872851,6.94521829434602,7.91867363367273,21.1211276341707,2.25513372264183,1.25078539203059,4.3825647540167,3.55450688121261,1.00601762453082,0.257087689173953,5.96685583258244,9.13100104254086,1.11102414497323,4.65653535900085,2.20250894217246,4.38964658360061,2.1122416038389,4.02145326167726,1.17729360691758,2.09574372237523,1.11509313562133,2.83148049712834,0.393046403517866,4.34136245196148,14.7637863797719,5.65979201292896,0.638079281149071,2.06380767906113,0.78335183756907,4.96414044904245,3.32497595224273,1.55852763608191,0.827668437739039,6.88314950353349,5.52418870406742,8.20083241579524,2.7715316947054,2.0637172652894,9.09111602843543,1.15985882637521,2.47485402556423,3.32401897124089,3,10,3
"1175",1.95242679534671,5.55837413130217,1.83354835787806,2.09396120371118,3.93285116340878,5.15371864419042,1.72545256213685,1.94918539197021,1.96030772418032,10.0331123134779,0.819538881620065,3.98033553756214,3.51619586420773,4.60012014740566,4.18558649402601,4.20596837433898,1.00989645747351,1.7148563019063,10.0983279269879,8.03422098784213,2.83034105684379,3.1401629491778,1.03887667866912,7.40189351217339,2.15807388082278,3.91111333758705,0.995860707584033,4.11154219619765,2.8263275118792,10.2336188534445,0.511478191950759,1.54661570175347,0.593876063194445,3.85744203052413,1.52123095324036,3.322058025238,1.96991963123731,3.13887498616391,2.36171007968532,2.03793282610787,5.98162617547088,7.19417517120737,5.16463074319615,2.67981026480712,5.56480252151818,6.5766401638768,2.21049400412011,1.10379034158586,2.36868527102011,2.01571470808692,3,10,3
"1176",0.537980566428684,0.654929155379775,5.59055878683358,2.70601840904335,3.56448138050146,25.2695299682016,3.74827415352608,0.583710347802536,1.532705320359,14.0996624450975,6.73483820528283,3.01755274290553,5.49525374753285,2.04350159899158,2.29866135499969,6.17975557138667,1.02524144374258,3.72084859858129,6.49086050468745,10.0351870529957,2.71255175997428,1.86203852174701,1.51712311787382,3.55073159140107,3.25781418345417,2.67063949059337,2.54301184649461,2.8547758743846,4.5472338710444,1.58588985290001,4.32086866091649,2.5331587563308,4.39583598297512,5.52603669757015,0.641368440479809,2.15657520198257,3.02445001074001,2.86180571946058,0.562271587997014,1.90438395012727,0.597889137915966,1.04396241891991,3.13890640294054,2.98419145670819,2.43418157418635,6.17230812339469,14.7247500625105,1.36719413882095,3.54510859464842,2.65203074549268,3,10,3
"1177",1.05488326082153,1.32989088844693,1.67922245035544,3.04178689058241,2.69562139249915,1.3613088868835,2.19602435126087,3.94028825328419,1.70335899736968,2.64876805726442,7.92554233612605,3.49884549342437,12.4203352732513,0.385748155196361,3.13258547823385,2.92030259374439,0.50402267432943,1.11816093482561,9.0007295482444,5.7034360863443,2.45807769727031,1.69827656002423,2.32802260286885,3.45622172503007,2.77558097988681,1.60047615496501,0.901079820778754,3.96933335105021,0.716754442455481,2.62832889355817,1.61226137308952,4.51912853352268,1.93852181609171,2.86645866818326,1.13542803381286,1.19204953074275,3.36966620206997,5.34272454163673,1.34232190959805,3.32030918644588,1.04793610811034,1.68931530350275,4.38154913241033,2.44438768939588,2.33926194593975,2.89340651812855,4.4197493942261,0.383876703958065,2.65426573605622,6.54353635410265,3,10,3
"1178",0.342544707271201,1.83980840920851,1.44532868863744,0.892263132398029,10.0783238543187,4.36036807565882,3.93148595675945,4.07243477803579,1.43420199956614,9.00162388710685,3.37203422315024,5.05971113923345,2.62166581276491,2.20687165433436,4.70295056943633,4.57207504104954,2.86242845303576,0.911796274341514,2.19492127194147,5.75254548235012,3.09158949251488,2.63315274531321,0.901428161970958,31.264358769163,2.74364235972032,2.13913694351063,1.39428477866803,1.30449287316135,2.08591270422153,1.88189631447908,2.6103062120753,2.40567749236139,0.513098902532399,2.35511433329397,1.73731129357837,4.42054114064209,8.7811771250363,4.14126534757577,0.30805029280215,1.4836253396207,1.78465527718441,4.03436768137181,5.6303163691659,4.03952733320597,2.6407548797013,2.6245323799974,2.56019341066409,0.145725848450783,2.78844972492214,5.68958560015261,3,10,3
"1179",1.4069931554267,1.8899715099252,8.87919287183688,1.34213454312819,1.71034785536875,3.60963567351826,1.51382485533638,4.3312360983826,1.63134814888526,2.49820801590704,4.29139001192827,26.3098177003919,2.07154413713937,2.65670052569,6.31302950639333,2.40444866295343,1.81999244740235,1.58318347330184,4.03792142411824,5.78776322585187,2.52536504682654,3.2930624714288,0.396656801561194,1.92037051987081,2.42885458345416,3.16759258931273,1.25627937101236,2.39688417843661,2.2620914023554,10.341043181819,2.96758418262562,2.80687160716842,16.3999834077999,11.3191789715339,2.03501580955854,3.57116770629488,0.849107377772568,3.52734567124423,0.232416455907386,2.62836192979814,1.88656215865869,3.14450439299194,8.75683550946476,2.64580034590449,5.36567741224946,1.95518074235595,1.99192412876029,1.93484528038255,3.01866797619966,5.20745326197605,3,10,3
"1180",0.961587465494898,4.04151558541257,3.32616194926297,1.6696328444611,3.3963171264695,3.70685076157541,4.39919549886568,0.496397068128876,0.89717479354187,10.8253332338232,6.42677435064407,5.70724649788383,0.742391494328444,4.42560747913248,2.49508646359107,3.27501375447693,1.99108431222192,0.471210296838558,46.2090370593729,1.67958236837967,1.53763674983819,2.23420465598101,0.616279036915231,4.56808891504918,3.47496127880482,1.57798910924519,1.59806842780639,1.70166530253452,0.695978842579671,10.9338032148927,4.3633746637407,2.17441566855396,5.07605151515658,7.08888315094127,1.37877297605802,1.07054476789933,1.98992698688547,3.00233179645638,3.00883755534662,0.289987396405424,2.63370753525316,4.98141904358798,2.24207480120736,4.50814719011416,3.68521570143439,3.55934955286294,7.87873921878362,1.59660221718207,2.29539087085595,3.80631233501377,3,10,3
"1181",0.771548561171914,2.91129669009604,2.02381538612862,1.06246276067711,4.86252296950755,1.79991837195225,8.15795766057438,1.96506159176044,2.29122843865543,16.6198709495832,0.910624287663075,4.59970639861833,2.15568585340688,2.79379886259107,6.33897324349949,3.30740421751569,1.30098123642489,2.58577867284889,2.05597340144364,5.01946467955656,1.92882109968936,3.84968251708189,0.875118041049098,16.0818948428423,2.33789880282588,3.24071096988028,3.12753594574418,3.41361393239902,0.599869436048432,2.19304973564118,0.422969974758039,3.65249501883265,2.85476178262568,4.33025160679727,3.48746018317065,3.23429405133937,0.734806229705649,4.80974589029395,0.541248180369375,10.4882603693456,3.36913584995182,2.10848825082601,2.85606567450696,12.2628348139335,2.56544551219636,2.00220562700697,4.78792235455198,1.04003477324004,2.5174311623317,3.46906290579833,3,10,3
"1182",1.14144361474451,4.52506506976176,0.684317730773791,2.62560634999804,9.50558220837108,1.52065497916773,4.33934653924417,1.43417190685979,1.04980308946686,3.78032034512454,2.09712217210412,11.0291630723342,2.04253471883511,1.96260293568901,3.45164782638892,8.22229741746546,0.723921168330682,0.941593872371871,13.0297272753027,3.06930202230874,1.11880811723493,1.96004106487121,0.675621253138024,1.52940277704439,1.15476043704019,2.21138600260908,0.342334904101784,1.82541803559618,3.51360176715606,10.0310522367119,0.759330316719963,1.84037219317901,3.76497217419843,7.3427949918072,1.74961198272513,4.18806323032485,1.08742252099642,3.60203913985358,0.342323606877273,4.0593331155886,0.849451563164488,2.70798829130674,2.99453060188876,2.94254845187885,4.78652994696683,1.71513030861348,4.75402010767113,1.07788742337091,2.04556589032566,2.61845239603749,3,10,3
"1183",2.66592872145839,0.932139478639025,3.83976962057005,2.34729653850317,7.93535849383855,2.33097219766625,1.43634329846335,0.499761593261579,1.30725991466572,9.29658540066258,4.12879744789631,5.55630534124341,5.16858805481978,2.75545091592429,1.50094332872937,5.35394356271004,1.889166064716,2.3566889055086,7.6777761148175,1.90974078396671,2.86577024605292,3.39133047641216,1.41757847223089,3.23310768336915,3.10461299906898,2.77493310247345,2.11852195066237,2.61919196207324,0.864733059233698,3.05045328195461,0.248915985435034,2.89790627032684,4.75247039471748,5.22191139696273,2.11370833775489,2.25046855880669,2.10185995112623,2.18619950400389,0.629563327075883,2.35868847183672,2.43928095496683,7.16920188408252,3.08168238944118,2.33142605144374,5.60790512324166,0.877958857224619,3.98630340598705,0.6974665517732,1.38610179611916,2.50114388451952,3,10,3
"1184",1.32747678039335,0.990353567769246,1.33290476843716,1.36363965102555,1.48634129766721,3.48009094383513,2.14097890711729,3.49503222437876,0.456382145058214,1.37165055229868,0.94041925633899,3.82419878177792,0.909517438089708,1.72444844004388,4.76328983379845,3.15467369239662,1.1819469767819,2.24493999486707,0.652758422273042,0.565347912862164,2.79580822177423,3.13606745767913,2.42001287818932,5.36943416984762,2.16918512103075,3.43317122950928,1.08396054044929,1.24769243330457,1.50846218932738,4.01339178957748,0.777519663443439,10.5158882787781,4.75095910623715,4.85070739447026,1.37777501558998,0.393800682149386,1.29143781410363,1.94175761241676,1.70269866438734,5.96242374257513,2.19941279137665,4.21418885080328,5.59341850541763,6.46522116334031,1.25873821269978,1.54087048561585,3.40497220453843,1.91077091106908,2.00047874821678,7.82561800705048,3,10,3
"1185",1.67186182009579,2.80246211895258,3.37914653280416,1.77368526069969,4.38400105607368,6.64679479227939,2.57317667784387,2.0755454289571,1.60501988257891,5.27386503808773,5.04567635937965,12.5097545447478,1.1428745494243,1.35857880582374,2.25370596478121,2.99338938613927,1.41956865701592,0.637116011720868,2.92730653253666,5.38798454393309,2.55834259495401,1.94889049236138,1.68103691711232,1.48771660184752,3.45481626849749,2.22292063436176,1.4558741346588,1.63674423630703,8.08710325528303,4.03074061282264,1.64879722673193,3.14033919128351,3.12693576158834,1.67003176347858,1.70861590115229,0.288188547037958,1.92961546977373,3.20624282688923,0.134736693313109,0.778491573301057,2.5945453907242,3.51009567219511,5.86631858015625,1.45328489603514,1.89630414001723,1.23057794364312,3.1752804856995,1.69047398940762,2.30721815607356,1.29015126660231,3,10,3
"1186",0.930645232260419,6.39786114378619,2.46399906419768,0.749692079480762,1.593477055069,2.12633719265592,4.48559867179812,5.04749194314271,1.87856375450715,4.6615726914439,0.603852625720859,5.19084917797836,1.45773643625149,0.181977390628158,2.70382406292556,4.75461773122268,2.26302958515087,0.985023172875318,2.58939077614269,3.51353024992854,2.52308911145278,3.60730020911358,1.14641971700039,1.70709436271233,1.94926383898306,1.52629384441314,1.86505333051824,1.26371713148442,3.57466372385689,3.09873343214366,1.89523093191789,2.47585318490019,2.6576473669008,5.80176419145108,1.15071295103716,3.05697639954794,1.62895226332237,1.22895603528376,4.13083032502679,2.00620300121318,3.71343062720167,4.88793645891815,3.85617740032323,2.14379527799066,1.24839217970378,7.7251225674278,3.7372193378225,0.53044206890897,2.51280400023442,4.28763526774818,3,10,3
"1187",0.686812468528985,1.50931293910081,2.40766681913497,2.01447337008301,0.708770979819536,1.38628061475694,6.23863047660907,5.19557526986093,1.65880641702904,3.98232774809825,0.992373403623311,8.80042952668926,7.42604540578657,3.80430151560006,2.87528031136725,7.74247740545855,1.79080120465413,2.96127021660765,2.87267145815116,3.45951683372333,1.06829389659199,2.76076983937829,0.976786797886684,3.19574565407154,4.76324876288783,2.0114409234083,2.06842134457659,1.75877739297672,1.32049165549267,2.1991122537949,5.30129747931364,1.97114770040159,11.7374738644482,7.03028353949632,2.47367441744167,2.70180351876557,2.72780393556279,3.04089303376735,1.01198733275787,5.4683844657529,2.33952261305964,2.43634201987506,3.53662646156869,1.07420452112322,6.09716959834936,2.37789412039275,2.21116260039018,2.28384758745872,0.885793271056621,6.3508373556565,3,10,3
"1188",2.07506925227262,1.27136057232634,3.55539989747167,1.89817891504409,1.16046775341829,1.99941645911093,2.39358765385646,1.65815142836635,2.14648620714214,15.2853816349426,2.44157028531507,2.70383770899119,1.77518963180108,1.65238509467387,2.3837265192984,2.7197520012841,1.28378181904004,1.36748496329886,0.966965978432019,2.95004366869717,1.30934207561715,1.48316205567339,1.09121261324412,3.26982017978785,4.16525769771355,1.49744950762834,1.03340088973104,5.67777424098266,1.10777949942516,3.48435899643362,0.193218396628107,12.9716513601769,4.76087538593309,3.80238800984556,1.33144128520926,7.33925533041452,0.726649495420457,0.44023857370912,1.36385452153316,1.55627978710083,1.81756859696858,3.42518450414618,5.07527348068057,2.71263584185703,1.67486750152846,3.17810153866115,1.68704895638997,1.45272888262,1.97323124239252,9.74286264089316,3,10,3
"1189",0.416614253896737,3.62082419835999,3.30457768212198,2.32977501807821,4.39316321009586,2.75200834750847,2.83172836594098,2.85273171006333,2.19278935867435,3.09042202044945,3.80060714702463,2.54437779855754,1.51342181248645,1.72067242041991,1.00004591493014,6.75791451972203,1.00678947076073,1.56234581591909,3.56263840970619,2.32787121840791,2.28183815530699,1.9819700053261,0.931477343736503,1.89364563294207,2.02999482467814,2.4593969580996,1.98555649689614,2.04193433002772,1.29065152301017,4.19046656625586,6.73448538867826,10.5918084139731,1.89660043918588,9.96648516426473,1.79412782291282,0.271652105744031,1.17766175160393,3.85849058355435,1.16350703314703,0.838112819101638,1.46857507526002,3.35765199841503,1.73155997191601,2.38550579202214,2.13002644073738,0.781415836202618,1.88259439786729,0.868565025491779,0.577886289679364,9.67740868736068,3,10,3
"1190",1.72006599718042,2.25575311917212,1.78453035405376,2.91489633082247,5.52229618943669,1.00681887118229,1.50809309632005,0.963218842904301,1.01552280077757,9.64460099964638,3.13804760682654,3.34468541795641,2.67608475118284,2.49115803613762,2.07101383936063,3.98181039509633,0.763452094838639,1.80935082152723,7.51048608048899,1.8700793430404,1.42914456148675,3.66833670466233,1.81437157319317,2.37203579415987,3.35500421304587,2.44022790652433,1.25073220351488,3.96832705533774,2.82553938055266,1.3790766043762,1.95933721806574,2.77788412775087,3.58441961713633,5.21787942642206,2.22720263085805,3.61133267844028,3.81282579626171,3.1542541637462,1.79788321619653,1.46433486172052,1.80506412613968,2.77361006125289,2.61400750716513,8.9544997838814,3.59457373947567,2.92915944273005,5.69286625732291,3.23363327662927,3.22720682974822,5.5056771735306,3,10,3
"1191",2.17732096060141,2.20409118295284,3.15273948893684,3.16039495238109,16.8125378388266,4.01130608196485,3.3438977232505,1.14350813112932,2.36804313294413,14.2420829130645,0.960841615820529,3.38588945621555,4.47699300599695,3.07969415253171,2.24446308059477,3.11533218451104,1.78247804762173,1.3962546667941,2.3544904902138,5.43520089240312,1.78193340703611,2.69462797207769,1.42237697317814,2.33678315011426,2.00955589434004,3.90758877754838,1.24873555122379,1.81083933800742,1.61076424631555,2.63313418271634,1.83609761007054,7.66183727819864,4.15858965988593,7.5771765009492,1.18431457050895,2.38513520700886,2.41630817941318,2.76394232402438,0.539119550308922,0.566760503575143,1.31255159544132,8.45948852058126,4.73850854207279,11.0155473213524,5.58709317804664,2.39948400173876,1.40723507807485,1.24668268594842,1.7652692878389,1.59006566560964,3,10,3
"1192",2.0182511970108,0.881144827539218,8.61845944119552,2.16227780109491,4.13710923080248,2.53192644074138,6.19083111133711,1.92017794552994,1.79518289945458,6.96003724506488,3.73671572470129,2.61270660739017,1.31212784872262,0.453218811416423,4.79860747656552,3.56786928666938,2.1124655101758,4.41657787268848,3.61433047680924,4.33451313536774,1.40464499687536,4.4837351638139,1.71068991416709,1.68833904928296,1.45896596264107,3.33372194415918,1.07050990756977,3.40816497306901,2.72955707867957,1.75891029587142,0.490478732181003,6.84008651955372,6.74305820389804,4.02936790317005,1.7881618609406,4.13825070448726,0.351561278964069,4.75080829004125,2.95493678181434,4.94779979324467,1.49083992287644,2.56527372569789,5.20132307732411,3.18838264835461,3.26662871019065,7.64261789810482,3.67029995488174,3.1575784829911,3.1230349287246,4.4544274851854,3,10,3
"1193",2.59684812446551,0.961997052309691,5.31793780414123,2.66948169920391,4.30045228508598,5.59332515782223,3.43702137218219,3.67708958958327,3.03008275957071,6.5937116355556,3.35107394387502,3.32072052742942,4.4523941466173,0.974876899636417,3.40102732490713,5.4274412125976,0.817419737906926,2.88228514045579,3.35426186057087,7.62214407274049,3.20573315857692,2.74823065737333,1.72745601109358,2.59840667326382,4.06485607251377,2.28970364193533,1.14187151562711,1.9989442654245,0.738683035011999,6.24958992848743,1.06894862246434,1.92938352817385,2.52275978698204,6.94331525085358,2.17697049299659,2.14513811273256,0.903191106310794,4.84201432470785,2.98670759614333,0.84724391735922,1.11827678571707,2.6619258964383,1.83506389265716,3.49924306529028,2.1866161006536,3.46878939001568,2.23975835298305,0.160071083792304,2.32189191929292,1.54677661276494,3,10,3
"1194",1.65611663037567,1.82028734395108,2.84511524570408,3.34276107367583,1.25696666867293,3.52423528234159,5.49684902024135,3.44199656005703,2.01204372578499,7.98618538097015,1.35962614369961,3.9996802438029,2.35605859385407,5.68292624050293,3.73383447196373,16.5266888037988,1.25131849107478,0.812077020709983,6.24129378827016,11.956626513545,1.40331278598786,3.12863929831482,1.71502378205336,2.98690591389289,3.94536775812808,4.45208343859255,0.776990250891822,1.92227589823981,0.724166133065282,3.55941489805847,1.17066165686742,3.54705418141374,1.74269305507152,4.51185313803618,1.59821478860319,4.15849871659769,2.86757997164641,4.73595847823511,1.43545201391306,0.442445827490008,1.35850435817598,1.42975965120969,5.3506301087418,4.76424891995633,2.55915242548562,5.90451025837322,1.26181614254922,1.54917837734729,3.62321464833541,12.9240645039292,3,10,3
"1195",1.57714498861348,1.69192795538539,2.34171620010765,2.52534518892635,2.31946195975114,4.73320572643671,2.7090702097491,5.64386652541982,1.79470108371887,12.0146176222262,0.430055848715902,15.8518496603395,1.04273941462733,2.63342414161132,2.04398945066172,3.60347728937267,2.58618771159517,1.27448282523509,3.84281911076813,26.8588969216246,1.03822081083509,3.0681990400479,0.280890268642163,8.68340269632416,1.58997671903263,5.16180687224757,1.61510504784827,2.3011234081913,1.30480177915141,13.716184373728,2.67672347544775,6.28038883485336,3.11799408311828,5.67223554636599,1.18158631112804,3.75300131179231,0.511591766287209,2.65285839643864,1.45256887160494,1.19842997847136,1.26019783967982,2.16786355141154,1.12463452670437,6.58356382169204,2.67513871962182,3.15046821527428,6.77801893068909,0.435212952540767,3.34127372415222,9.0898090451122,3,10,3
"1196",2.49989461009237,0.533486303999724,3.80672358598073,1.89139839718237,2.31572522361299,6.41276943130392,1.43356996122393,3.23487668047109,1.75130096389429,13.8220199116804,1.65147282690418,7.24593744989629,1.10275517878391,2.61524358301457,4.65762717408382,3.38164928397562,3.6265363684576,4.70798845419562,6.28754238312819,3.71066920001472,0.901354626284123,1.57414545119342,1.93594686256837,1.97644743146576,3.56877579819502,3.55510555682605,2.49152039808529,2.64624456319789,1.66499512468287,4.42225215328903,0.876858189219835,8.36106084078069,4.4829823952129,1.53935882314593,1.69990557616754,2.88134578938131,1.13063598057681,5.40919443958057,1.20898418725626,1.10562837744449,1.93971078373124,2.84735337871038,1.54634237188503,6.60806013519501,2.72458700455928,7.08870337670744,2.94358148772852,0.390654542028985,2.92441955198843,1.08642201640451,3,10,3
"1197",7.50198725639019,2.62424779873522,3.81395899357716,4.3032029154449,4.12188318658498,0.843880950907315,1.74232646574787,4.22556346717708,1.7585864667101,8.95902802804135,0.913874369627827,4.80679692314537,2.90389692907891,1.85397289250668,14.249646729537,5.02588862517532,0.969357899112417,0.769544588152734,7.48934149461095,2.24104173216006,0.991555368961094,4.22988592295646,1.01606070287067,4.21935160977407,3.82519912588054,3.71395259173219,2.39670117816266,2.62979502974576,1.2278210426193,2.0968714629137,2.13852314289989,1.89577357410857,1.93493934458403,5.8673033240213,1.72144842272959,1.76592441349286,1.28933040325238,2.38614022863168,0.801644802924693,0.918616594811827,6.10311585063291,2.56018009704209,4.76152025761162,4.16398653414718,5.02941081227231,2.12586520531853,9.57869826795997,0.726956609223106,1.43183926406383,2.50070870115006,3,10,3
"1198",1.33245800460812,4.08529301112201,2.8815517045092,2.2461560354256,6.40513593778838,4.95970219175112,2.28113524207952,0.82642560421694,1.20499369337495,26.6157356949763,7.86467644064912,4.45231570296434,3.15964721624268,1.74680230168365,3.39243972131398,3.59744836952037,1.30787469746544,0.378895644154504,6.45683169553259,8.02409486667719,1.16496584079833,1.74007928634556,0.91269296172227,8.37352763260531,3.67681577116194,2.13395658839266,1.61051766867307,2.73529838099165,0.935618088226225,2.35380955357188,5.6182063092453,2.77987941165233,3.1106027657056,5.5661440201008,1.34916864403132,3.12730914992615,1.96524426358821,2.44608351792253,1.67242729449716,3.29312792487226,2.72446354060939,11.5656492105221,2.95956949926636,9.74050993820054,2.69271069243608,1.42720104126797,2.75880249030712,0.697719356834405,2.21874413191909,3.63391119299499,3,10,3
"1199",1.93585184479646,0.919089610996865,1.74992553319839,1.09943326852662,4.80396512111347,3.11563654187462,4.45512354418746,4.74428505044353,1.16289308933833,6.4991554273983,7.54651459715291,3.59826933898684,1.62942940087932,0.421871978714055,4.37459908578917,3.52762252810658,2.37168236076231,2.55033585441139,5.36899869656593,3.90530029750917,1.22952528351207,3.95891137073068,0.643998910733897,2.6730605744405,1.05882392619547,3.03944237995732,1.37215059220029,0.996603756910374,0.517631612303905,5.8256958724017,1.57497599900786,3.16659927807899,1.36324586686651,6.29036678610686,2.35158718827864,5.52032249755213,3.36361508825852,0.968040406919444,1.09791337305097,15.0953930406566,7.72798451112768,9.32994708944633,3.96574387077013,2.96025433253933,1.01779220982244,1.62698451215755,1.27060243476517,1.78528328692063,2.37139168882529,3.10294043340563,3,10,3
"1200",3.43401234294441,2.85206647577767,1.24629541472227,0.574108497329236,6.63007992659294,2.11583078618988,1.50603803457669,1.92362029984042,1.45480886854214,4.70510563236117,1.4731387892221,30.3824099087741,2.3779010953643,1.47590628745751,1.24064636394185,4.95138736939249,2.08333761951929,0.410760692326306,3.99383817903747,0.993223827888924,2.04123996933596,6.40262121958273,1.2240978274234,11.7332193450416,2.64460066353098,2.70267788506386,2.3939911933608,5.55595982927617,0.892413504425758,2.59555677062468,1.85928898619656,6.24484031798444,6.18434368109122,9.9719714485307,1.70827020315294,2.71010879299644,2.11413179739499,2.92053024327403,2.4841211272715,1.7351271925719,2.45771301518285,8.35752969374623,4.19014007519346,5.67441051068064,1.63297288975963,4.83315234341715,4.48459447563906,0.521763569767493,3.66523801278306,14.5270687981841,3,10,3
"1201",2.35241040607877,2.89467455715714,4.99536355129385,2.16026399307666,6.93269817049434,1.97422814657734,4.33758842956294,1.6729298087849,1.61198844202825,5.17838790778351,3.21345247440753,12.8950845902796,1.4323915604518,0.523118815910687,3.67345419572161,7.72695389271266,0.205147290588125,0.588505986829976,6.67952185481071,5.96278137538581,2.9472480094391,2.73438371523933,0.955882274169049,3.17847096617879,1.2065857295688,5.18870815525293,2.46649542023804,2.07945258095132,1.20848592008256,3.71928977380684,5.10516343023959,2.74584920573847,3.97428644784543,1.57069801006882,0.480064762163623,4.27618754811111,6.46647829606132,2.00137382787588,0.726859758395846,2.06188550798079,14.1569762759883,2.6938636433246,5.30581361429204,1.01103610385565,2.90692013131842,2.38891475707038,4.48554014613273,1.00530926405059,1.90605456594356,5.43536969846491,3,10,3
"1202",0.423596098613796,1.68592026927374,1.92625589355586,1.88473900436901,5.36373352663171,35.444396639409,3.08814676850187,2.21911020236134,1.61530358367336,18.6373142566583,11.9842768985389,3.81658826577247,0.086584960514327,1.66090613675775,5.32194441565301,3.52515637671729,1.38182009080055,0.580967182086,3.71778099673551,6.00869403200183,1.7989642903898,1.94438226754251,0.187187913498246,2.94954670132931,1.81469982518551,2.06864531456024,1.07247855059093,0.825616780418909,0.976518081450841,7.18931750740961,2.88366699117089,4.43102758176481,2.65487838593334,3.81542949827515,1.20700095147871,5.82303673665821,1.01930202537731,2.75686781346108,0.133106478653705,5.79753974743291,1.30777689676825,2.20592148851549,3.8955072605868,2.87252440275903,2.87886082568526,6.06332821616531,7.14958459485929,2.215131486161,2.04138636371779,4.00286446697327,3,10,3
"1203",3.70308761084283,1.58295278929449,2.09002009181516,1.85588441552428,2.95903109694388,4.52515655401423,1.75319739940653,3.25342596948781,1.47225468805442,3.17021083666519,2.70739518365516,4.37953355908961,1.05977649364214,4.94418864010992,5.59085757069316,2.03402910892518,1.54899840521163,0.902838542907888,4.46859387238952,4.84176083285141,2.39566852618036,1.54276004764777,0.492088627359236,1.42897962646373,4.83670044426287,1.37261194104158,0.517704522805066,1.70400929961643,0.917424483621058,2.319797962664,0.793446956086623,8.7964286823778,2.30856360275741,8.13130978703933,1.70684516213262,2.35919032195111,2.8965604988536,2.70526667364138,2.44676306982281,4.79761241672073,1.15822327843152,3.9885298703119,4.13419406831839,7.14749476531769,2.31911399398382,3.34100185541141,4.9301830415881,0.400158058557561,1.01274740438328,1.81132409650735,3,10,3
"1204",1.44228452425962,1.64343840154185,3.53863751633945,1.93215795935916,6.67481564028551,1.02508637440474,2.44454610088837,2.84416935215543,1.44349216721221,10.5077735042795,1.21376372029697,5.94954866660433,3.19675353493837,3.12791169547322,3.32246592134047,1.43693113565977,1.05089475956042,2.73488627495108,11.2793988384374,14.2569879223324,2.27271132799795,4.03589553513544,0.338232089827733,2.28695059730521,1.67772101461655,1.95582159924823,2.61446571895607,5.83011011274906,1.22516357170092,1.80382512272425,0.234226161410674,6.88923034891774,4.47802348620462,9.85715904420414,0.986297164409294,2.05193610440258,1.15103708061256,3.77543635830705,2.16255706771638,0.803484062487155,0.998950408564384,4.33674452056902,2.64319950489245,2.41595060444765,2.39277990999523,4.52748343440326,8.13774140552056,1.01713324448535,2.23572117954562,2.43620680628571,3,10,3
"1205",0.698535299429278,5.19179399005211,5.68618391945591,1.17252785393497,1.96491569672226,2.37004745855493,3.97884548371373,4.46907592944944,2.15098074546805,5.24733693025198,0.61704892144721,3.62489103852249,2.10501476031966,1.61654859807401,3.36522466368671,4.82824862069292,1.06976476220546,2.8182394173729,9.05649644581156,2.19444321649603,1.39039186237341,2.92960136943404,2.30935233506661,1.91873612136043,1.15544609858171,2.33645761434174,2.07982030369022,2.6248305543124,2.50127292480566,4.24243522344773,2.00047048490352,11.182566314661,1.94863355774966,5.10056193343264,1.46372981728835,1.66438398171897,2.20004613341925,3.81321346014252,1.95760272417576,0.753468551867324,1.98670732453111,0.966452203078974,3.82245967507218,3.27005486284575,2.20648915450414,3.24785206067978,1.59835220067355,0.721636228083761,2.81810132504906,6.37752759758444,3,10,3
"1206",1.18907818524899,1.31944178362439,4.10621502271752,2.83756303238084,3.98313733492674,5.45673841318151,1.51004600666021,2.87757395907634,1.32913441502471,7.99908603049057,3.67126932004186,6.06195048119963,3.05255132973726,1.49584828140527,2.56033767898739,6.43137889681302,1.72280067710913,1.49149172403094,4.74050979726494,3.88441590949314,1.83696569772168,3.3390873191568,1.03611185925596,2.56876621282276,3.85576441109177,2.41960791013626,0.950674084128595,1.1552643397641,1.85734195257118,18.1247554319407,0.517944641112591,5.73303926286525,10.5894635475501,8.35373122396159,0.779490361877031,4.52335235410817,4.15883315408016,2.34431632260503,2.42399712977439,1.28271636471062,1.33953372259952,3.59199149399221,5.43139848844814,6.46156769602164,2.59236140547155,1.44850319528319,2.87393827224585,1.08163910238263,1.84017874371785,2.75896653252752,3,10,3
"1207",2.5891066910709,1.74669467125218,2.27966327752974,1.48311709800694,5.08140518671974,3.35882256405078,3.755281511895,3.69913609825712,1.85972443272038,6.23844712622821,1.6049161567964,6.06040228739824,1.92051985516808,6.44278532263339,3.64617611954719,4.20292972397203,1.50186984588638,1.80263841785328,1.87434588163622,2.98926225899396,0.852170196025497,2.49606543401782,1.08969964332271,6.04949466114345,2.42342172557204,2.7008535384593,2.41558001271484,1.06351738729659,2.29494541406551,9.99483110630465,0.896322292420198,2.36284476551116,2.75116031366976,2.49902184390701,1.05214896091134,6.38051279462548,4.40663914935427,3.06201967615171,0.539048202827688,0.743737832664193,1.56212647004191,2.62422226125145,3.35441332977616,3.72788796586469,4.50324784848599,3.63031360856042,1.51371319443158,1.36350492467175,3.66003306620485,8.04513075149964,3,10,3
"1208",1.18798513959659,1.94693439612359,1.44772970733322,1.03423169406221,2.92495136182634,2.90795855453437,4.21057875775131,2.48132415864307,0.861289146609735,1.9526560187978,2.20015436150572,8.45658340000127,3.2766551008367,2.40775525268182,2.21567498412003,4.92776575287598,2.60818336796121,0.571426319682252,2.69794464060261,2.57997593311103,0.56944119117171,3.58326733397552,1.85040647203391,2.05677450450255,3.56542413405991,3.05412624122035,1.22243721572991,1.91574448330508,0.631987633385011,3.55477530076323,0.428559015594767,4.15498547765959,6.38015175070944,9.89652637380974,1.60442192001126,1.47947781694658,1.94850687155098,3.41969323151229,1.17955910552222,2.52442255374955,3.18611235333519,0.982073832236027,5.01791955848228,2.73100293570799,4.75056106902082,1.63420253973128,3.31531191616334,1.27081446749465,1.58393293572289,1.94268613324397,3,10,3
"1209",1.55653202504319,1.58202028910841,3.46972822434094,1.40435215729185,2.35074365345546,2.02847398715193,4.57482880980026,1.46403533805907,1.72157560215099,7.37520495595804,11.3109768201793,6.47795930441358,6.20903851474206,6.11240780496036,2.70990185352701,3.52375973590205,1.20032104425761,2.56577965305139,4.66501010146259,7.37196961487321,0.498386979591736,2.92665038661451,1.6221419763866,3.37265860310303,6.52882115279684,2.19081623851596,0.552860410380072,2.7391401598969,3.60743681438432,19.0734867359291,0.560353650029444,2.72582481113781,3.47587971304591,4.86339974145453,2.11077346160185,5.93051673140484,3.56737803602186,3.43174644692273,1.4440197664203,5.50810453944828,2.28780729102524,4.07205402593253,5.08758881645063,6.98711598212822,6.22756165543758,2.1151512134666,1.44215336868025,0.950963020856051,2.75442799886204,5.74713402557546,3,10,3
"1210",1.69633983282432,3.27960352257103,2.66862137697897,0.952503401982395,3.99259974381077,3.37565024730265,2.68228197050423,1.61201428733692,2.23436855014021,4.56615482812654,6.62822381869218,7.06882762449273,2.28913568474833,1.63881341892856,3.52486300369564,19.5351409484674,1.36225666728385,3.16949401181561,1.56711141110467,5.03613219915563,1.69987500878102,2.62918141445712,0.958144529875888,2.48987506743088,2.09865042756775,1.63547535220652,0.981760977063704,1.44664411109292,3.73860039857696,3.86268537897939,3.87392645678119,6.34043538355466,4.10247935445391,4.89229864318774,1.38372176374067,2.92425352123404,2.33179119847045,3.06847088455367,1.09099279711941,3.27089152637704,2.218084883318,5.11691458018575,0.996770075872654,7.59831361683777,5.02648137047961,6.31449239979885,5.98663833430622,0.647795426437243,2.77060482471439,2.34548302875086,3,10,3
"1211",5.38701991581773,2.8299874751996,3.15065203325323,3.05179368845926,2.64796685274055,1.10152288344488,4.33651349125227,0.874888305629443,1.35445467115127,8.59069606407898,1.16556706591564,6.21824083011139,4.83449954295357,2.27065224927989,3.24260631185454,10.0870658687269,0.973964726089719,0.565212774228647,2.93480885054181,2.92985252371852,1.74424687891987,3.80392875269774,0.434060889116163,2.89246737633272,4.6960383482385,4.39505097518243,1.52706515020066,0.406088608240824,1.59497681209439,4.16844863763867,2.3580604522186,7.60900288504335,6.77404247446329,4.64753500019753,0.737246224457274,0.171101764453599,6.28683814889575,2.71676623497717,1.93538293960787,0.870669798978029,1.54148499436842,6.36462661732475,4.36576798117897,9.2830253673799,2.56119745426546,3.53299501647797,4.15997489249947,2.20862064729419,3.19872676034351,2.54592504304969,3,10,3
"1212",4.00222573881603,1.74001352379841,1.50591939765495,1.31972974919398,1.98692126730504,0.922172718359422,7.54661924251757,3.51789400838126,1.99828904834114,6.29587140476209,2.14358415492887,5.41514677511294,2.07662074914757,3.52549490768112,5.33917912537713,3.59831815262209,1.14766459308746,4.20113593082006,2.33687603576715,11.7689217857753,2.2108087650559,7.21700944352441,0.854588445695806,16.6498229823959,1.47818048952858,2.58025321749861,1.54615572001081,2.60161599311534,2.0569683378106,2.78967563199664,0.735787381722031,7.00385896805375,11.9327378553339,6.67380417263945,0.649446040736391,1.29649141927892,3.47906545652866,4.97255252636482,1.5132674047273,3.01929324206118,3.7754602451224,4.32478441856068,3.97546526833129,2.3719134336016,1.65823179802847,4.85715266984012,7.31304509173506,0.787796275379344,2.46882760798988,2.69234017586638,3,10,3
"1213",2.959403993812,2.71423895509073,0.784962478351753,1.69705700284164,3.13502915950739,7.24255800916026,3.06381955053323,3.88442802896214,1.89540211436134,4.2395707581544,2.63464843798139,4.88475447133513,3.44088064584783,3.76202978922064,2.19337361508557,4.71507384321175,1.29644084886423,1.99491299587692,4.46666257112754,3.47842368715052,2.99493852878066,2.73991028839525,2.69880564456133,3.67329442806414,0.945730070667213,2.90718559119383,1.25475134595589,1.40704805590544,1.71973508058749,2.11056675597163,0.858826218179948,2.42759187844501,4.35018491404856,6.45682134626075,1.87253511336353,7.29782849073759,2.32839418190511,3.98069774724942,0.203252294846881,2.01214862762196,4.47027713676452,2.20243679610822,5.59588101904492,2.11727223066931,3.6158769984645,2.27322129310418,6.48516016312974,1.62264714617482,2.92138110816128,4.60524589296053,3,10,3
"1214",7.44235653778015,2.87831609221025,3.6683580215827,2.7556374617626,4.85248788448938,1.86613124551165,0.973397186068144,5.68612359597479,2.35493678946479,3.65374564020402,8.87349790691903,4.93532886092533,0.278881023175229,0.977084362864257,7.5137651369709,2.91350072676365,1.08001445255994,1.46429898190553,4.84192677066598,2.40676198450506,1.92576286540628,3.15504847526582,1.70220464410196,9.22254673482192,2.04548280770305,1.58138674469326,0.409258839461268,1.69216301127262,1.12395902287927,16.8438811400019,1.74891395872005,6.51736696726183,2.12515725659962,3.76132234248393,0.508411418072274,0.999094360648993,1.04181111080275,3.91409779776058,2.24979042261548,1.38092487792748,2.11398018109164,2.69487629777939,2.5735611212699,1.86080488548888,3.52558506496511,1.27649835976796,3.47574685606765,0.335105489031591,4.34760403605382,2.71843421637558,3,10,3
"1215",0.965112277851289,0.863911796491378,2.35734877643629,1.78294781969661,3.51341344895432,5.16601217792356,7.29071959362639,0.242048972278012,1.72158682181653,11.3477418908018,2.80537159540967,8.33318268931116,3.2678791653343,2.23650961778254,4.5352093503286,2.38871389798924,0.861518293411209,0.63825895893979,5.18840423079727,3.63276442270321,1.56637297413836,4.15692176442167,0.646477491344534,2.12787288684426,1.70182721961778,4.36051948959521,0.911716009159362,2.86037452401747,3.20954393915295,1.23763572594563,1.92001541847367,3.93739517059918,5.36192011539761,2.55881647332793,1.81074025381588,1.69829578959069,4.45738455448783,3.81264850143572,1.23029586543954,0.728329365957497,2.05167512751763,3.81443361392735,1.71179240009374,3.0673446875689,3.58237749826193,1.75648408398444,4.2326010602976,1.47923915327472,1.13777790512659,2.88321207102179,3,10,3
"1216",1.48443242504887,4.40538168886815,1.73762039428077,2.87678341025717,7.43119409551757,2.58516365309935,6.49059855422089,4.20887677709788,1.67667025993169,6.97726589647968,1.71984030502186,2.70338031006504,2.99635437276012,0.41668927313836,2.8228722248583,0.933998512830568,0.838291705370193,1.17689177298619,2.28760354563774,2.00336925389817,1.64352934009572,1.79439714893891,0.786592499525412,3.41018572636315,3.21700279939994,3.65633524167121,4.03123991310533,2.22573588320819,0.694450647776989,4.08480085169551,1.25763661477445,2.36377170661744,6.86478969131476,2.0544028092941,1.03357195200372,3.37868336820306,1.13828100890292,1.22922572721952,3.39346981831455,1.91907666227115,2.49411655122986,6.46198034874739,3.5544086103362,3.7358684983903,2.14532858817565,7.74065111051724,3.18387558633846,0.978434811019569,1.96764830599751,8.51697288528398,3,10,3
"1217",2.56620051029915,2.40934211889243,1.32320644061702,3.16669468433883,2.5323988449765,2.4164189689475,2.77582559372093,5.02061598545303,2.6551991684417,5.5073738152863,1.81477096198043,4.30645966671512,6.52965078425663,2.15628196352548,4.64057966273821,4.13722049769363,1.80474397881134,0.638825368636635,3.65117170848112,3.86231537172773,2.09544673458736,3.47484380675816,2.5229561127785,4.06994329366197,2.89512063242875,2.24217470119563,1.23935784576335,2.19162604425872,3.42342393185657,4.20347239616387,0.64784045534849,6.37709918084927,1.21607409475506,3.2859916017977,1.66596909926838,0.423612771106231,1.42695788637623,2.59545912092225,5.2740019673292,1.79924411608705,1.89870298638055,2.9064514515863,5.20948583710111,4.86078063217977,1.24858360166629,2.09732739859049,4.91982795382289,2.27714440912776,2.26199127067362,3.24567822362113,3,10,3
"1218",0.990349150028043,3.03313045333126,2.07276598062794,1.41224393619945,2.60618645546644,2.03451151623375,2.73976575733589,1.43217690466772,1.32922919130038,10.5044430139253,5.36668973936661,5.09595213753844,2.63751896063537,1.62463671821662,4.49455273924545,2.74861795976214,1.70540226663513,3.06062859962628,0.788098444017552,15.2570397845594,3.54495183379845,1.73896533474522,2.12295336376826,3.37703768670226,1.68299601270034,2.86736691797997,3.07011222389281,2.82774633111794,1.03893218938861,4.06136698071014,1.71125104852105,1.93793288208489,6.8777050091111,3.6745455872774,1.09915210015971,2.94000409389778,5.47260843794534,4.44053355925378,2.7517797758509,1.1672506510772,2.39038627632676,2.11400024720578,2.17047301891506,5.10906202810858,1.92961384189256,4.53664104786516,4.85802280887835,1.37995797751927,1.13881105106811,2.87557557316462,3,10,3
"1219",5.49949070881121,1.31254028293234,1.85540785920094,3.14801963427452,2.00973301090909,1.5662352938393,10.921184460126,1.73651821278191,0.893194702065142,7.17191908600513,0.659815435694239,4.75873835400372,2.70582654941628,1.64607168911518,1.13926759880772,3.17597138888032,0.846073903971001,0.87536538130412,4.29920170428092,3.19386163340809,2.23852736942556,3.17033852445892,1.36599833799258,2.3554596752196,3.16477371095568,1.92570700579596,2.42873043988645,2.78130402152436,2.28584400099257,1.72873939913012,1.64370230173903,3.92175653514342,4.22842418559,2.85787056812526,2.14922088928599,0.744928844308083,3.751673405029,7.49920508032421,0.945966740706363,1.17697976607261,2.61625821094611,2.9872423205515,1.99038842444836,4.6275357883645,3.55988922721214,1.51472584641578,3.39243413731849,1.35640252487725,1.44225488684992,5.04387902085497,3,10,3
"1220",1.27694571061676,2.18322524785352,14.9351151207836,5.97964938861596,3.08653258420465,2.54079389998213,0.924481942994603,2.05603652476991,1.88662109266113,4.17497863374949,1.55487051290198,9.64942607813318,2.19224807760693,2.28678618687097,2.19965772307261,3.31175783173282,1.55391830343159,1.56628125449715,2.879954482084,10.9764037237706,1.85060578075967,8.48543003269223,0.444088646507868,3.90130318324282,0.5433087268152,3.29088031760915,3.58855780171754,6.0980299812303,1.02144169752485,2.91352622401497,0.760406697616518,3.83520538511259,4.28401362080948,4.01224355301266,1.59854627569612,1.34928371695852,0.988691440266709,3.8043289546053,3.74606961513176,1.1995731526049,1.41878362752216,3.76057764732345,5.0161571910829,2.88062619177838,2.42821952266683,1.76261906968868,4.71963511740118,0.116878738109839,3.75400293366949,5.79556032056547,3,10,3
"1221",3.46946425489567,0.645207498350642,2.97209762667361,1.23857663504675,4.27241217448181,3.13366056814408,1.96482070795557,4.70271422763942,2.34764042620776,7.31684640934857,3.430467784566,9.0675022580134,1.92233696535252,1.70404329135604,3.07075907338085,3.42202258872896,2.51404259430505,1.18999631977676,5.33519294525242,1.92538361620354,0.654183665503875,1.13815928562961,0.87744279260701,2.13888095308748,4.23246108898099,2.06279693448611,0.512429516988043,0.79024669213113,0.866052168007281,17.9392015432561,1.44497330486852,5.60266122171963,7.00341787810105,2.46151607825716,1.2472763140669,0.311249157987058,1.03981858143772,6.15201942663265,3.66594451046142,3.74596132245497,5.80941837821482,2.45774816507979,3.95529716923383,2.83815471103262,3.79269035636672,2.57653556284913,4.7637666918679,0.434485499278383,2.55800142912419,4.22047590597614,3,10,3
"1222",0.55102094392474,1.33609125760225,2.31365021077743,1.38673827052588,5.26750753175274,2.42531730068791,1.83004593286366,1.79595986684366,2.612623790648,17.1474483858993,1.63722783437463,2.38983237821699,2.34444889468259,2.58317314331085,3.17614415950166,3.32313750700141,2.12190488789347,0.489657810735773,4.63986992946444,7.41215362339913,2.333366819764,2.96053240260396,0.895974333273173,2.08153625802139,2.2973221200032,3.06257690012597,1.95501028323176,3.16415661398909,0.647521353845101,2.76101524658205,2.69472364453359,5.96265679741385,3.96217179336193,5.81207647290982,1.94232750134676,1.26066154268357,3.90999114263287,4.24787529387439,2.40634388520014,1.90694419570139,3.81760493293589,3.604096584093,3.95106547715325,2.40834611922457,5.29324953970689,9.00021336848389,5.91672480990667,1.3159389344803,2.33512680286225,1.03100846147915,3,10,3
"1223",3.02313186698538,2.33847795294484,2.31768881398094,1.78796546417599,6.79708054738214,9.40006636657234,3.06218240138862,1.29018204770771,1.28604586255014,7.30795928908661,2.17464440284461,3.6290958579377,1.92300713858236,2.31883759926795,1.67946069930207,2.58162687507365,0.633653795558391,2.11694569374234,3.3769899426518,5.27011828798102,0.854700807513088,2.03214717068071,0.544691823037657,6.45065448021602,2.93754017730396,2.70033730384481,2.52722190594327,2.51653254087972,0.885379945385644,3.49631283579501,0.385216781545867,1.92718326057741,1.99795513574335,6.68120799060198,1.63811747371203,1.65816382153157,1.51801197149488,1.21663007871561,0.577003431218014,5.41413011647025,1.25333203493038,1.90126322074938,3.19763998856116,6.50271388074315,5.19907542643543,8.7553010053997,7.91972600974609,2.4694207866084,1.93362062790115,3.47715735582249,3,10,3
"1224",2.556187012237,4.63974986897121,1.44312344441777,2.69704797563557,7.76512698319118,3.12720437177057,8.16320727131642,1.67082261257962,1.13857238735068,11.9757483431443,0.601587151018407,2.76800946199719,2.16663405953752,1.87511190782648,1.47753736663936,4.50807844486187,1.22195057726861,0.926288032910705,2.79494674452142,2.6633629749563,3.12808724820929,2.51468651095639,1.57758835529382,3.22326964819927,3.75150624874388,2.41872667751554,2.59101659490858,2.6674604927269,13.46221313497,2.69993909670302,1.52668504482824,3.97992461581902,3.6356267102497,12.7442467229683,2.23433032044442,4.04530297981771,2.41682544141421,1.8023798296102,2.46965580452382,0.303952705199965,1.33967421119416,8.48655746562143,4.42351949714394,3.64383525887657,3.20837494836349,3.08573972079148,2.05629117892249,0.29570005691544,2.32404678556487,2.67341070741153,3,10,3
"1225",1.29207361055867,4.05452242499434,1.9430182003917,2.36848120511525,1.99175851962153,1.57841404098268,2.90792003917363,4.9662641863594,1.72258787153426,29.651694162306,3.36642056419739,4.31606739322018,2.78267501416121,1.59932814726917,4.47493099397797,2.25369013740509,1.03860137772103,0.510564736604626,4.12382045819708,0.624998720724447,2.76837968071658,1.5480593220191,0.899535631589834,4.37620027094231,5.98877608757928,3.26233384885473,1.03220333606007,3.22210042155492,1.30468822911199,2.92155103821014,0.521191122828003,4.07623561017853,5.94705126542977,3.63139105881161,1.02674584311397,4.83357823212333,2.35569565235839,1.91113093644309,0.177977577227583,1.11032536924018,2.93331679954737,2.90398398944158,4.72961276572383,1.37022488501892,9.78035975158615,4.64260892905278,1.8710983728338,0.802581789638456,2.74268971271877,1.57761789214951,3,10,3
"1226",0.905254823017129,2.77275197902687,2.72428787604144,1.97945235301664,2.75548137741046,8.52171180070472,2.93486632016657,1.65156390083616,2.1125872816861,8.50216733692517,2.44053231102157,6.11071343861416,0.680366103301794,5.61046881527862,2.65351843236642,6.2850539392505,2.15606731720374,2.5433024476681,3.14313242932335,7.52492369309981,2.79358750264742,4.01401603811218,1.29101286275746,8.80800047456193,3.43876956840684,4.10705598907659,0.559294448958745,2.09271800792566,1.06999879149924,7.04651191561768,1.33242125477259,4.68038291230364,3.11247779344977,14.2962466188947,1.41113088654216,1.57955990650485,0.224455427264167,2.79030402301351,0.115760643070719,2.45128885883917,2.59138727231212,5.74603507194919,7.63998051726109,5.58141655878627,7.46734648432582,1.96872606661063,1.70450858005914,1.48425274472575,2.7658843639264,1.144996011533,3,10,3
"1227",3.19284700137508,2.76484340617458,0.82471892129725,1.56565429755648,1.38303639585197,0.967747939323258,0.724885754987522,1.08633100397102,0.702951759699608,8.39964907770693,3.90231664487075,4.08634780307827,3.37387427931218,5.26370400562706,1.76444827114576,3.18548613560452,2.20546764553568,2.64315847493261,5.06274806452066,0.465870800709118,1.21244753962225,2.11416630103218,1.75210415150969,6.3335563012455,2.21263807017514,3.58184428917741,1.09364346776024,3.26890283940853,4.06163213750201,2.92636234223772,6.09897766113972,0.8146119659669,3.95907848205917,6.55289618677377,1.47127861615999,1.91112349494542,1.68454881678527,3.45541941001699,1.34353887680781,1.23929037390935,2.00287570444695,3.98613911286883,3.21009849375295,1.91678014207918,2.3213650303707,1.81918914095756,4.987288357719,0.427496074074197,4.32277571671731,4.53149938168117,3,10,3
"1228",0.984670547794415,2.71510057576928,3.0806600718791,1.98830390635519,6.11029324303712,2.25431672262586,5.0306925315392,0.846037978965431,2.35078107672456,12.2235614882486,2.34334272788901,5.34520860235857,4.06602974522904,7.50862204663969,1.901340285788,9.42921351249876,1.55700081274925,3.32928767844399,10.2828928801783,4.40713340079499,2.77259136665685,3.21410480411465,1.15600040059798,11.0172380692216,3.89071665363069,2.51375691923007,1.04785279152765,2.075558351218,0.863508559649364,13.4116707983391,4.20015370556362,4.32073821234635,2.57286029937809,1.95345552330514,1.25510470888384,3.3911571119335,0.367660684218684,4.79198104691948,1.80256093598072,1.22540528684593,1.73653213875936,2.89974922955524,5.72035386803467,4.42240634666164,4.7836918619047,2.60991487083702,6.71904080587789,0.303568604024307,1.87602971541548,6.68018592393625,3,10,3
"1229",2.36446501458972,1.58919818944985,3.3090354574669,2.24245072109702,3.26274279585763,6.88438005491285,4.69073891352567,2.66350740402305,1.06736033444998,4.8258584816895,2.11997066636277,4.81471156782491,3.89279649499267,1.63160441646231,3.31914382218981,8.25565135061124,1.99502056800607,0.696674969124894,1.65436265096973,5.64408080872628,2.53030526620455,3.03494144578505,1.88287150676816,2.57908735508819,3.13253717645226,3.02843431512038,0.932172263805298,1.55935380175184,1.98017107076089,9.71782737043582,0.617297951592514,1.17034734104812,2.15103437757958,5.93767361459404,2.52263634280106,0.900911933378256,1.10459616640703,4.19179902561267,1.63053645208716,6.4852988926646,2.01753039659614,4.40391084788402,3.78376156780074,2.16950924448575,3.24012182204472,7.47481277022666,5.87641235112955,2.257499982715,1.87932520816443,1.75666972360937,3,10,3
"1230",1.69306729339092,1.55926354814824,2.152719426989,4.65993117584566,2.69155337205554,7.6683405254827,2.81643348452211,1.77330012740736,1.97200253667576,3.00717795233288,5.0772649282708,2.97999772686094,1.53628408467181,1.42793733313059,2.2327918650142,4.5220175153604,0.839403843731516,1.01359031627731,3.27464754764062,7.38071436470492,2.69018437162381,1.93369491235423,0.34308918966538,1.50400519873595,2.84785000206876,2.29077305779645,2.64417570443656,2.29376532779756,0.704692529263555,2.49268670267632,4.83205541862254,1.50586635640641,3.08049301379687,7.91185141932573,2.82770909829445,3.87692081302016,3.69975638811315,1.13668116837593,1.23779750807481,1.95022056185112,0.978666447408554,3.68485180867707,3.92751721917311,4.37521628971113,3.24652836605596,23.3595720823871,2.07032855470421,3.0617677074839,2.7462789455832,4.59329507103214,3,10,3
"1231",0.620411713682792,0.707113572638053,3.1745399046225,2.21091209835735,8.97801214901762,1.82873886978129,1.72059469913433,3.47409658038702,2.09257584200271,26.0503535264834,10.2082956645593,2.8315950294143,1.1818563855501,1.51631977578342,6.37524128136671,2.04361182060885,3.43700176902691,0.112790267505517,4.14247100800016,1.39991250075934,1.4187130852653,1.75194605061424,0.727589462346661,2.84345263138216,1.24069751109664,1.41672328302772,2.13518835090541,0.368854173163595,2.75839193526364,5.89565968228243,3.35627269088767,2.01021926822446,2.20710771853463,11.5086711708895,1.30117589698402,1.49600097296376,6.49094539398364,3.43995845680798,0.686390605053165,1.01205178185463,2.77014062534317,4.30752922527185,2.69216973051928,2.81795349344873,1.75534596270457,7.11703766612266,3.04524686168793,1.13682489178409,1.39941217181465,6.9152271625934,3,10,3
"1232",3.34219795958609,3.2811031786293,1.56403398131162,1.85890426758518,2.27220495989022,1.30578192822249,1.47531650591679,4.28400042745527,1.54179406459956,14.3077787982529,9.01819382278562,2.10227428495457,2.33610880588348,1.58827329740439,3.08985441520595,4.59898387788522,2.07324080334309,1.17433374103328,4.43360245884485,3.97950430798471,1.79352569258703,1.89968227353803,0.648081176987209,2.25779400579416,1.85711523456041,3.18877762033954,1.32508543318074,3.66320832419447,0.750869495692533,11.8168941645395,0.668857160415242,1.33106069369931,9.56960122068484,8.20501334850873,2.35849259765293,2.95865913437585,1.3042353524464,0.946937295941103,2.31262465286384,0.916730224642744,1.20747073179113,3.21854132230545,6.35661705341599,3.76259925234196,2.81944724111882,12.0957157442382,2.07675868302967,1.09607329171888,2.26636047910685,2.27253167620487,3,10,3
"1233",1.73034963513164,1.61550333385622,1.71514181821214,1.63585714895007,3.9584490918231,1.37616582045104,8.81687703422492,2.65866434263837,1.10637506966488,11.0651626857226,6.52596232135051,4.00750662556015,1.59981372764668,3.01490191509916,1.87945950253452,3.71690538517372,1.99831761410625,2.70416977389625,1.32571233785306,1.96424311653257,1.68826045880242,3.63646806320642,1.81720173056062,1.66502504060831,1.21640026683096,1.12846673714656,0.897252354703034,2.7099626091013,1.03445774301979,6.42750547640629,0.114818674304683,4.50654376582898,2.73899680480732,3.05261570551007,1.66691150754737,1.19309952972539,1.93147033949366,2.2509745163414,3.14935799696475,0.823019037399887,2.35921217758833,2.43801388379401,1.61326677010095,3.61054947869446,2.92459386849372,1.45974112983483,4.48087873086939,1.24166002423305,1.93607622415205,3.47162642226235,3,10,3
"1234",5.26600305040222,2.74680141759798,1.67238139348279,0.996433596618792,4.83929164262595,2.33328047673718,2.83844496020716,4.64595640188525,2.26090644412893,25.144277344246,1.23570347393839,6.0190888291049,3.40280358521978,2.3439338283186,12.019558477691,9.62531597148118,1.84196603269392,0.620989714028182,1.82409109476897,2.88392714487007,0.834324495946881,4.20545436769294,0.35752981046752,3.27351732012024,3.84793737427755,4.6697391205496,0.610494022270145,3.36025609828523,2.13650344482456,4.29490071507808,1.47221976980645,6.00951043973835,4.99023893108428,3.64357678730382,0.538543781948658,3.19795403013002,0.559688884774678,2.92851009882757,0.644956645945783,3.82024775640134,2.70596972049799,2.05975902623899,4.18060718259202,4.92094453807953,1.54795701508115,2.81392927764974,4.61759542012057,1.85784833209007,2.10580338994897,6.49935939451975,3,10,3
"1235",3.39589427276695,2.20055834673545,1.90164506479306,2.22103333046245,6.55830824819582,3.0927888743594,2.96374476098222,3.27614074249946,1.54651981525581,3.84909293702738,5.64475245763088,6.04240299868651,4.19942819259339,2.41631754222835,3.0955451205993,1.98309164199338,2.15222649799988,1.2728986964789,7.58127046363313,1.23863175085597,2.51541969342916,2.47657678181064,0.884591717566276,1.04505344973268,3.6061790264651,3.02602067193026,0.473605084803149,1.26801868021565,1.48032650608099,4.77558871587007,0.626011990131547,5.18566258901012,7.24653342738907,7.39054227007181,0.88096530094548,3.34039505692329,1.98702179429924,1.12695307017842,1.24624943004438,2.44599021606876,1.92874995208881,6.64836760678806,0.703383202718659,2.82683865410697,4.30939844850248,1.36897799532574,9.56572589865127,0.772129001496262,4.58114380952201,2.43631124602404,3,10,3
"1236",5.44596450231513,1.39108585736589,2.97486300412859,3.02284903044797,3.43737027362284,1.69790352147586,1.7477035304138,1.30128021380933,1.28323062380006,5.05614439042662,2.1231494608023,5.72816592715819,1.87939257460954,2.36970712688735,3.14093530958615,4.09109609419153,1.41072791673523,1.67797257258097,1.66943956268373,3.86152259270044,1.62589558830493,3.21114071573833,0.130049745001552,1.60811792555241,2.96999114309891,2.66108715867696,1.91120049966537,1.39923351094847,0.848508000714906,7.31845181837351,0.0965214794931454,2.64594969646341,3.05835952367413,2.9091522722493,1.78415942538201,9.69466464772352,4.2612066632235,1.99793032011347,1.37288084804965,3.19338746196178,2.96279622848652,1.70467692198974,6.16320726916711,4.37457986156647,3.0936181241437,2.71354072724318,3.80173614158342,0.426957855820242,2.11746142534099,7.03276971161213,3,10,3
"1237",1.39860300139126,8.48019199223118,1.35719105439787,1.86852368082458,4.64795004843139,1.87527665464917,4.0941083818835,0.763373870421514,3.09197561157745,8.58917729762801,1.67309663194823,5.33520591728461,5.09303107800977,4.12207129731954,5.85917856391782,2.91576015448268,0.90160017935893,1.54190742666645,7.93095843550397,5.34845975436838,2.93215048832198,2.7203394987907,0.804339089591971,5.85609588132966,2.81553376020176,3.49277892398069,1.66520958596157,2.01000610309612,0.705860953446424,9.22853170568952,0.85264705641464,5.66548712183198,10.3088031361083,3.03038957661719,1.79605576275102,6.09985807222485,0.614425804090333,2.5070810002075,0.104898022871298,2.26205275610825,2.10424878142146,12.3433732756023,4.20646467952132,3.3516550902831,2.56156731147517,2.01409932143534,10.1495404578202,1.92560002431931,1.46109035178205,6.37851066317759,3,10,3
"1238",3.17548050607734,1.04783297220128,0.864160257469953,2.36072565529312,2.9304239440317,2.92490207393308,1.34859649242234,2.49087226971448,1.98136774941282,6.71394170016974,2.27593327512759,6.67256276372979,2.41036215933854,4.58657912838491,2.63027426511723,4.13134301829357,2.43939453605281,0.957042712397562,5.07654065325711,6.58682601925977,1.07323899470802,4.99621215945387,1.07180009595847,0.841426987681561,3.36802048640005,3.25001395030484,1.29633197940947,3.32458326085468,1.31704954983175,4.21674889682527,2.18181459886818,1.96313574177859,1.9165244586082,8.37947121026109,2.47460275567981,2.49773637748797,1.7374692397269,3.84921537703385,2.1170960805573,0.880856632013471,1.39144089220171,1.87727579181904,6.94101866714081,6.41736661808789,5.74696117814316,1.36889071252205,10.9093402268355,0.179596246413487,3.04730776148311,2.50307980605697,3,10,3
"1239",1.0205243858259,4.7240930790829,6.00915807257271,1.99783806265101,6.64551141036924,35.8108572005307,2.37350801119971,0.71893676889462,2.22515600053885,0.826699149083449,13.4416707380133,3.93593710064601,2.71311222036351,1.67996846368439,2.01019512359262,2.94484194935488,0.523829711761959,1.64594253541225,3.653422066734,0.451941261382034,1.85630681895937,2.87868543215906,2.16139506448687,2.89382364719357,2.44706362628163,2.46865076495706,1.74343303674082,2.14068160116878,3.35232713230835,1.68771442052869,1.38166792712683,2.11939472787907,5.86916382414462,2.99353291690211,1.56523024307119,2.97734513697554,1.76184444783886,3.4071813059711,1.139560582078,2.17892392337865,1.33075396588343,2.75337082522448,5.25947500723987,1.60257871444702,1.94944668880905,1.83097801622656,7.30884961088473,0.538881566630231,2.36463765449529,2.15237741640235,3,10,3
"1240",1.34180386352688,1.66102985392504,9.2756146442966,1.61703817143402,2.2143067615441,2.3580346073707,2.3770586423558,2.63833881387966,1.19254009254829,2.69705758948967,0.825720526793804,6.82129887314474,3.33107373898787,1.87137180612219,2.98358537557176,4.0059589304233,1.26232472598257,1.55020210228289,8.68291087064936,13.5594485066486,0.787745142012604,3.10861591922723,0.675768246270332,4.72916563584539,3.01601310729014,1.9853265257569,1.4398026755163,2.15554130903353,1.10631198430193,1.77592663094394,0.31697023733813,5.16134430143849,1.80044722778737,3.55724364855444,2.44034320248264,2.62176987928613,3.04751993966477,5.08594381649628,3.22404870010684,1.03725839557022,1.49288742404185,0.98310369376354,7.06625499842531,10.5340926089342,0.534582010892819,3.99056263865856,2.43037328579371,1.52703687294108,1.13820644073157,4.04901342875341,3,10,3
"1241",1.25822081197143,2.1403097401751,3.59686488085928,1.65676620266527,7.30390949084659,4.95378668438573,3.99031162189802,3.2818783257104,1.87639186607964,19.0419092506643,2.30744386969942,4.14550575217762,6.99520869928845,0.683192971429125,1.59930776286043,5.69042783071859,0.79252108932072,0.390335087910638,4.94067737549878,1.97977662593846,0.967726539855322,3.67480330381558,0.799629144758498,2.60393498422335,3.57404341072021,2.7296476263693,0.509547245010173,1.6231811390477,1.10725926210444,4.78330801172581,0.909058510880054,6.7003211314581,2.98902107941333,1.77472191697756,1.47445845483854,2.21309750471616,4.02713029069839,5.04171963095701,1.1028052525829,1.80388556036499,1.71707699142623,3.83365843683129,2.23642240674993,4.8101523112396,3.9678795785761,1.22267873529041,4.80374112629181,0.336134485154616,3.61601986608798,10.1132242372393,3,10,3
"1242",3.56230091139023,1.88407446882265,10.0709475292503,2.04717588954027,1.65535151313982,2.40317947006494,4.4742737557782,2.94296381720575,0.827551514877627,6.24111934937207,9.30126972708412,4.61853231091447,1.93411245791285,0.208066040560431,2.42744571044896,11.5811112699612,0.998422239720825,2.94235778993513,1.55686393029274,2.51492972904707,2.82746548518335,1.60488371995772,1.59913798409084,5.44812501293499,4.9710217076551,1.84028121275429,1.38108988578067,1.45672007610374,2.49290631289114,2.91465988771259,3.07137995055392,1.80431341519923,3.89398037222809,3.39591173641655,2.32819816297755,4.54302139019302,3.49117258645981,2.67270586733797,1.44904403347021,1.52010387204282,1.07130232559699,1.71300762903161,1.17501182856775,9.41049218546118,3.11440605732902,4.69825510285516,4.24149873617352,0.933962748236552,1.1990953842605,4.49225835272141,3,10,3
"1243",0.818532458015508,4.96823546251617,1.51104310571781,2.39141540165468,6.70212748840541,6.88758211071934,5.95282879286182,3.7110573684341,2.19716328296607,4.20642637757412,1.50746463895101,1.64480877789929,3.02977664563017,4.33217601210375,4.00454448294735,3.40671187947213,2.26616915247319,2.62381278459174,5.16402666183061,5.08583468380778,2.55226460398993,1.38656448487538,0.989009043108642,3.37573453741496,5.04388944467675,2.7645282435469,0.726224966733511,1.79174666798097,2.03559192467666,2.91081968392731,1.63140206818115,4.30091394777328,1.51611645626898,6.0464878739971,1.42342372554615,3.45918339395437,0.887580863154774,1.25118553187074,0.590793475412974,2.52473403602006,1.18803726750533,2.56612480402908,3.36420945891372,4.28713337515425,11.0014673130585,5.19078932163191,1.09624826628483,1.58977398456748,4.61019800467349,1.7273216171406,3,10,3
"1244",0.476377662008106,2.25923385822702,8.97185027476139,1.46135996364068,8.41279289828647,1.54276945337602,6.21677411319548,1.49290372218342,2.14415118463387,4.65226084421659,2.60947324900511,2.91946922172216,3.79274520309009,3.40704230734726,6.36435857176829,4.60020210615016,0.799081735216332,3.74944606456422,0.90660723771971,10.8908091988927,0.999222099638642,3.37306316237626,1.33042875174964,6.19023167216897,3.83802968541372,2.80084756726199,1.45743539184708,3.19681043719038,2.62834775466589,3.35366933624879,1.46727821820233,5.07425997792081,3.04252331886234,3.8622295017462,1.17670376705733,1.80115327060543,4.18308122256611,0.927288209076422,3.08357379891716,1.28080301650258,1.821293183739,11.8432069903891,5.28432702005871,2.92802133234109,3.67958321623469,1.25215155342714,5.03699734742176,0.752545763551099,2.47103451228477,1.47219169692693,3,10,3
"1245",0.738466703960628,6.00736834631361,1.24323675530404,4.84596076298852,5.31384110043736,2.47326994862746,6.67706601442824,2.84394400491625,1.66127736867547,9.84460963040788,3.90712494913326,4.50914898714327,3.92009064286387,1.51336802563973,5.02563215637168,3.08877841325526,0.846310468528231,0.132177502405421,3.1854300408945,3.45257852113251,2.51673406339033,2.99799860011928,0.257827322753494,2.24565179841133,0.953755184268743,2.30555929356495,2.53108975046327,1.83050647993503,1.74400827815939,2.33933370634553,0.512580816875901,3.21679019747921,1.34216441983109,13.4666927954098,2.63590948388159,1.30320843300496,2.16071149989843,3.38148183189777,0.276513324589838,3.1740482722455,2.71038191789474,2.59436156895428,4.1215231659938,2.32253260411414,6.08012800948979,1.01532207534894,1.83325286844808,0.336606047720185,3.31570976497622,2.78619058008274,3,10,3
"1246",1.43766585349481,0.6445389246105,2.38105245331127,1.56361669615432,9.60685317774772,5.93061838917706,11.6756964905508,3.48300068479886,1.73108975885492,12.9623857962629,2.35044566912179,4.7594130668107,4.56600119344729,1.7805498161794,3.30380322722688,3.28586854977345,1.21024922438524,1.2680268777869,1.47004480162409,3.05729265733579,2.01193890667923,2.38457317150571,3.56119789467258,3.74607592299312,3.44135910376668,1.68206712833116,1.97122289493248,3.88570364048934,0.900995081845991,20.1107319037624,1.67797161415317,2.88179203886551,3.18110005862212,2.48857054379104,1.84114989747232,3.46985824245383,0.918680818176127,4.6629337476589,0.29233414138025,3.33193259708508,7.31676930408389,1.82946182406197,3.27201658402878,2.08905209364231,7.75028124400968,2.17765126342123,3.72915952105118,0.360976601350527,1.92577301047998,5.09176760125389,3,10,3
"1247",1.61435643603043,0.864351500338857,6.84495531362451,0.634500413035911,2.2052437701018,5.52610629187513,0.997382084913507,4.25716850191834,0.698744542013798,3.96732457001367,0.934775786107887,3.59414623235296,3.93378746778862,1.07205135294026,3.30560648736237,3.67499025469667,1.66366418759583,1.35681565027283,4.48892316753555,0.428816324957045,1.54712344664401,2.03837962500743,0.806453068415672,7.58088698623176,3.34040784424975,3.69246594918743,1.67866861504746,1.87997870648607,1.62042704927925,3.34841951352919,0.422096531855896,4.19455662730898,5.54267301938974,4.55995049611612,2.10441236143633,3.55058340882507,3.51697789765639,3.50864897843579,1.92916622325381,0.787820188739901,2.98264445611049,10.1769506110379,3.56787884297936,9.97023851747555,2.68861275868564,1.30105430244348,2.48949399137615,0.426757669812135,2.0769646255244,2.00353553337203,3,10,3
"1248",1.1007615607268,2.85260029070518,2.05973733836825,2.45159191025435,3.14022500395364,1.87850878833771,2.93973294870508,2.16712457286515,1.64396696164375,8.7933506566423,2.01701857464029,5.25884988980603,5.07154228271109,4.08799434824761,2.80008832496702,8.15059578693433,0.884028220460787,5.30728938188419,2.49542117235997,0.419782916095611,3.71720335516914,3.72679316706297,0.663953335866449,2.21346701875507,1.24278090343381,3.47947798455745,2.28580860033326,2.91601742998636,0.776135570796834,2.54151672649314,0.708281534966352,1.60355272470485,4.45120476788495,2.29332359251119,1.50297044364093,4.01617581117009,4.29292105419196,1.56837684065623,0.768897699283241,0.284296908987534,1.54220244703539,1.92776302708436,3.84842429041413,5.95221534121691,2.16854113796916,4.89325725694729,2.84331787977543,0.322121018502494,0.668092719758873,3.21653723869355,3,10,3
"1249",1.80255004421176,1.34811609941912,4.75377385950213,2.97377117498212,4.39873710345729,1.59243143309688,3.09460477066672,2.90602273566208,1.37636458285024,12.4789535957538,0.45835108397994,4.13286869001005,2.70926877881956,4.49419754933956,2.54628372465001,4.80073552580166,1.2661217830469,2.60564530929502,2.76835633516486,11.0614542625195,2.0688192634985,2.09066400306191,1.21598806453742,1.72516594140052,1.54431894738431,3.00378993966225,1.63322024318708,0.637783203580302,1.60952113052959,2.34166284643094,1.60811836325859,7.99071493174726,7.25856764309207,6.04041715344755,1.78557620904061,5.219975734165,1.52138848717055,0.996766822324875,1.17064426287896,0.480787677473088,6.65087660042211,3.96722194418894,2.1328124557403,4.84308522363121,10.1120070035057,2.94522875809247,4.98560587817511,1.30292029386407,4.5225729846533,1.93411667282299,3,10,3
"1250",1.42633933889579,0.988203797949851,1.37792876502465,2.01558739481607,1.53259993071001,9.03626349934373,3.50203306650822,6.44039511059735,0.449402669409017,8.98589201877203,1.30712718786672,10.7570883584437,1.60153292915051,4.33653820969653,2.63294431867056,1.6225767047965,2.06154834895324,0.886739360602139,5.19681877095233,1.95375091967588,1.53596190032684,5.65474005747545,0.163923825996458,7.57498242801719,3.586751226014,3.98648061781573,1.12075157041497,3.15685734620381,5.60513606288489,3.50199112890768,1.03177658370369,9.34442000068187,4.36893316780939,4.856921448183,1.55882596768969,5.19869055394582,0.874897947514112,4.47125059173647,0.788218444987098,1.05069358113493,1.09439067976689,3.1398667784135,3.53752400271696,4.64127060565067,3.12023871583723,2.45951286205754,4.04650710767191,1.31617761149635,1.95983364611226,6.05158213174716,3,10,3
"1251",1.04330787286704,2.29184652766834,2.79369857305825,3.12429441402907,2.58057920011421,8.23924701416164,3.00906995906754,1.23237844074788,2.0502280676606,12.2524642681943,7.35266575308902,3.93709044092474,2.0450364265824,4.3415292023288,2.31502124956798,3.76241350254695,1.32278309158808,3.04991564910023,2.75878012059663,5.29490978635198,2.41835673604434,2.08423317808823,2.3034032965271,1.55113405156052,2.31536766590505,1.80482390804674,1.32120841898624,3.19555157857163,1.16862840065269,2.67976207440866,0.165908298889816,3.54466096761968,1.87196000840918,3.20962796323041,1.84872821771048,6.71551620665434,1.2901435098298,1.32867558592464,1.56663700179743,0.947576876949547,2.61447790904061,11.5089647510856,5.03995813354531,5.85606670565603,1.78368854448495,1.37092517097464,9.39720840697801,0.564970865989831,0.929991320838299,6.50969299518218,3,10,3
"1252",1.28964537446381,4.16373938556314,2.41716218757636,1.33779318346733,8.38041848063129,5.08648688764806,3.45149133867365,3.92612821855951,2.1985844952627,6.03739786331734,1.42827744019411,4.19038619395548,3.17217557847539,1.27831640703331,3.25018916500242,13.6150025078833,3.19017855803863,0.815305606662558,4.08449113832119,7.5991016729599,1.95661879904092,4.82828919467638,1.05177962623895,5.02223436611275,3.22227712073566,1.78423518272001,1.54935583779989,0.706704983203578,2.37234237861551,5.24334644768308,2.29245205800685,6.49374023092637,3.16692179725865,3.24474987280705,1.50788325110333,1.67890680127967,1.06946777293469,2.48181421586957,0.247725574577005,0.421760704180556,1.23470645267317,13.5308670444957,3.83486523826372,3.77923542547593,2.3829202182546,4.12313428750535,13.0032581858847,2.51160507056077,1.70423744540269,7.2715745496549,3,10,3
"1253",2.10315661934568,2.13635521189406,3.36353440041858,1.29932732439548,2.54378941595222,2.60318016955284,1.92947079883836,4.50042903280661,1.85890584878657,20.1498673407511,10.4693162788237,2.84483530698999,3.80072232525728,0.62464604568143,3.82347597070844,13.4419037068639,0.85476135101179,1.10954556614156,3.30682362188575,11.3759464332183,1.51034541431356,2.651390380555,1.75248812530067,4.35980725849765,3.6430316385153,3.91032749500342,1.27375396363019,0.911194716988636,2.5883426376334,2.70916428471776,0.356852063179803,3.75239290109139,3.89737707598381,8.6545362344529,2.8689184839074,2.20898096854615,5.09192230965676,6.4726285896921,0.546596105238175,2.37067785895766,2.24925858487525,9.08533505461977,2.33194487650615,3.02276849349404,1.74832188453821,4.53241018629973,7.05121352559963,0.594689820477919,2.24764995659778,1.707020064648,3,10,3
"1254",1.19255557119892,2.92976939685906,2.48128045412825,2.76380131810932,2.3973839129267,1.03443944991593,3.22614628976228,3.87586546715091,0.778879057047978,9.09244321337144,1.29349297060808,6.57304530859571,4.76454455200662,1.11570238769398,4.24755492196165,6.26686061054202,0.412959570810686,2.85643244534446,1.26897011034545,6.45163448565827,1.69888472878183,3.55600427773888,0.427815812800224,4.62424406746621,2.52552586029916,2.10115176858732,2.1945898560887,3.7496196132153,3.35901116619751,17.8529686411275,1.2638580828261,10.720525485202,1.71758384586679,6.81952761721377,0.546560147342395,3.16316987077883,1.79209894745543,0.618039304453714,0.285009556422482,0.591774106488759,4.24538539170295,2.71376431856734,0.702163766856957,4.99330857623945,1.88543588253419,6.86400917344493,7.96394524158014,0.814314468773362,2.44786860859713,2.31849738471925,3,10,3
"1255",2.62871050971535,6.3496275041827,2.53077317008803,2.84318309950468,3.94124890758166,1.44935976009083,1.10298090440732,1.46013902281227,2.25131119283097,11.8727570123309,7.17971341530203,2.60047469777415,4.14329188807308,0.637847590308501,5.41266813429057,1.58562545668449,0.93022716158804,3.69624730237906,3.21065673035168,2.04701803920126,2.89961576446903,1.84573102909618,0.88556932280454,4.21262965324256,0.753952580567717,2.88120271748998,1.78965220453902,0.60019567847067,1.72317772998752,4.22305210774763,3.73608208590437,1.83022667921523,2.77300014484691,3.02263757852639,1.47780352936157,1.76354140073136,0.586206278175897,1.66347168897233,1.49320935337417,1.72291885991262,1.1889660077062,4.5002141053836,5.3637336612254,3.19859689934404,1.47381750262446,3.27611298099883,5.34245732191083,0.375936627091144,1.06790489499104,5.41979853040831,3,10,3
"1256",2.79488949998411,1.04359832324173,5.94899959279331,2.41290193919929,2.67840943835931,5.18313818643908,3.16545363088052,3.86297051865666,1.88876275459837,9.36813411183635,5.65024051759911,8.36938634629288,3.94371849934993,3.99760645313783,4.60638641502028,1.71593406489362,1.27979189729097,3.71598934056164,4.87053167491234,7.4992278062068,4.02676876725557,1.61325271237698,2.37678493508371,3.61761262387909,2.77988616390443,1.30239379193481,1.34436769793689,2.44382436351458,1.6868583762966,3.51439315020788,1.3929785341538,3.82594988155145,2.12251516651412,7.82151911318021,0.394666197704322,5.85002410855877,4.45793139134534,1.2714157244463,2.42430124038384,1.30713245146199,3.95222477245133,2.90348323731333,4.75838204136801,6.8110504798499,2.0504645476025,8.9834565512974,7.99242162735857,2.37994293352286,3.54605590807116,9.62317841515892,3,10,3
"1257",0.432165601786803,1.33305547703589,1.42244468819693,1.94041797963331,5.99819372554064,2.44376409886207,2.96801303916184,6.97267177798142,1.03788011561805,17.4416902899544,4.56217950181533,4.94943799881541,3.69161143800515,2.35553698203566,12.2192161462676,1.97355440343716,1.63482253474802,1.71749268145082,3.58581493180934,3.95318206296545,0.906802333301842,0.832114888004293,0.977313156544196,3.20547298731312,1.6830179119106,1.63652286769,1.32153857680819,2.3812483972746,1.38710443447606,2.32116019434013,0.27456495444362,3.08002537890574,2.65940100654597,6.77268468656996,1.85542302509327,3.04257222381807,4.68220499577359,2.52973779148222,3.39877558891332,2.47969498927052,2.8776870862431,9.75321859233216,4.16223665571225,2.54114694649263,1.44554307515694,0.694112518698855,4.66132859459246,0.695984331276708,2.09873169940517,4.46901180739378,3,10,3
"1258",2.14718537684957,2.09420797081202,2.24786116090576,2.93645422540421,1.74667152592366,2.47552102240117,2.39853929467644,0.866069045299803,1.95312317753176,4.26237145932733,1.12672374700103,6.59974785122722,0.352572981490096,0.616269167305102,3.875975004744,5.10934572155191,2.56383441617183,1.25350152796467,2.24015871004058,3.28972776609858,4.5406381127296,2.1267111895822,1.27968296608151,9.81443841028585,2.72642559649324,4.45725522066287,1.62431652915704,1.60133356308045,0.613681852917802,3.40077438446244,1.65862558455521,3.0727627213265,2.46326371194418,3.973366362097,1.43058442682093,0.705321515226562,1.76254463423135,4.26515401848985,0.879039270629856,1.05782777377075,2.17649728836848,5.89156014789772,2.56715427613511,4.35007037349744,1.76045281899465,1.80513153062905,10.1017719287563,0.45612743169377,1.8989499101842,5.4404545040021,3,10,3
"1259",2.60635153766055,2.01176537445147,0.776710988895334,1.78832570489081,6.04192863026631,0.98167732731147,0.882035415847827,4.42533359553563,2.17727905142832,4.68477995701406,1.41507881628066,6.23324625545816,2.76270930689126,8.32608742178657,6.28197832171856,11.4371755849655,0.480552596508245,1.39106966775392,2.9041546047074,3.23794041269191,3.11126921025506,3.12352127990909,2.13808376431966,3.84756371820755,4.85262469665984,3.02888065110254,1.00265273652703,1.94822981208473,1.01555079145084,7.45895239580332,3.38881417110906,2.68304579738664,1.18206979037724,8.36885653374371,1.81103151870562,0.993796962792927,5.49044913065718,3.09791974582664,0.659809341634609,3.00829627376487,2.60434879582993,6.35371754070544,1.59461729500454,34.7590613396939,2.42756427731288,3.83317616975844,3.5132136223086,1.93805743488408,1.92762283254506,1.12587808100375,3,10,3
"1260",1.26656904117524,2.88353865613564,1.77003713692056,1.24793125332197,1.6852587394108,2.59022788715667,3.28993963285612,2.97463025243781,2.20816696025755,12.4749367493018,0.727852226392763,6.34930678422129,0.939055885455805,2.65545440697985,2.6911776769203,4.47786321773342,0.638780043054869,0.840059693874006,3.02184669870691,7.51830953519804,2.03274278829468,2.32359935382135,1.39455163887815,1.67340636478392,2.70819772390893,2.75215667922062,1.28034860453704,1.65366079029778,0.573226299939397,2.8215689982128,1.72074371336877,2.53694249585431,2.29206199084448,4.43049691602351,3.09116468152665,1.30989689246749,4.17704566047482,2.33901648805207,1.34895740037973,2.68076379626857,2.07894850490801,5.1627655371008,3.82449715859286,4.89657611851527,6.47937015622451,5.03070999399665,2.72550069378579,0.926892959060176,2.06128554111668,5.70544104304746,3,10,3
"1261",0.346795925302693,3.21132090010633,3.93646838537935,2.60499504956702,3.68680284325502,2.59411148756736,2.75600777329305,1.90099961432954,0.655606103206328,11.3822549824285,2.81430082685553,3.20410950866152,4.50454589049276,1.03530186665119,5.06868775077365,5.60214677031087,1.5471009137166,0.281537289857127,5.93648821374048,0.869225483445378,2.49048722820506,2.42273914190696,0.965338921006914,3.99672339919554,1.16750690830934,2.50864816911431,0.377543013562119,1.94159485885186,1.12625894158412,2.75212921136522,1.10161879051907,2.50629645722042,3.04000728296015,7.18565272348626,1.33190237395631,1.94960450492632,1.35508722848104,2.00518617115158,1.74320264925437,0.74561704229104,3.44243753426631,1.83603619143264,4.83774759026867,2.66497467223404,1.69885017453188,2.24805601599675,3.12905708969314,0.603010524417614,2.1709762586483,1.97923133489413,3,10,3
"1262",4.24357170941798,7.29118060804378,2.44391485034602,0.830585936094765,2.91898183452722,4.36059594809699,2.55594290583638,4.63931049050962,1.56692188436073,6.01996150084845,1.24669687156751,6.10780043581612,2.79734975049051,4.38618844830035,2.7961169034403,7.63698945180426,1.22923735089596,0.854375434779831,2.46446404084744,2.77913196509337,0.842139279034006,3.53236697005464,0.795416597213896,3.38577194200996,3.4588772802143,1.55152732147006,1.64319147005785,1.99026838053208,3.0304834264976,5.33908619979586,5.02263319007469,3.40992530610314,1.19041009252176,7.73415249777859,1.32475072286142,1.90422543699052,2.61198816886712,1.68717273821675,1.96986570379278,18.3352780120513,2.08704372517319,2.69657439952543,2.81075923942327,3.90505354345923,1.63546485016119,2.37542829463067,7.22899869137115,0.551078999150982,1.55001207442815,8.21179384680155,3,10,3
"1263",1.12216944919404,3.5423368542498,1.88165171725869,1.57228572435286,2.54489587581658,3.48883052837775,1.82972862482622,2.66715471147553,1.44905419474672,7.08118398408768,0.5653683657103,3.7922875777434,3.75254525188186,0.975486366811234,1.59460164991737,1.74975255445107,0.699404059319506,0.298190637867744,10.870624024444,47.9822983998517,2.22986698803735,2.31593976812795,3.8335961681474,3.04784012652228,2.73156280751995,3.33866058803269,0.974715371578417,3.00930673691928,1.37664524519458,10.9207694234083,1.38398435622821,1.62120930181214,2.05576279087488,19.2178577208292,2.16332031221658,0.974909629734367,6.43979890003982,2.02932617645373,2.5234938621265,1.2264984826106,2.06576439046343,1.98722345839525,3.92673049528208,3.62033915628559,3.51039607121412,4.64494041516117,2.7127904257243,2.66370607727824,0.940078667190667,2.76678716191411,3,10,3
"1264",2.45749372730459,3.90256083056203,2.92845050832427,2.09532693976535,3.6865012078681,5.01483198147169,1.86268928396162,1.85124661409139,0.696689587833948,5.99450149671678,1.58097011484476,2.93486520591657,2.93181675886899,3.07081478189866,1.94982542652662,1.68616597305005,1.5127579931332,0.927753072775157,7.46341257154345,3.24183054422559,2.32260286736897,4.98801912891303,0.628676023383475,6.6199260372659,2.16225561605049,4.14655345305973,2.20845660887873,3.00746699558642,3.09774245327727,4.73050100586469,1.09963923895136,2.89498322172606,4.48339109222297,2.16287517985123,0.95803483994405,1.91654329208113,7.52627556042829,2.52399543083853,0.38773458209984,4.36875350581472,1.46020085211623,1.75314238780823,2.87510252756346,1.51225862299654,4.31792902047845,1.73162886720483,3.42241938163571,2.06887456447474,2.32832194092429,4.64623560614939,3,10,3
"1265",0.445514428751645,6.14607835066521,1.83551880952969,1.48964941317104,5.04021561683187,4.64410410194796,3.10774178440057,0.531250929968396,1.26102846259075,12.8714292213349,2.75568176669997,4.350853031321,3.29787550784067,2.21001273697983,2.79986334210158,9.33248572466004,3.4060377599553,0.641598236057087,0.820984945651825,0.416283802840122,1.20191323818504,3.26276004799908,0.971646801723591,2.07773597487869,3.79710429546569,4.1382115225052,2.1877466976756,2.75378107069255,1.91828674566141,3.54893015518132,0.892914294427732,3.37820769014561,3.31633345257753,4.96705166560827,1.16008908772013,4.09637455991997,0.693799405051268,2.8914801520935,0.763507647565565,1.41260929045831,1.62128502871553,5.25337931794312,2.62586457807535,2.82979249160176,1.41658281523629,0.794693541765456,3.37619935384613,0.284506609953997,2.29477660852256,3.09226759205219,3,10,3
"1266",0.475430249594356,0.933866365652892,3.91091280324951,1.23414058472964,1.85555095625744,3.74641316111145,2.11897950312139,6.15574125722317,1.49923884447288,5.04964482509392,1.05033513979496,1.71650405442748,7.48591641469356,0.430759673036985,1.69144032212777,3.47152271429544,2.44055855919163,1.45666640603172,3.12945164607153,4.30770396182308,1.59481710487317,2.05999780762097,0.400937911896559,4.95432168656276,1.83572711529166,4.0225273157988,1.79392764781531,0.857447418714522,1.03966935948887,3.5189888620472,0.332653989240831,1.9587741775007,2.73094925365317,3.62727876562949,3.34794163004326,3.63514421930924,3.22885151451103,0.918753448221198,1.29305333688173,1.0400259431919,5.20012217590947,1.37616880463656,2.43847220039407,4.31462598794567,4.98452281331451,3.95999591815463,3.09051604534528,0.957015388553959,3.1237071843554,1.81309928989068,3,10,3
"1267",0.641705047643477,3.88077565879976,9.01480075067567,2.0959952643475,10.6219410476367,6.13024585425075,2.22517506615267,5.29835935045554,2.23722531492023,1.8527006627068,7.27096883352484,2.19939044419657,6.28065165284764,2.6423932435521,6.17716023776369,8.4370175537985,1.44543164030266,0.531347784994265,1.06840857726158,7.73180946324078,1.21727931010337,3.89659179721502,0.896817582675507,5.14282772565261,3.89331459843828,1.49940881006997,2.09419979654393,3.38869823712959,30.8621364156413,4.8366027706022,0.346728214325944,6.17162346929709,3.54477862343258,3.17332689543816,1.64338459423861,1.52514738447389,2.43016335015953,4.32533634280127,0.847197128828224,3.69596872939938,0.934949925636867,4.30034582038605,4.41008357737109,4.38516132035052,2.09863845286751,1.79023329975521,7.25421035831765,1.86444795931999,1.14808005685618,1.92808214718192,3,10,3
"1268",1.33574786275853,2.20032015528647,1.93057960787909,1.08720685593869,1.81351331367985,2.22620095299897,1.85074537232133,0.979008434321013,0.568990293472485,6.24670913643126,3.22771858601304,2.55042984331306,2.80875262760574,1.21102674691584,2.74103878177523,4.4378813836515,1.23421092987804,2.9406726936493,2.72801065116853,13.4224388069585,2.71079071007667,1.84568520674185,1.16714986877288,3.70556143023846,1.26083984206107,1.74519068157266,2.04670057262421,1.53346653240787,3.74188178074595,2.16947802190252,1.7839693801163,3.06570135735327,5.49716752694956,2.17589097059909,0.80691869003486,1.73786375076183,0.874664163295924,3.41216363609709,2.45181017562729,1.39911200904966,0.593940649046665,2.42891210246801,2.32291209779593,6.62642417209635,3.16763503113244,1.2895474918306,3.52260924175486,1.48365420841401,1.04227895561663,5.51697774868737,3,10,3
"1269",1.31670554514171,1.75800482269478,1.48075318391106,1.59402660138585,2.21747604195366,5.86255743307122,3.18933274451063,1.93540866449732,2.51034634426487,12.7116544887912,1.47068817602278,4.14868069380416,1.94170507586981,5.83116278143351,2.08626053485276,5.10673188370265,1.80506748393785,1.18618736015887,2.62958829877082,4.41220665006747,1.64161404501095,4.81699140394134,0.651528355919221,4.79530765879286,1.69069107783814,1.52949651245891,0.898062163308834,2.93702872263402,1.11927015765383,2.03606703497192,3.13287601002203,2.01403111633273,2.99096680773997,4.8999074005283,1.23257681055163,1.25030215180788,2.17534067835935,3.03039011730138,3.41384072815442,3.3650574947509,3.96645610385596,1.86069145040323,4.14567075074155,3.04535230526403,5.5923214094885,4.66922871008542,5.39527882292764,3.56216006587629,2.04162733113874,0.996171140040813,3,10,3
"1270",8.06821495257053,3.46501692474974,3.08323142262822,1.70392163551917,5.74163077345678,4.0962902453599,1.8430240860802,4.15629981513577,2.37944119495136,5.77778030352007,2.01595941957369,5.96117169022456,5.60461628942656,2.35718881354708,9.00449105382206,2.27639808633815,1.86059232658954,0.7875597992926,1.58077551152506,5.97066218713082,3.05423843321576,3.42732263468881,2.27058890246236,2.58166263397156,3.74970024618659,2.83549309958576,2.89033525921212,1.51865597797094,0.943681988399098,4.54372855314846,0.656980645951614,5.91002191340809,2.19112782638315,2.62347312611535,1.26451800912904,3.97371974892725,2.24813023914977,4.91734307415947,0.864369811927073,0.624321328777362,1.48303680763648,2.50241781071079,6.35051079856706,5.12863571494442,1.5491909935539,4.36496689122989,5.27916862255572,1.96935777005531,2.6802894044831,3.21619792623201,3,10,3
"1271",1.12977176229452,2.19440875174736,6.92312933425158,3.20917582213229,6.43041803460472,4.13447457518549,2.26201534150552,3.15017535979367,1.47950932789667,5.27924591253921,1.59444273023446,3.44710717211974,0.709775394572289,2.69297003931865,5.41919059344815,7.97327745924778,3.24255088544067,3.20534078174513,9.75340262501966,2.32626679473759,2.25662930656711,1.32323981196206,1.05480608381177,1.63654092702863,2.2179637354534,3.12916047230949,0.729661586029314,5.15671972502073,2.83809945815778,4.1339017521453,4.88427791781698,2.02602341071074,4.66462674893996,2.23467814212972,0.662506497262068,2.22027884804107,3.16005347148624,1.34936038563628,2.76541577825323,7.52908760057418,0.856610164197775,5.14585614676383,3.90897510650808,3.55564062148198,3.51910366284273,1.86061604716316,2.6127616184712,0.802618043969764,2.28075071104139,3.35710646175426,3,10,3
"1272",1.64276108163413,3.39318790936502,4.14975305245861,1.16172413382644,1.16037726527033,2.16861320337052,4.88854221024704,1.79350967903622,0.226499425760039,13.4531467121412,0.696693517013499,6.47059059004329,1.28405594124525,7.58467776717747,2.16186231883152,4.54489628323938,2.3916523908901,1.87540084862973,5.48465328256506,12.2371448495725,0.802516267778087,5.20215612961323,0.79517174997348,1.18650888475206,2.13339364287474,3.14590915136843,1.76115938569624,3.61204205481352,1.45922862007849,4.474282911991,0.765597061410261,2.94077284117655,2.79144725982568,7.32119178490788,2.04202270379879,2.18755406351565,1.34942835731522,2.89225714728665,1.24449942287715,2.54759075652567,2.88434541106242,4.94204055488708,7.85590392591283,2.41264523270144,7.06522646750583,0.832699426850956,2.32677273741783,0.593983453246496,1.30069738202722,1.65701840981117,3,10,3
"1273",0.613905141245825,1.33256918761764,3.33056757175593,1.9548472829947,5.4917894522238,9.06535905399255,0.952492553932121,1.56752643308184,2.78457957087672,11.6007158484974,6.63608655688393,3.43139629166974,6.24485663666131,2.49940083074276,3.61259916775759,3.50089480387672,1.07983040924893,0.955831003150287,3.84470354434382,2.65193177181185,2.46568669083966,2.12637639184955,1.00865106852415,4.32161566209876,0.805919034073124,2.99480702089357,0.911648819587328,3.66392768412532,0.787671759516468,2.9477506958872,0.947700405199419,3.75184080483078,2.4480438169371,4.15390983325269,0.75572935726411,0.264100411449655,3.16882842960186,3.11026343425094,3.10408664708408,0.955739350291686,0.745066047832604,4.23535811263579,2.35432552962325,4.01842453642659,3.25209031932544,2.48046197550173,3.97586166145535,2.10928880787837,1.51478665774916,2.06120604803678,3,10,3
"1274",0.953383370153368,2.48583459289489,1.62883557819174,1.10693610000073,3.13317958559082,2.95385839570601,4.2239465886907,3.66789827573201,2.15866789952768,8.52677897320359,1.13367464078035,4.64284171036488,2.40689540422495,0.661057519642611,2.7399614171081,3.32486961823534,0.344217673727041,2.34643490994239,2.41630537784721,2.13651056545187,0.615409804632451,2.49575754144269,2.06871659792261,4.39735557786381,2.76762832272525,1.7156579135484,2.22346061276164,2.86074028251491,1.03461069131566,13.8670120772761,2.67069917131809,4.87732096370871,5.06921010758985,12.2258408887397,1.44200501036965,3.51554295996888,2.32947641114616,3.68372906549694,2.57722325595078,2.16007946657945,1.05134265454424,3.60248114530216,1.64238377383529,2.38400800116994,2.76298136285487,1.92125596007062,5.77786641058882,0.132806235581518,2.12806832770942,2.54863742342336,3,10,3
"1275",0.926931556479415,3.53123067540569,2.28111836659436,2.2595418535138,7.7261396400961,3.45797515136239,1.07439731951924,6.98069864887082,0.712140677737043,7.37136525143054,0.472042241661379,11.860343620173,2.97492811577904,2.02896235486263,6.08605699663443,2.24289141776565,0.881938216781907,0.833819538999208,4.49623068725742,1.78078121525798,2.06398750956999,1.68784452628517,1.19949710460541,4.16185848314425,3.89301297019752,1.7644419760338,3.34013747315436,0.886457868579671,1.79265908472638,6.72328992094258,0.363230651360277,2.48573667374922,3.45228664556724,2.85527991578677,1.94026974681075,3.83764088445612,1.48744273332413,0.870527051917379,2.3150312501742,3.72799775377575,10.1828342160771,2.73682239066823,2.22984680760306,3.52890663760684,4.9743077517224,3.6356109767987,10.942665675261,0.569272537359585,1.50676873282605,5.83273033342759,3,10,3
"1276",1.04167837660547,3.37476393097006,1.46859282792148,3.53063472885307,1.73844986330451,1.35199932894562,3.95839923852782,6.91512500555027,2.02058932768126,1.82872635281907,5.2965617775334,5.91319035137384,3.04952305391154,4.28651645949454,3.23566145074851,2.12167649138304,2.67609692674988,0.252906123246431,3.34404294580061,6.37556986584576,1.96877934133265,2.09702787978998,0.865250544972916,1.46652895524782,3.43385487053464,2.04859018232003,2.47934414690351,1.72463377330623,1.52368115488268,7.08912733886888,0.336799410382653,3.63809638558581,3.00566523452564,12.6158882218332,1.11212059716646,1.0750613594862,5.87509683465011,3.38135301865656,1.43105289762695,4.90310634257069,1.47999641936853,3.71755750451186,0.589837402828693,3.96895912654935,3.6940703020334,2.36332892596127,4.20394388497057,3.30606880425361,4.36451825421277,2.80948313215131,3,10,3
"1277",1.95866259252661,4.22197349068843,2.23485386802108,3.93312947026232,3.636970639449,3.03418675780858,1.72395159571109,2.75079733103852,2.67314100278772,10.9842620022666,2.40901890425633,4.10543645230049,1.01975319926319,2.14606799097094,4.97123690244674,13.0782530792602,1.83737924679994,2.58877664414969,6.11434923672302,9.7796501737722,0.363346091877241,2.44432516892934,0.975195282696506,2.46068082643234,5.95573562369631,4.01670582270841,0.584915147693122,1.66774266010614,0.647872411734558,3.13532660683393,0.181484138259076,1.92213550019503,2.69002468834595,7.49888795308172,1.41235971339328,6.96939760874095,1.44822807383639,2.48973759163469,1.08134068348845,0.468271597838239,2.23000866993893,4.41549008608443,3.59452659687006,1.11872993209355,3.1389440377421,1.96565562998022,3.84392864877177,0.640130374828677,3.41007287654287,2.39001039865823,3,10,3
"1278",2.76961218210744,4.57192463832583,9.05501773943986,1.54927300868271,8.3210652898832,3.52055737622291,1.7120825684577,7.6534418796243,0.950777626275616,3.71043673887783,3.24745239916575,2.97235857208956,3.06231228890707,1.9331056717222,4.46996253886793,2.93853743065745,1.25415497633079,1.0917293974147,7.50295736002395,14.7665951737903,1.0097904732904,1.69843519734875,0.715374470003503,3.40616136520782,3.50654543683591,2.23319729802804,1.85433299763294,3.29388366381776,2.37244920746911,12.8382660317165,3.58570565313565,6.50554114438618,2.39147070005082,6.03243421250233,1.25140431666699,0.692143399808212,1.02827997608005,3.24434014358522,5.14551710508614,1.47815510001954,2.84098929878314,5.83834727145358,2.72509380350877,3.4784838578452,1.86009500543837,6.20238227570121,2.08516570657986,0.297531966149666,1.13042493166965,5.03510653177442,3,10,3
"1279",1.28254223384066,1.18495306135522,5.77994672268318,2.24012967864892,1.27634830713946,4.75412645681882,2.62762732401259,4.3159808913203,1.01253194435916,12.7147356780369,3.07187929945281,2.82643842983631,8.75721917974488,1.40553379812401,5.11230939210076,2.32306547270724,1.68081114078752,1.56246013511937,3.03563030655787,3.70575950203166,1.39235103829463,2.78171927684663,2.74749426504723,3.71998846693829,2.73566120182648,3.36654220483114,1.42814461206184,0.983545736895921,2.77482587413515,5.18923835518844,1.59681749682903,6.41142481174225,2.26700516056367,4.44235811434419,1.58120839979826,4.97395078530513,0.614575869122125,3.61456559553979,0.273105301027048,4.48754173026761,1.6633541390327,7.56572083170097,2.71478028482912,7.50787116968226,6.19435881563382,2.22835634240918,5.38533566610629,0.703647075605336,3.55176274129542,6.70549287226051,3,10,3
"1280",0.990267878429826,2.28465661137072,2.70607500022559,1.39158505470744,4.51384161409037,3.42738724651953,4.51033763097767,3.92138394120961,2.26390546542982,3.64453864886712,2.92785398585182,4.49017022445022,2.38582908274167,3.63391944157829,2.66665796333385,4.5632144732061,1.68152658899045,0.424302845146716,4.33881628263958,3.3548775470157,2.80902794152746,2.12688590855213,3.2851783221441,3.89089216562844,2.02822327164657,2.26933087696416,1.5602610541941,2.73931330484056,1.46865129200184,1.28158075412799,0.24372741939727,3.94451213400432,5.08932345999492,5.01262091139408,1.457237308275,1.97464919262627,3.04954829399248,1.62419678400797,3.71742265799151,1.18980759174451,1.54644070522434,2.75061873176629,3.23028359701472,4.6661131218312,3.00854962573794,2.64416625220855,11.4755683202241,0.310673234326252,1.88330900066256,5.06300784586895,3,10,3
"1281",1.360139156911,3.88171342335495,1.83554470338461,1.3867687207622,2.68834980171118,3.54077240679966,2.45493113639786,1.71904815299883,1.03301803179323,6.4876156504288,3.10360444313175,4.31083816137867,0.424597193729995,0.687894760153976,1.94575098564409,1.4492442202606,0.241403036882091,2.66934505156689,11.6274560298377,2.12377806024074,3.28458857139108,2.07575241143408,0.181442461293085,3.36747997502419,3.05881912448298,2.40518231957338,0.478150275947896,1.51054353815577,2.14841049413378,18.690890976524,0.702194086021623,4.16894090346666,7.29442856423971,1.81420205120922,1.58491523349265,1.44288775004345,0.853336839369082,3.84136495100684,0.270103439179608,2.06338651612504,1.1826617604588,4.67138188470887,1.02914150653696,3.25234835419295,1.87362570792927,1.60800625465463,3.42915192539306,1.22340797770377,1.39837174499544,3.68327071138905,3,10,3
"1282",6.88893155346964,2.95016650568737,1.85265030873923,1.05152429715372,4.5609979605113,4.78208299662007,2.63444409524608,2.71705967269428,1.81113181540993,19.3812470610363,19.1327717664527,4.57701756896428,1.88935659955549,2.98706128932835,2.41745551393608,5.96989668707519,1.63990128167172,0.587094638675758,3.61445261246916,1.16824809248604,3.15672079323176,2.56845318659746,1.08509768301548,1.16595748262934,1.00632266611845,1.9732039912926,1.6943997184172,2.09497643340133,10.0084386280876,6.4685260990457,1.54267457516263,1.22161812091338,2.35461415709671,7.91978644302124,1.10407784490493,1.33249133363488,0.970988413450642,2.45850283874606,1.84096202978418,1.23297676328299,1.73893531079654,3.40898289903731,3.73045103938789,4.85751740321317,1.11115851745394,2.23053757491108,6.05756752731324,2.17866305702397,1.51671302261304,2.41288308168119,3,10,3
"1283",1.01838189165488,0.258295641686562,1.4685097194024,3.75954924096453,3.14246276370371,5.11561233085403,3.96441413934675,2.54572826775685,2.11541160131081,4.52658368672005,1.35799282156665,3.84885337780331,0.833656034611909,5.14962486636909,7.14499804530334,9.56072729889685,1.55306220414843,1.77002032148258,4.14079035676234,2.18884809863432,3.29602795040392,3.40772682165866,1.10888802229461,3.97617203196155,1.43464966948698,1.73811579951185,1.5687206237942,4.90746663938042,1.05240991857897,2.51436886993169,1.04148001584703,3.90867744364755,5.95829052917185,5.75609733613186,1.93117529140677,0.0887285393317217,1.1688589344796,4.29533808139177,0.186582723864002,0.835589119606627,1.78713808695518,4.81137762535046,5.72099573385426,13.4571444414816,1.64351409954303,2.08906999312216,3.79138386066138,1.52951989546196,1.15698511945019,2.07560999894592,3,10,3
"1284",0.351167936353136,4.25214160991645,2.37692133220834,0.774930362183873,1.9847169976019,1.37519083178536,4.98157631566487,3.44576359743414,0.95516081248122,17.3322315465865,5.31198820378669,1.85959234433693,4.20604704364806,1.74612580886443,2.61802658312906,3.71182274830903,2.92418836847253,1.46755334959405,3.54551859191141,6.76709029184903,3.22838744803006,1.83631381790759,1.41325022041198,2.26408497210806,2.35929494014501,2.46275198136612,0.630618569681641,4.39942666074214,2.13428359808625,2.33219183233478,0.747333761059647,3.24324563308694,3.68523554210635,4.70372874322875,1.02883167183585,1.47877056738495,0.590762524940961,4.1212797571691,0.226208417389354,1.85477617246743,1.30607487087744,5.4520860770929,5.42174454786722,3.83903960355991,3.0871950980319,1.80260862424223,3.16170809116824,1.08645547916831,2.43821910835328,5.98817818954838,3,10,3
"1285",2.09186539658813,0.952802777687418,2.01851481442647,1.33961639983002,2.58066512558171,4.18500634674865,5.20166203772593,2.08590442824359,1.61675778313575,7.4441957497343,4.88501085185991,3.69457327121041,2.09600616511026,4.90163081700248,5.43268332709599,5.12383646440911,1.5667838519973,2.45065100794376,12.8139302222203,4.09821754896983,2.29535941831491,2.38099694118791,1.59838178505254,2.28271863121073,4.79056675288591,2.63792446610383,2.6668963906661,2.08909858207615,4.65476722339152,6.17563125811357,1.10183164103293,1.27071011218492,6.63841464599386,4.62668154981664,0.755838567925774,2.62832070298628,1.03442777376375,2.96411226122378,3.0339095713461,0.95196863326029,12.2291095698697,3.6317730083117,3.79204353797242,3.07865242088153,6.30787122546848,4.27669476403643,1.90304486594539,1.37548454118421,2.16834218785822,2.5669335900113,3,10,3
"1286",1.41674470962515,3.38206273048751,1.42141855268826,2.20381007617614,2.81535058135438,4.33898840900437,6.66945646586719,0.635014638233022,0.88008002348022,7.32649052905304,17.8456316506654,7.04099211664318,3.70794658628566,2.26530615073798,7.79304807449979,5.18703048210495,2.96892241063459,3.26603594143927,4.25758381199417,3.56094229801646,2.5393265317236,3.31963399026495,0.689130525118064,3.6787636117856,1.05234803318899,2.19862531063953,0.884286121299018,1.46262310097736,2.70042808839741,2.37446823199092,3.97692666674644,1.24932551779365,2.68480445137599,2.48380811034647,1.42725203676043,3.92917535376483,2.89749052341725,4.1017396549752,1.92554145803165,0.207463247762362,1.32643392014203,3.16100473425947,2.78071533754494,12.5764566688652,10.7607122048798,1.22991806424199,5.74441371772838,1.86929437307801,2.12620866273758,3.54065907894018,3,10,3
"1287",0.328409129808199,2.22910614498467,10.9573133807939,1.23814225927486,8.97611785784869,4.70789685482291,2.82546471270609,0.995851872645629,1.30113647745757,5.17737320970878,0.864490377779312,3.64271203428874,5.97038026074188,6.34660636411467,5.40761888774035,5.18903952107048,1.0261992260567,2.28528190888772,2.91008006568145,7.98117843124378,1.94962978978964,2.28090668427076,1.757749976789,2.13014340109338,3.96290327837579,3.01442593674587,0.623042659828814,2.01387959313553,5.1377578985619,3.24842551078846,1.20806469786975,9.19644553361536,3.24624162223336,4.68792371901884,2.04813481026634,1.63217038898888,1.27134591359872,1.07578741651577,0.328466255508575,1.21909792745662,4.47182463745866,1.66285242025772,5.79986199375489,3.80603806993221,9.67568513716649,1.37802661752427,7.27189022934956,0.186747301859136,1.72947510939159,4.0441825838439,3,10,3
"1288",1.65690397960898,4.71784263386129,7.30573799213702,0.907169357702897,3.71798020351913,8.9786755300125,10.8116766626483,3.18731223227156,1.33409761017595,14.0048446557688,3.79537976734691,8.29894072023131,2.91131695329849,1.22038715664383,3.86483296101773,5.77507302141222,0.764884730274396,0.636530388096698,5.03407889522175,7.48307120786691,0.926783905415059,2.28983802162005,0.51867367549251,5.0894982195048,1.96664331241595,2.72451002973364,0.898240418078672,2.11711416179329,0.930845837631668,1.15177260503056,0.307077322686554,3.40452248466274,2.42968423055358,7.06563382333182,2.29983031418203,2.31261121015241,1.54449002704005,3.11379368493741,0.56932708108105,6.29349016310091,2.24152894694371,3.01357242061931,1.90936982820568,11.8490311431303,1.3633756840591,2.55918760867288,6.9574204525819,0.723462085154089,2.20424973950791,1.469670792981,3,10,3
"1289",3.20664676404,1.42782556767703,2.38776891195195,1.57377869632383,6.15484623000992,2.92405343464562,2.3441551852949,1.08248017737822,3.00925755025012,12.9998112285186,1.24833621582104,6.20359142655948,3.54627031341086,5.52318117061648,2.88465876349884,1.99990216667893,1.55805958757802,2.62182796328931,1.93685963544691,4.54736271045218,2.37105265410301,2.15378073116208,0.264307013094905,4.49122406080408,2.76118102594189,3.02991578519829,0.552117743614262,2.85764276923487,1.56113357156034,3.23498540090106,1.0727653444062,4.5608570198026,3.35674726385642,3.79299284695275,1.03895668443054,1.46046243417675,1.35987897745355,3.39307199247729,1.94712619559456,4.54083983931922,2.48713058342684,3.53723235558317,3.74123949911847,12.5763352687895,2.43444807348149,1.41054403268561,5.97394165547766,0.876709893874154,1.68680258459093,3.71904842891538,3,10,3
"1290",0.928782382279483,2.31894638206645,2.53698873422514,2.42326790986311,2.24526275708375,1.74238215239743,2.65101069541343,4.8877732353949,1.04392836926966,11.9811733188995,7.21350678484111,20.0156878680691,1.88441078628914,1.3632722704475,5.75081616637508,1.93118052048696,1.39467370702247,1.66102846127438,4.36757094019949,9.3906145872618,2.26927461440967,2.41857831020812,1.56277394728368,3.96976075776256,1.40355411685092,4.53043085652471,3.25734873804138,2.98639710468208,1.55993555475801,7.77596835520115,1.92226663474117,4.24625551728486,6.27134055231007,3.37957733999502,1.7988465266522,4.90013303248911,5.90815430672717,4.75547808053675,2.87313534999089,1.23927846211869,2.86053781311806,2.65031329937472,3.83746486534104,5.09841459479685,1.36807350682205,2.46480097764026,6.30264558955496,1.3551219662532,1.68546359627324,3.93563476141854,3,10,3
"1291",1.04857341698648,3.70363547559991,12.0885754587207,0.898884997624599,2.33229611715433,4.29824746252476,2.50860155259282,1.47365549041358,1.57085353642471,9.96915047900332,3.05261378244847,3.53563757852159,2.82603619427296,3.22180011098759,3.10148802383277,3.75176093072086,1.31840268328604,3.08730470961198,5.10294695361989,5.27329621195257,1.06141258169206,3.0043691519157,1.87811005223421,1.84226313493885,3.42870298050764,2.38193686839701,1.70990087382034,0.848476027660933,0.824028363297714,4.7574447867358,0.742946086304653,5.24144292585228,4.77801653532831,3.05955244535929,2.0296235635542,3.78548599746615,2.8823968954766,1.39589040147089,0.482847996172069,1.48569538688429,5.07732532490792,3.91569973683814,4.84840408458464,1.93600532141039,2.18726351595719,2.88677854635873,3.5893981420837,0.675696015913043,1.76536901142165,2.75558518667875,3,10,3
"1292",7.84978162998457,0.486670735166496,4.9805349365126,1.7289350003264,5.91315397104897,0.973483386877175,3.16205079205516,1.7205846108334,0.523999607782028,6.63620665188568,1.83028710114633,3.00840330357677,2.68649163745134,1.68632948847646,1.42603506294771,11.8342846088783,0.331839941139054,2.22153798066078,3.56840537672057,1.16870918941869,1.04712854461748,1.44342442136816,0.699489587203111,3.88155569946208,5.13790153215229,2.50175019575285,2.1887455310272,1.17994511795146,5.40336368889082,3.35111048479273,3.35534793379596,4.93648801326033,3.41414717006494,2.66317163844696,1.22309843467961,7.20515440427744,1.27989289506181,2.7692385187755,0.532054438159923,4.73192407658102,2.90659917953353,1.3465619653739,5.65836250035756,3.8908975591609,6.55260060935106,1.30630911372891,5.49207414120302,1.24530556424702,2.79050872727047,2.25067256488646,3,10,3
"1293",0.776478745460801,1.80543304806165,4.23664190559029,2.0894416346691,3.80880491661725,1.66336770575202,1.35979289933033,3.8454516738363,1.31727219976765,4.61344612497229,1.43111755744798,4.00095072572569,7.47990318211325,6.80479299175707,1.60074953376246,5.91839363248533,2.26446545354958,0.273769929193196,3.46793682163083,9.00694987986802,1.42139824842392,3.0348085942265,1.0655706769261,6.82744271119665,1.39553358951715,1.76175870822848,0.965297215220854,3.94000516744982,0.819439406830716,2.4863266746719,0.140275607912019,2.5569838728613,2.01745614541773,6.90641566724883,1.59731865661183,1.03219713269568,5.49004884579616,1.08712374936634,1.06491560412012,0.928265320178296,3.80319351025947,3.0144214451888,5.78872436236363,10.6989259867377,2.1460568488945,2.70959681025464,4.50897549806905,1.17945124727935,0.878400467871579,3.5047233598604,3,10,3
"1294",1.23750141864426,5.38907050833789,3.13087536692397,1.7498167796439,2.41644307049641,2.35646627607222,4.5140211568026,0.360138060041623,1.80496019008958,4.89491617252243,4.31433196101704,7.42329316800007,0.779819480495635,2.26117060397358,3.84099162914479,13.4167054443112,1.37892464055976,0.637144171781668,2.48958522242277,2.46853285608369,2.73006513948439,3.17056628245438,0.991954925962595,3.13442016132267,3.24684969587208,2.09175722992163,2.49094666867595,4.12017715736726,0.731362289683757,2.64697168544274,0.372725494609481,6.23222418292026,2.55300198850567,7.58578213159864,1.19379399326203,1.02877673858037,0.81693076055245,2.7218054515008,4.48400946838538,2.5587249142785,2.66506247210359,1.40986821360227,4.11354509886433,1.52991606415499,2.36495823968035,1.47986625710351,4.96998311417575,1.69728840331904,1.14794886991988,1.16177081641551,3,10,3
"1295",0.701477975898838,1.61696517745748,3.02177982173761,1.43068310479332,4.27524066216706,1.35818373566794,4.84837934342966,1.39666323634832,1.2427703872229,3.32994850552641,8.26948016889796,4.93753966874135,2.31293020154887,1.57393884204969,3.83129080912254,1.77574747545435,1.07401712907818,2.84068532154219,11.4977038599875,8.85444817421019,1.42147086943812,3.64493956692662,1.72283602242498,1.76473567061606,3.13865640118308,2.91445633235579,2.86421306657992,1.37871420985182,4.09088907351683,3.60670728260284,1.3264667942291,7.70780157812724,4.96747776599253,7.43372646652422,1.32461644757148,0.158499132758047,1.86344636882866,2.32487601199792,1.22603049139151,1.03509012680068,8.40747903960054,2.84129888434655,2.77421310118682,6.8821886132563,6.01764656020903,2.51729689731438,2.60062733499124,2.11557618190598,2.3731068648302,2.49616447956559,3,10,3
"1296",3.95294179008475,2.34772826671163,11.3076047371143,1.66101516117032,2.12152959242046,3.10129006475786,0.688461418922983,5.66435783536398,1.99411457564481,4.43789918384999,1.08355812994813,4.18787704642711,2.99581028114922,2.49373179053541,0.772170531453921,3.34168623749034,2.79848271661272,3.04547114658392,2.07919016304163,3.67908566720181,3.89225354426551,1.8939338582525,2.07788322340808,1.97570996182831,3.51320545345834,3.40064041165109,0.836832245045484,2.03976949024804,5.46667527007334,2.69498693374162,0.819429106058623,2.0105040355215,2.52989212995696,8.61900304065486,1.70970201097372,5.00974665688251,1.41947814254823,2.73308416033602,2.42556337696453,3.50374361297155,0.79058342748714,3.08545715533325,1.76594620409073,1.72488772847066,3.8867950097498,1.17578581522125,2.98288578518755,0.373105048379739,3.46287647805036,2.8566420480433,3,10,3
"1297",2.39297442179813,3.2461177218131,3.67897537514348,1.82221535025332,26.6504465648874,5.51032773811429,2.81303033925034,2.83809968652963,0.573737974908227,13.3311389955911,1.24949086003169,3.68154660087936,1.65009215662942,7.39806886516592,2.88751693663067,5.22358034580772,2.64510457253941,0.957911230300638,1.14653224162139,1.18995635517849,2.21613872341134,3.76398249767518,0.487180937520987,1.53558840515334,6.49828049485328,4.01841717048663,0.711098177372147,3.71750967789003,2.04845017239517,2.83512848418589,3.21707768652227,0.609395990332835,3.30253899585436,6.14855996834611,1.74599714782855,1.25120780551,3.90840138556715,1.51810838181546,0.237402989434213,1.2407154726141,3.54713789657978,2.41224415526638,3.81249476138664,6.8660522023045,11.137948774283,1.49781509540228,4.94178685288929,0.875707823467116,2.5811480896131,1.67231393316338,3,10,3
"1298",1.62929673173564,1.69059117103685,2.74090544258956,1.39437185259274,4.79574343637334,4.84344535666528,2.4789284194733,1.03744036162071,2.68678004912007,8.23411736543765,1.80017509433183,4.15403653202596,1.28767271655622,3.08786216525572,2.72993413880546,6.82893723027563,1.49853864188327,0.295880351865299,1.06009646225821,5.06777557499264,1.45933919581073,6.52115940447143,0.699506036814689,3.69287700176926,3.12926953336725,2.37058361284061,2.13508134320101,1.66314675943408,1.6396447051224,10.2516436592459,4.37801590271359,9.07692450864499,3.49505574536159,5.45720316274229,0.950786125848323,1.30557924111347,4.29867647261305,1.00310025503547,2.68233226126191,8.62501676973691,1.49731136294148,3.24976826160328,4.66966015545885,7.15159640321742,9.77286448466857,5.02896856759264,5.47172647644883,2.03486402225641,2.49861053128866,5.87276143585804,3,10,3
"1299",1.6102549697788,1.7495529219593,1.74066362857547,1.29910374627577,4.13371435593922,2.18121677884302,3.60815689751896,2.7465061359756,1.92345876608698,9.98972255986401,10.146604680467,3.94026074794899,2.26676734941652,0.810139428109298,0.768280544832158,2.25303684702396,1.3639230495657,0.84747504997247,10.769701153088,5.15333671636546,1.14926564902511,2.04376452844392,2.40617695400499,1.18470434089022,3.10503309564873,2.93899019894027,2.2563426164282,4.08025629451068,1.36453982466107,3.13091696244749,1.60968196836472,5.89992335487439,3.90244998324837,5.87550592819293,2.19223666655261,0.815924786413439,2.53934845681105,3.58815380235195,1.15329448146571,4.08288468083197,4.65774019762778,13.9743250213366,2.4444527992726,8.76383762603021,1.35142733639028,2.13379499008658,2.6931859310519,0.116504884274813,2.13448158547187,0.753236592800588,3,10,3
"1300",3.73296890806079,4.2196091224607,2.69049451418224,1.63007941148065,7.13544506709055,1.73393883150478,4.89816619060667,3.95510083175145,1.54598483161036,11.5117741335614,1.07603036431109,4.93236315384336,1.40040422055362,1.45130857421101,2.25777797287726,9.43203673131066,0.227128403293706,2.39148604985864,4.23212896520651,4.37241530432285,1.76634524608332,0.973555299657741,0.931647434199614,2.48908540566327,2.91977618980138,3.76830136672414,1.38948352564974,2.95201276593347,0.690506254127127,8.0255589230174,2.52543118066478,3.2580159767514,6.38333710037705,12.1306344381619,2.55493124722371,1.33805334706289,1.49240339183573,3.91774357231617,1.03636925246435,3.37471107759239,3.60248850972017,5.75664150588366,6.44937594071987,8.66316818810009,1.60883109350409,4.35277943645234,2.33308414644776,0.466009492065722,2.48698871786548,5.71465359475929,3,10,3
"1301",0.820735919612869,4.15070838033171,2.38960352861202,2.49988867859331,6.28555379438834,3.26230871087384,3.71075279536159,0.499901370038285,0.620189790610711,8.0367860528718,1.99704381474811,1.48235448667943,3.11890716441879,1.63258153944933,9.53226254711135,7.0198313089485,3.22125662046524,2.05809520033057,5.20998977896443,6.5271307411061,3.34610446811137,5.22263861997595,0.92277222437527,8.44326167495208,5.70143208151985,3.52090973058501,1.20005758868323,1.17891632312302,7.04722039538276,1.04538173482555,4.22192276085108,8.63291172880459,4.70927730886356,4.5395427540801,1.20419570207818,1.52552694973628,0.517033089888869,4.77142008419495,0.180936479563398,0.878436221984648,2.36084830971782,2.14660810821243,4.4250855466669,3.17448030584214,5.00383004525209,6.39556467247359,2.14929278994102,1.32452561099513,1.67179565292726,4.24223521940822,3,10,3
"1302",1.97150554643717,3.85444467709655,1.43882207147328,2.58588437104316,3.47706351810314,4.05035339897387,6.02031409134528,1.92135633009846,1.45814612658796,11.6376013602591,21.4946778322322,6.73718755164616,6.65927709263069,4.1630223570962,1.67588326078409,2.76590871072207,0.789042258010197,0.0724290060689338,3.4966961713164,2.04872911928994,2.47657099602445,2.65893676077553,1.53622924172032,2.99877821123249,1.68909244287628,2.55316556974983,0.471063856229597,0.712367440212948,0.64068121688095,11.8575305575533,1.28099914500563,4.71634796931844,4.97181584637171,4.32982827295032,0.80758648098005,0.787080802901313,0.435113667865918,4.81870411540353,3.83007705957125,0.553633961778488,1.27385883969937,0.824448707309977,4.29649347743536,3.49671206165536,2.61841911230448,2.0561873366894,9.58897249138838,1.53179919682447,2.56792860699332,7.22996664899379,3,10,3
"1303",2.2742997178612,3.62678712649714,8.01321992099555,1.40409675924168,3.00511316248747,1.76022403782085,3.3681819513621,2.68548886527898,2.2018211568921,14.1942594821609,3.90525893723862,12.12884418869,3.05077508928149,5.33466712314431,1.67397395954994,3.84684851805355,2.83169173157226,2.35263062953293,4.54194096251777,3.96675645418681,2.17538733737601,4.70903171592194,2.93966295003866,3.42423679785144,2.68952215778857,1.72373062523259,1.46532872397516,2.06132446964504,0.608468775984636,5.54706363720649,1.02965677334963,2.85293948147472,6.44846260702968,4.64430213621997,2.23450761295894,1.30168942327036,2.04305239529267,1.59200065526697,1.83456491274327,3.1985694751307,7.14495508826988,3.43887882856405,2.49555762168381,1.01166326884174,3.68347097764811,11.5677018173041,2.84830837031649,0.985925648710171,0.30771704567606,1.60838682864485,3,10,3
"1304",2.38781977467929,2.2875856506604,1.65960227098454,2.0669584395487,4.89566872361831,3.85241175764215,1.52128066415542,1.96602512254473,1.81839360252314,8.66724986739856,6.98395387752957,3.89311909246107,2.04232185773382,2.45033115239642,2.45949064337826,7.76603347590349,1.36287809388269,0.536345876804628,1.82965054439591,3.92735353107409,0.84194530700364,1.59396924328477,1.19465352833279,12.9632177516546,3.2244386010326,2.95299311259613,1.03462882812048,1.3241692559916,1.04016230807073,3.21164543071831,0.144886856837694,6.18932101740795,2.71188871704445,4.59774865910149,2.24804531930171,1.22398049392613,1.50057637938649,5.59452886058544,0.81402740197284,5.12667601056395,1.28333190189293,1.25307085370373,5.29449790958654,7.99243638656055,3.968077096234,2.18847158104322,10.2880628848793,0.367956512962422,1.99221005872787,1.73432583447926,3,10,3
"1305",1.11113227223287,4.12834502464647,3.3771946105615,3.05259705792533,2.26321887478069,1.11102430492317,3.44338753294916,0.479615609031923,1.09278461628639,8.51897291461248,1.79155516057326,12.762517413583,0.182356121564357,2.52268532614819,3.74107481901007,5.18483900413892,1.2870267842453,4.19262696756912,2.29279416689342,7.23473147708508,1.92068140669699,2.0600163403263,0.86451294028044,2.70201881516234,5.07151338642956,1.63644575455788,1.45401607684535,2.3135682216115,2.69625319400197,2.14829033605328,1.35255690207282,4.03291497400955,4.28011519148602,3.30692530988985,1.15642469657873,3.04889418638683,5.72755519371371,2.32264907259563,3.42328219339324,2.61169069433326,1.79348470723626,2.45593531325405,3.55766706013394,2.64021572418672,4.74981920052074,4.14737044711958,1.05333314658241,0.35546785428467,2.42936779043636,7.41153002789427,3,10,3
"1306",1.5980444098111,2.77442129903647,2.7629259095626,1.2661412423743,4.31282414683639,2.01994167699148,2.2397793357644,1.94836105517673,1.38643434868335,5.2553894097231,0.681007254043048,1.92888373170952,5.59071823447786,5.24204062889035,2.84142521356643,8.2368388558705,0.939998470991633,3.19363750447371,2.6256442635899,5.61327532661445,1.54463549685014,2.77508868007987,1.65667807599311,1.45740670994109,2.30604643020689,1.72496052187877,0.97821191226976,2.67632755859754,1.01032758759754,4.62181919527407,3.64582435820629,0.627225686054542,2.81959047255785,1.64041234204953,1.37328302095542,4.97769662353637,1.71902143609459,4.38185569424311,3.10131018862412,3.12046192889426,3.12255628255852,6.16501109118844,7.69723689361263,3.46984461545564,2.02035018656626,1.98575772555819,3.83199814033341,3.43835995041155,1.19372044478632,3.25303601572359,3,10,3
"1307",1.33200007816177,3.53573639022913,0.732608235484801,2.26593799672174,2.3431910009552,1.347137311079,2.45144043103929,2.7509955232148,2.2604323629723,7.0643329692265,7.15829274550957,3.56228363104003,0.439038765679843,1.79428014463448,3.74135798736146,3.27531397587579,2.04126544336913,2.28129898820047,0.838446075657993,1.74563574759032,1.05391237638882,3.61564027997148,0.38323282637592,2.59749401790412,2.1675765849541,2.65599778833447,1.23940926508913,2.22318460848601,1.59378264853785,5.3676910027716,1.17538132875443,3.94540297635421,2.16631564085292,2.776269740663,0.523201298407188,5.56984647087236,3.35281733042793,4.27037942198045,0.578312924668209,4.90832514941112,5.10883104572215,24.895996359253,7.94438455904668,2.40228673673434,2.51660473945972,3.81403504764738,3.09475605318208,0.0837355284517546,1.82149468876812,2.17810695790722,3,10,3
"1308",0.779893308994604,9.27972269813401,1.3500287939449,1.37480129727406,4.96874003106256,0.853555302873413,6.23744841545076,3.94737438784337,1.94138363155379,1.66062396069728,1.6460528308153,1.79554590528055,2.32542785374978,0.876765600397183,2.91434193801053,2.47357342174279,0.765617577530977,1.94294691197324,0.908231711276016,6.76551599456332,2.17592714226243,2.61845035503215,1.97828432658143,1.43312743451968,2.07179381684049,1.90065793013246,3.34799232117407,4.43933725797045,1.49102843404528,3.14382385943068,0.776928117054985,5.47073388021204,3.30487287518857,8.91376366992357,1.133344014634,1.64685023489705,1.25341804728931,0.84930607959249,0.529444752197713,0.276835857264726,1.30355213014723,1.89910586897396,3.2893341616229,6.05408980608837,2.93333949375166,5.32450855171673,2.57362616778051,0.517674877184061,1.88884647590138,4.31278152941166,3,10,3
"1309",1.40266817504673,11.7147592369169,2.58307497410714,1.89889041182593,2.86200676443198,7.24897439090718,2.72441757035179,2.85693137623487,1.65129341108594,16.0630216599455,3.51873752448507,4.9259533513283,0.494263781785999,11.6441078908344,2.64412962456168,9.86989490502097,3.25320045749856,2.58409041826756,2.34522278814456,1.36852107964203,1.31938830049287,6.09461909082002,0.348637980189323,1.0063470765891,3.45714481347655,3.47006773877021,0.48792285260572,1.36326881744189,0.742010404581408,17.1506632425949,0.203377407485843,3.69860353163572,1.81718072101623,3.91878231904266,1.00274408926805,4.94517572308952,1.94263865615799,3.89904650479731,3.33071783296801,1.38941223009394,1.34427322621519,1.56685627949313,1.94628328592607,3.59419644541834,3.11980098891861,2.14047814106308,3.21917409091666,1.43558391577924,1.76308387770164,5.54079700357066,3,10,3
"1310",0.453631439287235,2.71989173910783,4.02938477500802,3.03033747174486,2.44717257630648,2.91220666651696,4.65398717672187,2.20954894671252,2.192004593555,2.17536704542437,1.58856498622371,6.89650539294231,4.43096631874798,1.74179831229671,2.019190226453,2.70383815379729,2.2242319495824,3.69420195657067,2.75122734109693,4.84878505183272,2.15988380751965,2.513081977043,0.717233398070801,1.61510789982268,5.56657683638826,2.09471854713052,1.50628952926098,1.00919617337003,0.960042033340179,4.47471010940937,0.48239224647112,7.19461998951557,1.56818004873861,2.71791910666145,1.64251295157293,3.25500336349869,1.57877633099073,2.16931332767331,0.53330901824541,3.47307209304475,1.71515250074862,2.91981484108195,3.72383807226167,5.52942764433088,4.029011369086,1.32777072469279,2.13912062929317,1.30915425391588,0.279540829956594,2.26949181433921,3,10,3
"1311",2.10409240563953,5.96427591192354,4.32752199717111,2.2896521728202,2.71771087818731,1.26615486575686,3.84357117858084,0.822892141919825,1.53595131522428,10.8656976594993,17.9522624801801,8.25842588586314,0.639476332312042,0.424639764958092,1.69173397644119,2.01061717220066,1.2471003694683,0.812059573300594,9.46356335317855,38.9523835616436,0.972294872082721,1.95645286050805,0.890087361994898,2.44550476006377,3.68316350675353,3.37960937388906,1.62836701324624,2.67838782794872,1.78108336138438,6.19648771713926,4.90406752737755,2.75297519351576,3.88121755827426,4.86074452951905,2.27122405261022,1.36942218628786,5.05690898080363,1.56860976825906,0.696271645224331,0.670997742208125,1.05866233446551,2.71322671333594,4.79589814567413,3.26454687861093,12.2922674771288,1.48882319436916,5.64730838436694,1.1221221048455,1.68507434665797,3.12847270949271,3,10,3
"1312",2.79862094487636,1.49158176589798,4.02337411872708,1.31396366641343,5.52350843569713,3.14752603290083,7.33053163388503,0.847886941040944,1.48086366901574,5.52409490103185,0.981720965340777,5.58694975839849,3.45561664981971,0.665918945755734,1.62542475994287,7.59467778898669,3.24020314250142,1.59623403062539,12.5552595810228,2.46175358432873,1.72680869873034,1.57949001368648,1.96325075724828,2.65557718424354,2.14085395371771,1.97883217641055,0.81886441246698,3.6293632101192,1.78829821187091,2.52381764694158,0.611967905846739,7.07549766758687,2.86155749434707,12.3405395317508,1.07632189215416,4.04172604104143,1.96944831632981,4.24742904497168,0.761493959557415,0.758193772635567,1.89450366617539,7.93447072763149,5.37082527952101,9.70157197714989,2.06436036978969,2.11303826600434,2.42100938672393,0.879784918184834,2.65297719454545,4.21980708691211,3,10,3
"1313",0.452656768349157,3.66436261502345,3.10489372689167,2.64701425337822,0.846843829979034,1.95097242255872,3.25837198855304,2.20117320347429,1.09218166844835,7.06388750756781,3.4969317982291,4.4947510069648,2.35149049769465,5.28644126811979,6.95580089839802,2.06121120383942,1.48436469030992,2.74306809774847,11.2101487010576,10.4522156699872,1.12895858005912,3.17477484798408,1.10722888836495,1.68079923395889,3.44277874529566,1.93832857744536,0.618919466762646,1.58838278016934,2.42689766203239,5.65488086123552,1.65614176574146,1.37255139622284,2.66042099650754,1.49594568573639,0.950277189464602,4.23314654972694,2.78171663864973,2.65986424982633,1.43805838180962,3.16241179609007,1.42794231601516,1.71788919584244,1.95296232076645,1.39161552992895,4.52770153406898,1.29203409093171,3.96468206214841,1.05370590942567,0.869259040350393,2.65465555092536,3,10,3
"1314",1.34439458488679,7.1811107181454,2.13293059153157,1.14541003397566,4.66703071339254,1.67854267466343,2.67406750298732,2.79051782630924,1.92835315852703,10.7252643604919,2.93709778856286,3.39647746001094,2.83167734497078,1.69096244302204,2.55132907259904,10.6547485634413,2.20711674567053,1.48322604902145,9.10382101687148,1.52888367820036,1.45761091393843,1.29779168726293,2.63889365977332,3.88661888112731,1.28858838630856,3.55377376540557,0.73760386823789,4.00935112877609,0.570926185296657,10.8225725823891,1.7044687641005,2.9675135433453,15.7774749596064,3.81531402332379,1.15824315955565,6.23461752138826,0.95336573345323,3.97820167553309,0.826328653577891,3.83659236187435,3.11593507956846,2.1709208306092,1.60734564992418,3.05773969556325,12.0257757890225,1.17232286389259,1.60937239775168,1.81252184217342,3.87874210780513,8.34140133315668,3,10,3
"1315",1.37854272710539,2.65152509271402,6.36935231795414,1.03612162000093,2.7172642884243,1.61111057105543,4.28077896788139,1.17588023378257,1.60210507875709,5.26389300965559,2.5959650308772,4.76362584249581,5.00716869171068,0.874933010935965,5.13621051036646,2.18721029819609,2.54950531003824,0.737271903390498,1.84547730660287,7.8861071556054,3.42675561559722,6.2252216954114,0.815616520772627,3.15258817959226,1.81479404766758,3.71390477815006,1.53545618147361,1.79425535859001,2.58828649932658,3.05602697671594,4.12077729930008,2.64165072840366,5.36530730364925,4.21623464373695,2.04041528096877,3.54704306300347,5.09624658730708,1.29266380520237,1.53965439127101,2.52512785267095,2.7884669352303,13.0319621751248,3.68901537862185,3.54648988833858,5.4967912708555,3.08733937857099,2.30656920380065,1.81630463758776,1.79777156443482,1.86576963248217,3,10,3
"1316",0.460073856330089,1.02660567285042,1.82155024203037,1.00599283067978,7.74200330683513,8.03227850832329,3.18106687376026,1.27130697165108,1.59517070260297,19.6717084708752,5.36665277026645,6.70015162611398,0.912097033012348,0.829871621429634,5.28488822752506,8.38166098980853,1.31671453807078,1.10170273920278,7.13608968441908,4.76348058001468,1.29038673379069,2.70243218599843,1.39035609555416,1.57795823608454,3.6660204778683,1.90402694428982,2.7965245732498,2.25562563800974,2.96253343802511,3.20288893531739,1.33576207952323,7.87059679181083,3.31351460716677,2.63814590940496,0.851464086888256,5.77079085246601,1.53860632675822,2.91294243450378,0.175358793411185,1.42704793661231,1.62436624608899,3.4259318125766,4.1204896490023,1.8951202158385,3.21266102856687,0.945296905451888,3.96886115181971,1.81402567711159,1.55715901759729,2.27379533660971,3,10,3
"1317",2.03576961449191,2.68373097728107,9.317188763276,1.30618784720356,7.25445913404477,2.16876534595278,4.61871715974522,2.14047131334613,1.67308378991567,8.40664257216992,2.11942332907252,3.3598072942542,3.79590908979296,1.87922038745707,6.01349432824423,10.0769001696057,3.31598351690411,0.718756896967062,3.27363145259985,1.2248574116453,2.94675259205874,4.38172795596938,0.573300251893455,2.83074834610215,2.44220905944898,1.67082458332394,0.511047175245138,1.34277310767236,3.80466010944179,5.75568009825259,0.216601755681194,4.1498847987533,12.8914220039142,13.1099646356198,1.4283009174899,1.11932066780487,1.55168410430299,4.51989174369365,0.538307334770479,2.73814523435993,1.52305599384824,2.75923034878218,5.03086667160266,5.10116013487322,3.32888474685007,2.65998842471455,2.32648347391363,0.337100859243365,1.86961410833021,5.92450584209375,3,10,3
"1318",4.98789302096262,1.57196169184706,1.80178876415352,1.81547916024838,4.93750379749497,3.73359932741372,3.27137228164997,3.35243308027486,1.06872464819759,15.1427994401013,1.2410013070737,4.41234132002454,2.89282950579029,13.6069262581334,3.63892556950546,3.03839547712276,1.47466334078934,2.55416158788914,5.57442185378381,4.77089731327687,2.94694063124817,2.6737074117149,1.13772788924581,4.91920953627397,2.06199448685907,5.17104112923782,1.04521102833329,1.35197733775089,2.44158890894894,22.3704951295185,0.922455537922508,6.63346137782336,2.31680429082006,3.75420111582934,1.35458740054009,6.87101585125316,1.0491097192585,3.63701958751124,0.51992758122422,0.71133617986911,3.12330990779534,2.42570215993067,1.47737551473449,2.22724794926101,2.05884354665081,10.6981094886291,12.2044752367563,1.5806126577593,1.40048154462022,3.1228479374313,3,10,3
"1319",1.36460698657015,1.56331714782282,2.07734444275953,2.14158184104258,4.21454436870638,1.37057315773659,2.76740201117141,2.3796189831642,1.10080456536923,5.72936027978101,11.5756588155532,10.1503719299721,4.18259972419866,0.652612701297435,3.60108867236367,3.92757438815348,1.47942564081606,1.82643447148024,3.64147279049747,3.37432654617263,1.73384772709364,1.71637455234239,2.29833184176367,4.76704438491345,3.15516608523299,1.17308870786683,1.09994687603455,1.79428916650538,7.0503415880389,4.62226023044584,0.887960087110148,3.5554247032617,6.66684188792531,2.61767545073013,1.11687873688442,1.78378871959063,0.473324224516673,2.36180597912407,1.48324223681207,3.10491968396931,1.08718992072751,4.73601615221524,3.93770730452843,2.06228197457689,6.665754097329,2.94267270494152,16.0901161449007,1.38106178298703,2.21895466393968,2.52287213967128,3,10,3
"1320",1.64289764318502,1.46782681294674,3.19102624062921,2.12426401696002,2.54132133828946,0.922866836788711,11.1606529445363,2.34599409638704,1.58583300271415,9.04399890704688,1.72100334378935,7.91355327219422,1.71077105877,2.21820150621886,2.78150139920728,1.99445755186411,1.15143468463793,0.744953235225748,12.9098360786565,4.03441368690179,2.56738749836967,5.33618078761456,2.11403830669375,3.53858220604779,1.67884345334604,3.8374343112313,4.45010702319373,0.849390693792324,1.15286808120088,2.19049739664987,1.42947287532066,4.11388348101908,2.84259092013449,5.17059123563616,1.89503437527658,1.09093479560409,1.56837647167988,3.33203523526348,1.51319610578102,0.640539533281354,1.72001100048464,6.89822615058891,4.78797903213366,4.52334872828013,2.06329043729493,1.86360664844723,1.87310353330942,2.3014809766567,2.76186731823926,2.90216555591475,3,10,3
"1321",1.69893409920598,1.54182849249492,2.68103301507375,2.82312746474931,3.54327616232444,2.23713561586295,2.43566230583527,3.81210080480336,1.3981576964528,15.3858611279617,0.995345570782453,4.71795968299335,3.40311602006757,2.1185414490401,3.76702364725516,7.11996024774407,0.679225124264557,2.22364336707202,5.0488028803626,3.0726118324187,1.8793977785824,1.49331617934086,1.64544703964082,2.05607735719741,2.24550180054576,1.51843284254576,0.385532969262976,2.65678678719994,2.10426989608685,19.6799761430382,0.81148526651577,7.29216153130096,2.25773375980553,6.47717269860497,2.73674755124333,1.5636696033927,5.7855557028818,2.36670907692453,1.23028352625662,1.81906739031461,3.12099294683603,1.70394783541817,1.76169835062689,6.78812096203987,1.68802649039092,2.02688079943362,4.64963165324198,0.841538962695957,2.86963008209642,2.8234772556747,3,10,3
"1322",3.16044909602434,1.94224711110643,2.76700753881144,1.03916006373186,5.93706359308506,3.44484409599379,3.56160966105619,1.34413285759169,1.4314126911084,6.55485606550528,1.18495245337486,2.9110992940323,6.65436317931896,3.73168482554264,1.93336682753446,3.99756279063035,1.78988327612863,1.79517060702798,3.44000349663117,3.31481386246696,1.79762247400572,3.56118002030296,1.77646917529317,4.40456104845938,2.1609530369878,3.56314535964776,0.776830630625203,3.40453240123577,3.05971741290982,4.2700475056279,0.516365727211616,5.55826915341714,1.05188342886869,4.14612088560111,1.66799786006516,2.30781607463194,3.09974307185869,5.42430395101123,2.16114078730938,6.55905072291847,0.550243024016473,4.70925291862579,5.5444254310092,1.46974189451598,3.000230314051,4.65196754104759,13.0814421093138,0.419095453611285,1.65411038392285,9.70946470074302,3,10,3
"1323",1.15315602105788,1.92884534091707,2.47002526830854,0.738853259870854,2.5973712881543,3.31201632566934,3.3806548912791,4.0290061604755,1.99369787672679,8.05347448274565,2.91479672344545,4.39985499566203,0.608126981092215,2.6049437473684,1.54140156464406,7.91442807945956,1.0272013117919,1.4461660231612,4.49987042780124,5.32491964253549,1.61277101514207,3.66845442045573,2.56407591013397,3.78503668630024,3.13438187362152,3.04712939619117,1.3355656820595,1.36643694821096,1.36553797484868,4.00106364448675,1.5855555797457,7.6249969620484,2.46072168705528,6.69966207258273,2.31347541015062,2.33436269908381,3.86990105531665,3.1468169353057,1.31715929560688,1.53306432448587,3.15046183055896,2.51067228710696,3.23627339777427,3.13223456652361,6.94282478786824,1.37666077364221,2.05318814353066,0.261043673346351,1.33493672277704,1.22217145640903,3,10,3
"1324",3.4076725874626,1.0157853397262,3.26987160158458,1.85982499881337,4.95386629775258,3.38729743948527,2.53482831002819,1.25139536941096,1.08808429819245,10.2864704902895,9.02017491280412,2.73353268099641,2.18436195857635,0.619851511513078,2.48136146232034,1.84489832846992,1.08739644346395,1.16022486316432,6.24523269343005,2.60424195531591,2.41170645724473,1.00219124100573,0.246623102280216,0.856143165916204,1.6729906065232,3.72578237999533,2.25231529006136,2.41936087843414,1.52083821446833,2.39751644565051,3.26278738788218,4.70423602275295,10.0389049954792,3.14240560018811,2.06075269819397,2.62934209396618,3.09531623276084,3.5200227067268,1.97186461410812,5.51582312611037,1.5100187235352,2.84064588682059,2.72728243373213,8.04025720694332,3.10620072020553,1.71646409176506,4.85845493331218,1.95937410199067,2.32224862644964,6.24875731415742,3,10,3
"1325",4.61805242463804,0.636690337892101,2.02907233326518,2.12096851807796,8.36655899338206,2.53226217712312,3.14561723903569,6.23968693628444,2.24473522250847,5.35686049997748,1.0106072708766,2.44265666156474,1.93500900200023,2.3164821278123,4.4413271429092,13.6671570768302,2.34828475826785,0.393864752711206,4.72856691140235,5.99424787453313,3.54536151694286,9.30746775250029,2.2532477377345,6.50793466835781,2.09985938304781,3.3306700935721,2.42305702314,0.40801813899285,0.970113468535026,3.91968446898426,0.172628000510941,3.83666649025792,2.74642392226363,4.9924845770464,1.19634347711141,0.68582256892351,1.22446294385799,2.65408410205586,2.42448360453651,1.50292030181819,2.1645910039753,1.78518025828074,6.09948951678865,2.36211234436317,2.80213341729398,4.65101748868808,10.2674265891804,0.229717020438175,2.28321725894686,1.2583172398409,3,10,3
"1326",4.14777664030172,4.59839591376047,1.66523822414282,1.1249492623399,2.31925236479223,1.67644021045209,4.82377428991103,2.50215378321645,1.66291580930513,11.5630387020154,4.48476032758999,5.29320204439756,3.44480521035028,1.34092233312957,14.7558309148593,1.42570993791779,0.919119356503118,5.01919534299673,2.10745622012273,9.34548293380263,1.28585525601849,1.56206422432093,1.09939749360076,1.59727397906149,5.00733506825606,2.9805944995104,4.64774645703724,3.56518494694527,3.60087944320724,2.13194435207366,0.53429898027586,3.41451879924211,2.54106298996351,2.04258761956769,1.46449640106964,0.513705297733486,3.22540331091382,1.47257408504891,0.541319854258544,0.4443823670028,1.66387670883657,4.30584716510792,10.1662424925755,4.87329709681026,4.82309710574825,2.19978709894832,1.11836630125381,0.312228755874855,0.927001785170626,3.53733404977801,3,10,3
"1327",0.661962268155603,2.93439530190653,0.656699005340216,2.42359331815367,2.65446778104899,6.1806283899892,2.91265097333537,1.36819458616801,1.43008687957602,8.06475908972698,0.804795921965619,12.5359524874518,1.84357385218601,3.66474755939843,4.52878022472832,4.65959349297502,1.35538659612601,1.23264412347764,3.30105560852876,4.16434256542997,3.88852623251175,4.1916867809691,0.268012552523503,6.29097696672189,1.63733300608634,3.22176361461449,0.852868709587876,1.42752362416446,0.683910739604255,12.0128174931843,0.476747797334984,16.5957065583998,4.89060409027317,5.72899698559202,1.45787972605324,3.90787546529131,1.29872390376734,3.55430331320072,1.01425690002243,0.604646337456224,6.38660296359329,1.06877942631236,4.05310165255162,4.23230910464438,8.71432297588737,3.41307918995789,7.68665393744068,0.754253582250584,1.9612306568148,9.38800660355396,3,10,3
"1328",0.445421166486106,7.07485726216438,1.12135023085167,1.59527815666691,6.10045652871093,3.52956714085373,3.52055603750312,2.94310910952808,1.5076037909287,3.00888348639942,11.0293201503052,5.35784162850316,1.85927278618319,3.39423563409302,2.56602095980363,9.802848185429,1.75070032958175,2.38869707134807,4.96162903456496,2.34546278066425,1.10493370194372,3.21617734193055,0.291219979062846,1.87912747857656,5.96402976594125,3.43513670120536,2.24450776055819,1.64378269738547,3.08930894068782,7.97650865014607,2.97984956553572,2.40551344726598,3.59979171298067,6.42733932365024,1.15288250686169,1.3680506401668,2.08123724488152,6.94853113374106,1.12551919502298,0.584264152337187,3.81993820355736,3.21111500512752,4.09279790015911,5.08822053831386,5.32337713581348,1.75836578569253,9.73638008838626,1.95654869051977,2.51507029971818,5.35445623313475,3,10,3
"1329",1.39434447658054,3.14085948903123,5.59045136053116,1.84783259035419,2.02996312153311,7.22937438839408,3.96138883338861,4.4056056970972,1.1563455038004,6.37554652771614,6.40118991093988,3.86373693492164,2.69785892872701,2.58719493766046,6.01885789217782,2.80339345568814,1.71024736582278,2.54405907790033,5.01773146351492,6.55812188459192,2.23928921064284,3.14282790200534,0.45766599534367,2.94453816151537,2.08456535539058,3.47509193770547,2.16629631983428,1.41857814646702,0.981397886625301,4.58181270438633,2.48676339681882,1.95171940289904,1.82101052082596,4.96982100370027,2.14503719679356,4.20511542208954,3.21587958359431,2.91308102141024,1.97965065924724,2.36894779200429,0.942041079040929,2.98912051420934,3.13966579666572,3.55219137032451,2.04284325237188,0.911735437507669,3.9631726968055,1.56155716096599,1.96804412916794,2.15091008843165,3,10,3
"1330",1.51225141604239,2.46543878810207,2.93686687039563,1.88954369742969,3.92598733756623,1.48087043892736,3.99188216519911,3.69346994866916,0.530384486358253,7.33442667761404,1.70489612470051,8.45176123180267,1.99608642927991,1.2580300535616,1.28356732211628,3.61866092460029,1.59485590406463,1.65532864524217,1.51019554197324,2.11551394302822,2.36499560082508,1.49509941895184,0.741122666334002,2.6443226551528,3.78075555380345,2.79015649882662,2.71601196116904,4.53159909491155,0.968619564925748,2.77213284515023,1.13370531742796,3.01075790092793,1.84036850713862,3.33842402031607,1.50561376225348,1.73806667919655,2.18085150524115,5.84974582306613,0.695638853626516,2.57473451511352,4.98406779532235,6.12403085217748,1.93449186148436,4.4512272912266,3.02230328193103,1.10348011521099,2.20501415406531,0.251054381425433,2.84666602470675,3.2827379692603,3,10,3
"1331",1.02434099258197,4.23016847247073,2.46091026404486,1.96819097471329,9.961648732434,2.653712913913,2.29926300588044,2.29967300714181,1.78786109333181,5.1939342892066,3.02121468091088,1.71423685166557,3.04409527400856,4.43353721478702,4.11085510259539,1.38259605711788,2.10040707977315,1.59377236123708,0.588604280166903,4.42610023906461,1.3800607380445,2.05870575422776,1.56197433797114,1.86715640628023,1.70965456873054,1.41168045614826,0.777878596160229,1.1704643328636,1.20331719370343,2.18992102475405,0.325976331715439,3.94031583910061,4.42864723411848,4.26601323344571,1.14126279819631,1.79247174020927,3.81858757651723,2.80356879291643,2.16192949480542,13.6669831952861,1.44556636421258,6.563113563895,1.61447741214876,3.6131948461183,3.54532509829293,2.12928122280745,12.3451051320613,0.974020025303512,2.07661333245642,11.6206038042316,3,10,3
"1332",1.01571950253049,4.15251771707625,4.20640491181862,1.36268489601228,3.44506438160976,5.49025080012812,2.29472473434453,0.603241194049021,1.75749285996181,4.43650858685723,9.57819658162982,4.27916836830197,1.65745366582209,0.674247527402329,3.77628040036188,5.16795989914581,2.67956080637174,1.26218662760599,12.4436875495379,3.29644739053843,3.15768813819419,1.43867219056085,1.80614174048222,1.28935524091234,3.09986659478716,2.09712328504619,1.1350774510579,2.6933051192644,1.160299279095,2.92094366853503,0.887528408722211,2.70878795920173,3.2837456993797,3.06045755255839,1.81045676575948,2.27248191502038,3.52742261629959,2.69153442340384,3.21602836638126,0.614362234656624,1.84355384875243,2.80472014000622,5.15782479254906,3.19571876401594,4.03040441119718,6.650854638401,1.1285346408121,0.283675536304542,1.29981466130014,2.44103400365067,3,10,3
"1333",1.03465817103468,0.483863197409335,2.31887166691112,1.98190319639521,5.58386943813222,2.11956939632225,1.07133144474768,4.62882067679866,1.53304504644139,12.5137204285668,8.23823933845387,3.38307312216034,2.77567597420209,7.81038257164632,6.88875895370358,5.70538183636365,0.786093356691283,1.44542179069657,10.9028530375661,8.47911884837961,2.53732799120808,4.75031863600141,1.40734841549675,3.32567361697398,3.27825109478509,4.53522854203817,1.08532748676477,4.55751547921415,4.76181687945214,12.2561779248616,3.58591746878579,4.92684982845435,3.14765159220604,5.04545096697174,0.782165774096537,1.79170282293117,0.976679378389841,3.34151780584827,1.43324162741905,0.806972967884781,1.11818988645495,3.77360779061741,3.02430595508405,5.2281642248089,3.38398003354189,2.36754365964979,5.9084656608294,0.846111193254046,2.56062636066511,2.76102277228818,3,10,3
"1334",0.989622476373115,1.17506601151726,2.23619519179485,1.06220263154814,3.16449680797369,9.41833660432473,2.53561386158772,1.68801929519842,1.54599855499104,11.5047073355616,5.6082614134991,3.65138243267931,2.37163643852427,4.2486194448746,9.02521328764749,2.94396914708248,0.999467262007817,3.44578575805151,2.63715801773303,7.77522452533416,3.18847314108095,4.57388427830704,2.87046451888189,2.60846612502923,1.44520530822298,1.43892873602185,0.655598116617592,3.14840612351827,0.480964622238714,3.15269656767853,4.55663973610558,7.89435703023452,1.21987720444044,7.05683580404593,1.91572301430217,1.62707780667403,2.85941050310852,7.37222380677759,2.13079285624685,0.81527406141091,1.26607698500779,7.66108249942186,10.4590800350325,3.16397334365448,1.31440824964014,1.16377912809331,13.6100791621491,0.598919126045425,2.71724478936054,1.99125815118795,3,10,3
"1335",2.21467726354186,2.53201974907711,7.6238234538813,1.6586738064695,2.38564759620298,4.17248521268258,1.45966387295999,0.497094528526837,1.63238034745145,2.58823494438775,1.02398104777435,4.61337905141656,1.70246060914803,1.76256957240687,11.3184006581354,19.7246353001338,0.856185566647659,3.9531244047536,13.6139634225103,6.51171005381874,1.94044038334717,3.26218853952915,1.34896271802732,1.47215064661188,1.78214922991513,1.66328036142476,1.36759710708332,2.51733986157362,2.72584298470668,7.25575736011756,1.096359088385,3.28611182557342,4.40275817625462,1.2696473903121,2.82836220080879,3.30901510191139,4.3870392583563,5.05068892622402,1.07980603937711,2.19636731722049,9.0815941637698,3.65537373164797,4.99037122261938,1.51408987679094,2.84955946748531,1.53875582923924,1.13672910105765,0.635102427706562,2.08235612400644,4.04908498673722,3,10,3
"1336",0.677880651609484,1.41191460041368,3.31506967525286,0.875756458132222,3.16959663138065,1.19245717354166,2.30993643692967,2.19541417691592,2.55076015457297,6.89718687666833,5.13971158141546,8.67549625190666,4.91297446346862,3.83947049208346,2.23012975228053,6.96668229124025,1.11382086621909,2.9807303266735,2.68335307643802,7.50630795512776,2.11619071105793,3.12991631214006,0.952150555830084,1.33071878956909,1.46564984222905,2.74733095486338,4.64216954984026,2.96597936977131,1.11315747643994,2.82180760937617,2.62897878797766,1.53581732853622,2.01210723257883,8.4980933656761,1.90246371497975,3.92574623854697,0.916595031666841,1.99984722498003,1.05773570529063,0.979566991868752,2.25717444310708,1.98151548009198,5.43087346975527,5.5264322734303,1.95939990493598,4.60878821003906,1.3391741340992,1.11377550073838,3.67448399104208,2.85683497223132,3,10,3
"1337",4.34948477550663,1.74602598544532,1.99627329019558,1.19312915484014,2.72055365230919,1.87478035174065,1.32601239709794,3.54011828558818,0.530799768869767,13.7271033107692,1.45493924655361,2.97498899055884,2.28767675967543,2.53149931582992,2.60369156396818,3.40604136260231,2.98621993117844,0.666652385316582,4.05275043079014,14.404055459822,1.87402751218551,1.9542889145556,1.48306494926639,1.32306635498697,1.34821083194248,1.87800515269653,0.632656867543197,1.28628403613902,0.5832643198131,3.57344688875257,0.83689551532304,5.55875819262303,1.68097924895077,7.64479764447427,1.93924552076534,2.91534409803869,1.37596053438059,2.30544155457202,0.544417111765929,1.30067684460983,4.57527488365936,3.30953423814069,6.88223495066921,6.80709153867149,1.18541526686318,2.52043061129687,11.301986847666,0.807673552005283,1.67224256259281,4.35355916982646,3,10,3
"1338",0.379175267871234,4.2269295791233,4.03922247512744,1.59683182259297,3.59430544601821,2.42091203055014,4.22751171834859,2.92598213916412,0.720789631856661,6.54318671532097,3.13282311951261,5.25206713113151,3.19545485156014,5.06243066117585,6.05447220575499,2.45135431714123,1.52299084460757,1.99107678456787,4.03112892669317,5.40311744095093,1.33259006280767,4.53666433789375,2.12700440807029,3.37343230429012,3.47462010029112,3.18717861620922,0.795895209956275,3.71097927055813,6.05454505133877,1.86963224304553,1.94991430302885,5.20623382753342,4.95801659202687,4.44961003052713,1.41176913915099,1.92765817503406,1.00225298693564,4.5942547271828,1.44395346817466,8.78472316075807,2.894462334155,2.58269189726995,4.18444931286729,4.81210836548365,3.38288701877387,4.96680565773781,2.01749055224946,0.539896007487134,1.27644388684134,7.15989406053671,3,10,3
"1339",4.10945260963586,1.23477940741979,2.76236365029078,2.3913997422406,6.28703270727378,2.27980432931386,5.69249144902495,1.95302274768601,1.29473431037022,5.46817218063881,1.4872485120846,3.81416828060086,0.32034501613614,3.85146639422825,4.04257223849351,7.96680190395254,2.26238482430126,5.08875395227261,2.51303256704591,7.6043978027702,2.92559790256702,1.01332087302526,0.970424082674964,1.61973484868636,5.19556875317526,3.43836205989007,1.85804263471975,3.63670169729859,1.09180317054231,4.88218231537485,0.149217611912859,2.76655429393706,1.99085852810936,3.16755918559372,0.603390793824493,0.401674888278671,1.32180102992768,2.12254308207598,3.02562513022041,1.86098286011254,1.30799487046915,3.90873115496751,2.93100221080198,6.92446025646516,4.43768478548522,1.15823780316815,4.01705106976372,0.876476045914669,2.08930423424536,3.00894841541885,3,10,3
"1340",1.29340740428638,2.72361430532199,5.47603281770404,2.98562903690841,5.81664738472784,2.988787532183,3.49260261334664,0.67825110826711,0.816746880235011,11.6669038293238,6.65563290092453,2.57789503448866,7.87205152082259,2.31393685123371,3.25059945381082,8.17902857098495,2.9796676954843,1.94293580402723,1.12326842358351,6.56165225694138,1.52054564515082,1.29849587555625,1.18871085565551,5.21685726345306,1.47631794402034,2.09222167612634,2.53436747284511,1.67533694020232,13.4952044579324,3.01174929444599,6.12656574842051,23.0186276659136,6.66927169561801,2.48322768870482,0.744193771982234,7.60459497314802,1.17696437108607,3.88489977019365,2.27190826390989,1.44329245665758,3.27907412223165,1.5749150069447,6.01030471109729,2.86367223796657,2.76592902943599,3.70624455471084,5.04902392367679,0.951091170117656,1.52848952528592,3.65344439074194,3,10,3
"1341",1.9781903459256,2.2587777424455,9.31631722549164,3.30152202791941,2.68054909338419,3.43445366968022,1.22476789569402,2.59629861398508,1.92809331601763,3.75636791432291,9.01994915476678,9.5603142933567,1.44247746319893,0.822814071262816,5.78648618178326,5.54845630068505,3.0266477106731,2.56077887192829,3.30965926703627,1.8579251170534,2.59283649301157,2.30933588103549,0.719121953679262,2.08754439913394,1.03542307609128,2.56950273649251,1.33332930884495,1.74679507181439,0.322708275628413,13.1001216837589,4.0678528220953,2.03633505915109,4.89276553146655,2.70389587826466,1.23626382305737,4.53946883692223,2.72379624614426,3.48039794385002,2.24894047066116,1.95571354322206,0.983424854963881,5.64293836852276,4.56750494223156,5.25050376454115,2.26439703756239,2.53777209189016,1.42350747348493,0.337964959201017,2.80856601274563,4.79362034146742,3,10,3
"1342",0.590592714806332,4.76821788120753,3.65904544252029,1.4616055046694,2.34105774174324,1.82548707259322,2.04681188523748,1.51325864832332,1.50557933310972,5.80368886919086,3.03880429226146,1.5761418039412,0.352962906983379,4.83464216107284,2.53642385175887,4.87587561736435,2.74290984222524,0.599815371692331,2.28226491791006,5.83860365624896,2.54082156129724,3.83369312572498,0.45415484659748,2.26502298959666,3.2523897159879,2.09842003200983,0.895477414280722,0.65945419600769,2.35655426522892,1.87232637374137,1.02102085590042,4.47542385239152,1.81131678262085,12.5601557810219,1.31204270256607,1.80033403211012,2.2462716350256,2.9384802400083,0.2908326151819,0.123077725079298,7.112036914816,5.44687699896019,4.5482346606205,4.07718034307453,2.91597713110698,4.29418778594593,2.77659484835506,1.76812411746715,0.828078262702414,2.37916733398096,3,10,3
"1343",1.01474112387016,2.88200132408558,4.49290321871549,1.42434169269201,2.43509405376196,1.4682715118433,4.17973441128135,2.66588101567897,1.78520226037706,5.39659704626876,1.20288280292545,9.26618420543901,4.35613532892645,1.9020205267992,4.56878209664198,3.31111379059467,2.11911833600741,2.18119096546021,2.43217168396291,4.26541317553542,1.99765495848377,3.71935968213861,1.44216123340484,1.84037346940433,1.65470264673799,4.15757176425812,1.73771542976562,2.15088165801298,0.373473339804405,3.28676765507707,0.333466891786872,2.45167562282991,3.48846417507032,1.87994126990913,2.50715227769834,1.4241406690517,3.75329435672832,3.84881117224316,0.364505260448752,1.78613582504624,0.713417134465833,4.44371646787432,3.12823150484494,2.27594429950288,6.3739054581663,2.42106474601536,20.265513592683,1.08830306380482,0.579240196906833,6.46364242645598,3,10,3
"1344",3.44044303481281,3.07642461331904,1.63930927132854,1.90631156136888,3.17453448481492,1.41499124242128,3.91892956796802,4.59283244157355,1.88448706945177,7.35595115263288,0.957454041207904,4.79500069962536,4.24309513846346,5.77921640941317,4.99435044118606,5.87042502397777,0.99870388395423,1.25480200262485,3.01444163800341,5.62543676284411,1.28630102199452,3.20150759681412,1.57360022170464,3.07704191113471,1.85915211855489,3.21074261877336,1.33413181288461,1.47094398290371,4.19133747540057,2.201496527919,4.29371167741597,4.9135738275081,1.7410204616467,2.49034659863008,2.80730247177976,2.50036060811527,4.31126012787294,4.39518101838635,0.469323816988454,1.72407423269141,11.3375282129033,7.24735388392456,6.71442068734384,4.11888455580478,3.56062977040401,4.96988807085385,1.89721831463234,1.67273358562338,1.1985794257323,2.21624961829903,3,10,3
"1345",0.758939925883143,1.20704318259566,1.75610041341325,2.85530200991545,2.76153322622647,11.3212601060354,3.47377312892183,3.86481354850504,1.66800584326817,3.33966565723201,6.75677800396016,5.59977619987724,4.51545992501305,0.860813371289179,2.95941066145897,3.43489263239849,1.81990877452426,1.04773442868108,2.39886626822319,20.7289210741803,1.14784943299917,3.54158667440945,0.110037481467265,4.81424557678123,2.7644681764621,1.75077587709509,1.39092682321226,1.76599588984819,0.458576967981008,5.29819082879674,0.544231305572611,1.65558234706742,3.27875860582285,4.04115803352284,1.37422602309281,1.88792640694738,5.25061592101475,5.40246216308821,5.31873038421626,0.877512140761731,1.09755569880434,1.32164040032109,5.78520454785981,5.82294517019919,2.0938868973966,3.97181919328138,7.60587971422093,1.17646684226475,1.29620701076477,2.99509773592045,3,10,3
"1346",1.88030751958898,1.58134858509057,6.46204415293499,0.891686169915949,2.20456742964569,4.03670815508704,1.28324308309836,3.92504426560109,1.31892168653335,10.2683670680431,1.98177193409227,7.95010584625493,6.8037411504988,4.78238393172971,2.25080848577271,2.65891667648492,1.70169560494699,2.3657612906641,4.73636258968349,6.98000676640862,0.80640704210434,2.39383725466907,3.44589247043186,2.67055049365646,1.62396294324345,3.86281095775261,2.04398096222039,1.75089987275649,7.53989222139923,1.55663161177843,3.84129076938843,4.73627754039516,7.88752735298944,3.5524944390328,1.08765613724261,0.372937194543372,3.60489357229489,4.13065622264992,3.27437311766747,2.11334294482008,1.94121368807304,4.48686362405175,3.67660640351759,2.22259008848251,9.86348243436291,2.97173333042568,3.90665892826596,0.681779774727506,2.10937692313001,2.94476921084235,3,10,3
"1347",1.55702837784677,1.49298968678344,4.27975903886681,0.792485299115723,5.17263560288344,3.21094217694672,2.22317511378073,2.74912871837308,0.617740458240514,9.47722171786044,2.42655701604055,14.7528361977445,3.63584246857392,4.38935703116986,1.88652524985669,8.68352381086733,0.912034528034067,2.8796896537502,0.67612932660859,10.4348410577352,2.12841062225525,2.68246747154612,2.82002814410139,1.31656824316827,1.62688301934094,1.28566861919922,1.37608653173357,3.78149735752406,0.653403474812877,2.19173652762598,1.01474726992712,4.18279186572631,3.62037480658893,2.08169279285051,1.10696886085196,3.62606697421359,1.94993247768712,4.23802019183191,1.00589671893104,1.5322646489496,1.17600276779765,2.49070452770713,4.309673373693,3.45117946155935,3.23201513030035,2.76960497985484,1.85568404212153,0.394016134146508,2.12094257440223,4.7843066207301,3,10,3
"1348",1.26120782155372,5.14249447785724,2.18038516036951,3.38128245100987,4.6135559396249,1.80102014906228,3.01669626456368,0.690930407568293,1.78022337623797,14.7606246701748,3.02520842065367,15.8151165381233,0.867207206033185,7.07984703378684,3.89837158356352,16.7274031868348,0.704344631122831,5.07236445045109,3.86996625339015,2.0534291879086,2.24749361820004,2.52517404847376,1.49797894670334,4.19297760656959,1.27247198544128,1.71864603595568,0.430327321290635,2.2270491880645,2.35135302437124,2.90312697440285,5.1499328785043,8.51491977877958,7.30452602711387,6.46360348555118,1.84226660661527,5.24664840844861,0.858693599360658,2.34120886283733,0.254337029281627,1.09517489376713,1.16590983806427,2.06185632114223,3.56442645150583,5.88342908599004,3.03511719789223,3.12377015257921,2.73873389426429,0.89240185214423,2.00689159955114,2.36759858308076,3,10,3
"1349",1.04602047132296,2.68221665890838,6.3035940055885,2.2271398106772,2.63084513245984,1.72044480245304,4.59117988628063,1.09510505254622,2.51811061719364,9.85276327804585,3.1501890515333,3.33812923217333,3.87977448076255,2.79096882893964,3.05095513519319,4.69520149663235,2.43990868736297,1.48510202566996,2.9579161499057,7.96150581287912,1.40137295441398,1.56754782137132,1.31129789535613,3.1053313708908,1.06709208912709,1.15938920020512,1.35207616869621,2.35140975323578,1.83765115356065,5.52582096990808,4.60749084601348,4.4731550268737,3.01315936053872,4.07397899328399,0.824542843660642,1.89513400026307,2.05712304427019,4.24085273093908,0.166997516579119,1.15221321522776,2.67926985110025,1.42302389403089,4.06477350162939,5.03854290231143,3.23527928504837,5.01945231291425,1.3408655515377,0.136438627856049,1.9666429622576,3.11794117914941,3,10,3
"1350",0.984537667415097,1.84475500822567,2.30453224782643,1.93578929996344,8.42286978499785,4.16023988767058,5.80077823347129,0.80586970060324,0.869422374980557,4.53730221553945,4.98519524444939,4.40844685104467,2.58040092178694,4.72773125520222,3.23251811422946,3.67410720223814,1.80532677864777,1.41846527172166,1.89315468138674,1.03118713733246,0.717086024308961,2.1160481554781,0.635802957226619,2.94823706043931,2.05367820127337,2.31544006406508,3.3319058148706,1.44699598379663,3.60459224392385,3.49802701362944,1.53490686996499,2.32474629870569,2.68781996103049,4.84871119324608,1.82728771218059,1.90666471831612,0.611316455753732,4.79054745736243,0.688487363530786,1.04419098977354,2.74262210602424,3.80287016974428,4.27253698616557,3.19131867230022,7.27043268878967,1.95372744418071,7.10278736288775,1.54526153476072,1.80616451396053,3.6653425427281,3,10,3
"1351",1.20341665102055,1.90289045932741,1.87910748943601,1.76517805643779,2.45406584970949,2.3480266797406,2.39874784301882,5.2630723204289,1.19538356803653,6.40922325227314,4.98853302506825,3.35092941937977,1.40135377460391,1.60377222161682,0.967250572556617,3.78055426254591,2.63429976477533,3.15273317539313,0.583299897230832,17.2288746307745,2.60872147255223,2.7317954159701,1.24926611342085,1.74363252573804,7.84275704058947,4.39723791636667,0.748534796192001,1.65095600505997,0.823713226476196,1.83764111066511,0.244404896287002,5.10850572169093,1.6662886884789,8.23614407105118,1.29454792895325,0.512649150417827,3.24112171032806,3.18381861230519,1.33854899322315,1.06288453544607,1.34829581165862,2.26578466820852,2.2630451447769,2.76837730640071,1.65305599972958,2.45651198071639,2.08862007859569,0.349524073636522,2.55489514611127,6.74693066065496,3,10,3
"1352",1.56071944187205,0.876932343772192,3.86408503527367,1.69980963605996,5.23613631988031,1.41821721335032,6.68673501115084,3.37222031744937,1.39449055616526,6.9891182439237,12.9197266006753,3.17222454445122,2.27245068778208,1.40018197651431,3.9659885931931,1.69163445417007,1.04766504534885,0.398805318949814,10.6956255170245,1.24936742073209,1.17090606338312,2.85159037206014,1.6991964080059,2.10852154298949,1.46344823115394,1.58204031421857,0.388790216458088,2.9154743233316,1.27209725241003,4.23026721973047,0.56231192974447,2.70659719722456,2.64482034841684,3.09469837334739,1.87318287034192,4.88974427487166,3.70623418896863,6.53256121494276,1.41045139701069,0.384794746216452,0.897246931360863,3.87508968807761,4.93518479299508,6.28040904233373,2.2528073789909,1.81987788278586,7.00162228051299,0.557654651399856,2.24098085725299,3.39778396071021,3,10,3
"1353",1.97120430770797,1.8073130350789,0.764310003820391,1.16229329497896,1.69173145186994,2.56725129066174,3.11543832133245,3.49283814045767,1.81115741268317,6.57066703620287,1.61614158958009,1.99778500668482,0.483320266313915,3.14643531816231,5.82512027232388,5.05359971223072,1.18183974268457,4.47304423927627,2.50573973068359,5.96619048225416,2.96153277817157,5.5180232589421,2.3521645303627,2.39570667620304,4.09883221578909,2.46763616488662,1.4366995824446,0.648813259060229,1.5311523388359,4.3348715703366,3.78787975138416,3.33287033569738,10.9160995396368,7.82391370291562,0.532452735828002,2.15625603272078,3.39231492770752,2.70325577171334,1.33580498482569,0.769572916581434,4.45202734927033,5.37871031582791,4.72858010661443,6.33092983560228,6.1719379658277,1.32724968735485,10.3121677200232,1.20110723464333,1.20567606296958,1.72774921172091,3,10,3
"1354",0.744988660111182,1.55371715993717,1.70000512951779,1.42306191086692,5.70202265175955,5.97321180008925,6.17699757591025,4.77794636374709,2.24020088480476,12.8062954215082,1.35437947363744,6.07772434931407,5.73969218908321,4.0884518487023,2.81801306798487,2.79012375839381,1.93623849651783,0.862031411772691,1.65193038844037,5.67774948246746,2.53491350950922,0.969602923165483,0.887814980864206,4.29999537306688,2.50580639913969,2.79794363968162,4.15372323097758,3.33009542019429,0.993084732939062,3.76083626614177,0.664468412196724,5.18867634948238,3.76312401502993,3.02048552921955,2.38991865270072,4.36434272373047,2.70204340192821,4.08471449295786,1.20300817418605,1.33810284734116,4.22469922024157,2.22509815212429,1.50052858230444,4.40848015821779,7.89271004644181,1.18978570677524,1.71401650084338,0.348763624808841,3.22637380519595,4.66512898693242,3,10,3
"1355",4.52935080355319,2.44620550795523,5.14536501897825,1.92562218083186,2.16803483480755,2.88987159230511,3.65966332268917,0.550363570538684,0.525303826324568,3.71637565699143,3.618992987055,7.86876323903356,6.1803529797693,3.46682873726068,2.05153129236223,4.88548898578494,0.949195446717054,1.5488949085659,3.62452648805328,3.73887331258799,1.22158183489744,4.02289572356968,1.24365658066106,3.06113329656664,4.24263112901027,3.50707146397656,1.79201681773765,0.755973344464628,2.41353800739498,2.60954897678299,4.95340013687389,2.05686536731712,5.10094693541447,6.5498281384978,1.10864565279982,1.28070456253587,1.49685156736219,2.87890195258123,2.17813954605246,1.1962916764859,1.28158885356304,4.75483143737972,2.49421993052891,4.30515914799471,1.17668600743998,4.81903838959842,2.9225631465966,0.779362402797001,2.45792153068423,1.74569746264428,3,10,3
"1356",1.88656294413054,1.16047068966528,1.60815817470807,3.0225699282013,6.53599012967301,2.71192323810125,3.43064946169466,1.20214320125506,1.31236357958147,7.52110156243913,4.20966842392327,6.66964290932044,5.93941558374022,2.65656299665171,2.54717777031296,2.07576539029687,1.63918166492067,0.519828400379356,3.06136488741963,3.59025235426526,1.59646452311251,2.31131316404066,2.27753036320817,1.96854670805675,4.7600719231224,1.1791606068355,3.60180392865706,3.71066486901232,1.1754866830342,7.88288026894477,3.59828175527323,4.50679344083159,1.79901823775292,4.63155816608537,0.337752921254087,3.0237650616933,2.02520467617035,5.25219271580159,0.408126577929447,0.683630322181185,2.22297601936693,2.7284453626687,4.81136947530809,7.97256317519274,4.41847997778387,4.10934661882072,3.03138604956087,0.833462626122162,2.4285739561796,3.45707645594224,3,10,3
"1357",1.31063093940019,6.00842588683425,1.48531324498301,1.77539915809054,2.00206164096172,5.30387549369339,1.47344249015569,2.49353338240838,1.4188152012339,8.60292765560652,3.45595808197389,5.12317752235577,7.16869632079019,2.56286489703974,3.20188084079933,11.5689411973209,1.56160445418235,0.98367299152047,3.69696256935682,5.04941763164965,2.22199502637974,4.97141404419959,2.06227023651524,5.85796063014074,2.39060164464066,2.72369982368223,4.00868560689299,3.23262201874445,0.875078083179838,2.6399613893991,1.46975275318152,3.49257669994782,7.2984511256215,5.11725600958505,2.19426822769578,2.00796165120709,0.672068972047973,3.81418137722081,1.10231360177847,0.122603473170087,1.23534817851521,16.633635238814,5.61399985328733,7.17398482732644,4.36942177067268,3.75432097419115,6.69354159159725,0.306791536568339,3.39375766427629,5.70337119103815,3,10,3
"1358",1.37580647658622,1.95743137557674,2.36724584586266,2.70684533069208,1.31711330639014,2.39425039708441,5.69469236244196,3.90181930736324,1.85847401840186,11.0346243741586,7.260180719627,4.47426179087207,0.220212973938131,1.36317549682427,2.45185451108957,4.01946966251707,1.05775210917694,1.59977373139048,1.11072666873093,5.80510693809071,2.22099970636806,2.45290451582491,1.20472955802847,7.27805162655744,2.35811811283791,2.03760289434254,1.99502578782412,1.33136465207706,1.51393031792352,5.43952670965239,0.537770578282338,6.41707158782932,3.50904017105558,5.16796452465215,1.45219897485196,3.82680567413113,3.01042521297606,2.37011968975765,2.53174599191851,1.0928508121403,1.83101347699181,4.56127231948731,1.56814138589545,1.84852557497079,2.57976877538523,3.78754776172733,3.68906803247022,1.05569651352044,1.10654565013889,4.38957958214721,3,10,3
"1359",1.78219474728225,4.84716626086689,2.68957547945485,4.03501457659234,8.44146125915675,2.19916310843859,4.99369824300121,4.76509733692548,2.95903950144014,9.1726895420835,6.65376187667181,5.44874267654931,3.54003393008308,0.363368941430999,1.83695884007761,10.6249179044888,1.25094299374182,4.1386679551318,9.63734541142138,6.06254941172975,2.48055739612326,2.93274380760823,0.346363341473608,4.54626922698202,2.69079033675341,3.25991580546468,3.61604739704101,1.95167215524139,1.61101095054296,2.54942071035985,2.3857331080268,4.16604024014553,2.43031756619482,2.03738715477711,0.851446050014294,2.29539141889561,5.47929101790877,2.24883789861832,1.2711694196428,2.69252137995908,1.52914678616547,1.95826099837387,4.10216378422686,9.37279196330039,6.40008505329885,5.99042782980717,3.8219532967269,0.559756280060234,2.05766341123749,4.08492759398444,3,10,3
"1360",0.756902760748444,1.89758280599646,7.5868229966875,1.85064941518829,2.42784668542723,10.9833392541799,1.58645809444196,2.8966029450854,0.781552533046243,7.9989673782384,2.84132947053319,7.9648123909735,4.86426356854201,1.205865066179,2.19198437392965,6.52980397552867,1.78269150180407,5.39289526124213,5.54071734187954,1.05320601028372,1.71698823023508,8.07268107233724,0.518638227826202,2.9856938026631,4.9632852700805,1.91279259021884,1.64722132897684,1.35612366391821,0.887683864601796,2.12590759609284,5.2106113759207,7.13426803501059,2.71252094448837,6.32988592251541,1.20509184883954,4.61559427297856,2.35523891144595,3.38216754778116,0.293457395958709,5.24955492681111,1.31180150256494,5.76320454332538,5.17620398606467,1.9888659024873,3.31846330254978,2.89497983544428,1.40059454209246,0.349018408688964,2.60901335191274,8.20073391677576,3,10,3
"1361",3.25844828558005,0.845157591857825,3.75907996464689,1.94122168473181,3.27371947936281,2.88811674400175,5.04889135313073,2.85753296455004,0.393155821556873,3.0596220949387,0.620556108650556,4.07536324449071,2.25306481188866,4.5953685866982,13.3530616571375,11.0025756713957,1.1240939881919,0.237065847812548,3.96741945037284,2.24433341280204,2.41603437092478,2.46506589873931,2.22590256060739,3.06694479778304,3.70499103742819,4.99854316356557,0.696475145148945,0.541308082116876,1.28063143796856,3.15290595751571,4.86935061466579,3.45750934231405,2.49253474010663,2.27038640754583,1.5152533938262,1.37450569356499,4.55601922034831,4.3028897409165,3.79532648286254,4.35565917435468,0.628767081379035,8.63840443242952,3.41999489216083,5.97926249111497,2.18037770675656,5.32381655620073,6.48722247477052,0.773917677406001,1.0578753059919,1.94817888796675,3,10,3
"1362",0.990718983065009,1.49319004096951,4.54559615402197,1.94921605304299,6.59596207702538,7.26387349682215,6.52395715652528,5.19438788267717,0.571034939808609,11.1709390888383,0.506757892135729,3.12901863440862,3.35079219651113,1.31853327246942,1.78566854587782,6.83878459063141,2.43511043905507,1.07532949264352,10.340791735867,0.64214247048924,1.45551027202079,2.0948811460354,0.567376104396726,3.52722156507219,1.93001316000693,5.03023747953217,0.860910098145171,1.8922532735175,4.03842813003969,4.3151604673118,4.92870999447027,8.32361562862515,4.3682857557909,3.62896893143068,2.00984479199998,3.11011736411306,2.18880627593464,2.58635114986286,2.21552615042962,0.714058835848184,2.56351914800449,2.81644234437221,3.6662780806702,7.85327452976263,2.81577745214604,2.1131307747716,1.92439064153768,1.10044689553352,2.84767972585487,1.31688611500697,3,10,3
"1363",1.78421605743357,3.85759522330386,11.6088385777425,1.29500463346811,1.99740894158285,2.18800473139595,1.70713089324618,4.25993330399739,1.33899868792119,4.69092780468661,1.44510754638249,3.41079498308245,2.84510456771235,1.06588209520648,4.71158504120528,7.20791407919044,0.840608547349633,0.508927931759653,4.71454265258105,0.919285032096775,2.7535166879459,1.70568054910916,2.39985603793919,3.14485318959583,2.51582457788352,2.47271525000051,1.27084380067804,3.95195169742414,1.91966994568148,5.73623989351278,3.63680148367791,2.18818672110754,1.71156502916285,4.06139847065524,1.60184392342394,1.9317568818259,1.02205815871366,1.07974694352711,1.1041090816195,2.78241391871878,1.05133147700427,2.0521453198145,5.41354549422852,3.75238089978496,3.09763104702442,2.8886356839804,2.58513009894405,0.361595803670452,1.05249099827654,7.4295796895773,3,10,3
"1364",3.0469362007286,2.54305565247839,2.70903309163059,1.24304361447425,3.97730435736635,3.60864390381349,3.83219829482346,3.75259388085958,1.0405662571583,5.17511094420689,10.521973460685,4.23610304744555,6.41038584360402,10.1076935115268,1.23959388878434,3.50685095675633,1.53062190984946,2.46202658321751,11.5142417648424,4.00907118259155,1.16834492531023,3.4675679252182,2.85444468539243,2.57283680952575,5.20695206621862,1.18173038993995,1.68288739264689,3.23439756572585,0.942895490219466,6.68534290595633,0.913636120430908,7.0621573239316,1.25167454027373,2.94277441816792,2.33433172493745,5.50525261621127,1.42295774091957,3.25566433698352,0.771787651432321,1.76817162856774,4.32319846906348,8.64053643320078,3.70756487601176,5.00231117759953,3.53890234177952,1.1867000107749,5.92866042128825,0.0523060098023071,1.13868227454046,2.30135602701259,3,10,3
"1365",2.82762824257316,2.14072768513752,1.86149356733556,2.33509898488159,2.97762092063049,3.11706350268173,4.13883040042618,3.13335252976998,0.417440818440586,3.41841221334251,1.97798535278677,3.63298755312838,0.830154480121275,4.21561555458492,2.64580244818567,4.64289956660612,1.97156400604549,2.62590393365465,6.29751069375363,2.18058316481845,0.77320100965562,0.558968569868575,0.884537304293855,2.16721789403098,2.37445760523942,2.93262437609465,1.9047046080548,1.52444152045724,2.98907003344109,2.68977802679822,1.22927755657698,3.47633776920204,7.86276083243155,4.06942368809617,2.3972667751128,3.58129697207468,1.64354434870685,3.16163227956545,3.41310767850979,2.11371791322033,1.77571267459986,5.12099100125156,4.34712003926835,3.92270489317632,10.8552989143439,2.58496755988323,4.5457922551442,0.442834339706792,2.53703191319711,2.49800078589988,3,10,3
"1366",1.65623234749499,2.69065883391666,1.96186871321045,2.0682859987154,2.64404641238792,1.48046862370348,2.18920233314113,3.90591362796466,1.5365819614816,5.69330474626416,3.21701961273767,8.53430326807908,3.03384243786981,2.15411858632196,2.17435159438847,8.31515719617798,0.896019910903679,4.27341267231602,5.91339813061811,4.58734568576329,1.6168223798886,3.4069931139353,1.75624329238007,2.01062060003899,1.84070662573002,5.14333963249391,0.950328260851916,2.84343646955991,1.11294182594296,2.46231229152908,2.41782442174866,1.16084233977414,3.65462187307879,4.02123684758213,2.7803671875063,3.63208709418516,4.00372678056196,2.27387523796399,1.65719965388307,3.24435454650465,1.77795515905431,2.26825177568196,7.47591464605493,4.77304956494046,6.70355325076599,1.18190270803664,6.06412860934731,1.02037634691358,0.86749613080471,2.46559500216164,3,10,3
"1367",0.682921503182111,2.45843411392348,1.82250167849201,2.26850574110214,6.24323357173831,3.66370886671101,3.8053150370629,4.09179704831079,2.16625038307489,11.8626546209273,0.606071798045162,3.17181166245837,2.9679475928528,2.24935091503743,2.33294113772036,3.13353511479864,1.83391385134632,2.66522158932426,5.26525575469929,4.15241269088974,3.4689927270281,2.89361814464305,0.941963157714644,8.10216323358458,3.45124010386349,3.16015906215266,2.55933243059405,2.42080753835613,1.08820160281405,6.86607687078872,1.60178944772104,2.02167498624746,4.35491812067444,4.82584059069724,1.37994816177277,0.607777849107322,1.67636709090754,6.47810150708347,1.95395343470076,3.46135084256741,1.19471059462221,3.7994808467623,2.67351181269634,6.15056583762398,4.33183928303801,2.24590610907261,2.109541038116,0.962266840696306,2.12410080986586,4.05091031037088,3,10,3
"1368",2.62805927152734,1.8960722208987,2.21348647397699,2.02262231469359,3.44323635862622,1.63309241631092,2.22270906042116,1.06533407785427,1.82965625261709,3.54735109702912,10.8537367624358,12.0989411383953,2.05059387305286,2.59679547352862,2.07360401211931,2.3330058653214,2.18191157840369,1.2296223262059,2.76611176725972,15.0210172282283,2.42896795392638,3.55858443475761,1.26600222362151,2.34079619944901,3.48593458126835,2.25113535635914,0.764242504084208,4.34747473356731,1.12775708261975,3.75603987288745,0.082537410518603,2.02606687439727,1.99512224292324,4.79196302882092,2.14552397842957,1.31088442044657,0.307897052742479,1.39085943598198,0.522731100550451,1.46607737083932,5.72309815904579,1.59636617946612,5.52769028275832,5.00131577515742,7.73913390668995,4.80356504985544,4.61616819917322,0.721918571205186,1.4913547016215,5.43667487930346,3,10,3
"1369",1.42810721282465,1.3527134856945,2.38461383143487,1.84816847529311,1.37235174640067,8.23972546339851,2.51271745631165,1.57924877395089,1.38393119255432,3.00857916690887,1.54686601559788,6.43325814402195,1.61657873566202,0.262328816677723,4.13880095633168,1.83429713445693,0.944612028303979,0.372362347582532,2.87144055274153,5.18164552103986,1.9085188899116,4.29992421900275,1.04781229574272,4.99949185416778,2.16629215869355,2.70647812662104,1.47503392074058,2.01912929719247,3.41494629325636,3.50310776795985,2.77262722616031,8.00947779151961,2.99818242647398,3.17698304715059,1.22529934671658,0.530211323350906,1.22441232868236,4.60726774777957,1.29626259807828,2.50131230712429,1.38445130128001,3.41906093858793,4.91685263063671,3.1249170994159,2.94833906511254,1.18389031198022,5.71750001624293,0.985850542946925,3.05374227979022,1.87687732630791,3,10,3
"1370",0.337917275797751,1.70128723747253,0.517998251145638,2.48753401121655,1.43281610099287,1.4521241593964,3.57744462188932,1.51181387992669,1.63490240205431,5.2460056115231,7.4982476391388,3.00245368650035,0.75514205682713,2.8192418199677,1.7581348644457,2.28659218631653,1.6694671546874,2.16398355610308,7.24865356658217,5.30356188469278,2.83821279935068,2.09393594769066,0.463250621051875,3.06204572442034,4.72449677854025,2.07646783430485,2.47602152112376,2.84649969166369,1.06022699516416,3.30580474570753,0.223869236441135,8.72607243405544,4.06355786724022,3.03370867685992,1.92033192869604,1.23278984300036,2.45259870114627,3.46506812215174,2.15519566667679,0.53229835811252,1.88173105637154,5.55136881664798,3.86221308312315,2.29022420221331,4.02013611850108,1.05257056406487,2.92369351847337,1.19361244303546,1.29786082734372,2.03101907875054,3,10,3
"1371",0.545089476375105,2.93683017114371,4.487394764288,2.6798795158452,1.9428374807538,2.04586730051597,4.00185843469904,1.39388094461222,1.56362013738581,11.3152035246337,1.78438205054472,8.31901860433478,4.06884004076796,1.45881813395847,1.25579028940187,3.65383998330399,1.11470043037106,0.276889595435962,2.10118891869058,3.22758411743669,1.32166905115245,3.06756971247439,1.44301559653902,14.9360417817783,1.05699975176624,2.82224244683244,2.03160369244739,2.94087456022886,0.642944911177552,1.28602619656766,0.523627600142491,2.65139910777001,3.37836825686901,9.83792904281166,1.87677801900167,1.70502255035627,2.96412513829781,2.65638921376773,0.572190361199272,2.10343345370744,1.46586410277411,3.12269292051385,4.87275788123602,3.49742410460757,3.66771918511444,3.27746507185571,3.33099867657066,0.27764966636208,1.88716070803537,5.71944273698505,3,10,3
"1372",2.69737344797914,2.71112672851125,1.96888215222463,1.30534815815818,7.31304620901629,4.43012272588812,4.25862661839145,0.752718344631368,1.15026047517776,6.33825244521083,1.24689981182159,7.65689473360135,0.364373969954299,7.5008389848157,2.78487699217444,3.01283974302068,1.85958509299174,3.44544208646792,2.21793161162004,4.97473903884594,0.73147573478454,4.39655931356152,1.72058893086308,2.17498422878718,3.08466154909662,2.6354202276148,2.02155388347559,4.73750049942447,2.71401785137006,3.64172886501351,0.357394229885133,7.58490212414722,5.8328266853953,5.41533354813794,1.34791268624249,2.28808947667472,1.5394524208846,1.87473534654006,0.802685352966982,3.66465241809338,3.08111975580208,2.8380655795688,5.46134520821151,2.7344650982517,7.46035390681315,2.86954423020431,6.1706499670944,0.615848559417718,2.41356082337059,3.76319734402039,3,10,3
"1373",3.9461658741729,0.973552553354343,1.94231353812323,2.94431543218702,2.97040610851513,2.12223672067079,1.86930317812567,2.05783188981567,1.96137317025933,8.36861313287555,3.81789815792606,6.15514068184965,0.839751240518167,0.725458741112699,3.3699517512867,5.06951180529257,1.51293302844445,2.3413210505079,6.13456240955693,2.66196078661301,1.33974208350371,4.41691851456789,0.945728869108394,4.2372541066517,0.931055188308317,3.127825826608,3.17888655017419,4.09213525750894,1.24171648627807,5.32402005868723,0.484596141188797,1.64878743533795,3.74673981649349,5.65786284837326,1.58002731755577,2.27272055798326,3.58423209398479,0.678718326073477,3.69365828804632,2.36668590947185,3.36964421022899,2.21540972529699,3.40006004696268,3.28033931221962,0.881226707360241,5.19886457040118,3.82830380125319,1.79162794707255,1.5358347514868,4.8905116622629,3,10,3
"1374",1.30205945399522,3.14319007977071,5.67866664970312,1.2123616525085,5.39760545325183,3.02839200266623,4.01089512907313,1.29515099810915,1.4055751980907,13.343087094517,4.74137529775161,3.06631579721843,2.44819876625573,5.96908956757744,2.2532037935563,4.04690849070485,1.64059208801032,7.32851344007424,3.48955439005426,4.14164184017235,3.23595857559841,9.29418678528523,1.85167061966754,2.10314151303129,1.85690175466137,4.321215113157,3.02727197671187,2.08325682054362,3.0371861723264,4.97783780236169,1.87529614159074,1.99294668639129,5.01991319935405,5.87556648911364,0.398725824781652,2.0711814457161,5.50722875979438,3.3067531770153,0.27457757775345,1.47533806938254,2.32787328731006,3.10318221141541,2.27302330558113,4.29305805638297,2.78907504538783,1.57623920095539,3.69001151396167,0.879498113064596,0.951360745612588,2.66124469799271,3,10,3
"1375",1.69440248809605,2.79044354413,2.45671780042242,2.6843040174167,2.96619362947661,0.871308879027619,4.98780793838694,3.55431947432809,1.09393319010635,5.18934636907883,8.264097593303,6.40937463208537,5.61647218509346,3.11872921528145,7.35704930552122,4.6615530177949,1.65677439049689,0.936913941598306,9.13977855059469,13.6285340611698,2.64212672101553,6.66456699678583,0.875520528294845,3.29226663404424,2.75536255434682,4.78326186962213,0.479802724166709,0.926188690101395,2.72527778952477,2.30397552554191,2.37162442770346,3.35746536564081,4.83375745516815,5.54154414934356,0.804407360315688,2.42251144796552,1.02060907726628,1.12872111598111,0.275924291275664,1.57183640083981,1.92922155221088,3.9924051530183,4.28925785064943,3.31674041625022,3.15432334628842,2.06927092675599,3.05143215374679,0.290205132284988,3.51857897327753,6.56160261914401,3,10,3
"1376",1.32890298349816,2.60688877035184,1.11334803513834,1.34199247478683,2.69091182101236,2.32171309694587,4.47102706986725,4.4039299842214,1.01619917491397,3.84776841916632,2.32357162747898,2.00276430447597,1.12941342974567,3.89174769821485,1.95214059608178,1.39049753392084,1.02120994899755,0.724514627905791,4.17563669701797,5.06793730331448,0.750121973013305,4.27647606222829,1.72986291050541,3.08935483637613,2.04359144850806,1.61790372237557,3.86890967800399,1.54812653141644,10.6893309795693,8.76053091863433,1.71002609111758,2.49766459771942,3.12263317785784,3.1918438547514,1.11040517008544,5.5216349771248,5.74801361486015,2.49038184506287,0.73790070890229,0.464869568418708,1.25380631386796,5.43695662540709,4.64888200435881,5.91829391551076,3.16116664680391,2.79125918269282,3.46309949248696,0.344452584682583,0.821483225723627,4.66090152350577,3,10,3
"1377",3.21662137615944,0.970347140558913,4.21452416265061,3.36624759469446,3.59005112357092,2.26822268575267,1.92361061889842,2.42958781517764,1.65343502117395,4.13242457698961,1.18178913318488,12.6687773916252,1.0471829762902,2.40414066014198,4.25400796429556,6.20024014452653,0.931101097588053,0.0751625341138867,2.69804989079504,8.11632969411245,2.18961125404209,4.53541988627042,1.53953332532711,3.57699030067731,3.88490453745973,3.36404960713645,2.11086963297215,1.08188097379145,1.92758716906697,3.12156869289767,1.51594579285328,6.97478978142775,4.15603970380065,6.48995932190933,1.05424720848434,3.21306079490877,1.95219272515095,3.49901057200211,1.9236369252093,5.34254003383132,2.2248717809961,2.008825573514,2.34932004389961,15.6600953155595,4.71867521042877,4.26682045485789,6.64930247014275,1.46105387878567,2.50940639878552,6.15506220389166,3,10,3
"1378",1.74429743509127,2.38084142453275,2.13211818180195,1.37650401130907,1.95153589315808,1.51993672089222,2.01478861705694,2.72464025420272,1.04922740582002,6.47643262892672,1.71606967125059,7.36907110786998,2.76990815219605,1.14328702994813,2.42615834140976,3.56028373408906,1.77911114412245,0.0731737000797368,3.70678340662521,8.31461783790851,2.88027423430448,3.61324378936282,1.26801954476834,3.72805689633697,4.26792701020505,4.09540068767677,1.40454714501597,3.75195572883422,1.00758590020176,1.43712172884021,2.40916447953355,2.38227082972514,5.27014469248499,7.37831895178347,3.1093678064291,2.87835376550601,0.698801081913225,5.33435374681309,0.97437599247484,1.26278634820253,2.31882941894349,4.35497678117262,3.44981010478703,3.74824692327411,4.35179011005373,1.61292032352003,3.05920866738392,0.752047756359316,2.27576608977841,1.83085552951163,3,10,3
"1379",1.61962510261353,0.890445479541375,4.61361794215574,1.7940163915636,3.59422653282072,2.16888230780427,2.20879324092752,2.14845535740625,2.86517380804371,7.13339249788467,2.51828924591425,2.23198257489234,1.97851847444721,3.02184755368836,2.82499473276897,3.51257996054037,1.27955709332892,0.207207651968562,1.25077103360206,7.27463410989212,1.89174017510828,5.38472496125544,0.624455711081216,3.89672718982851,6.56047761410678,2.06568957112034,2.83261955922149,2.36521589762163,1.15689290445098,9.66130682642267,0.679315222192411,12.1280554318958,4.0863585146461,15.9866195237766,1.11691000163655,1.98107421102617,6.05062770612648,2.23482832928421,2.55468407229343,1.13491424621953,2.30829607562469,2.72191157925228,3.96349389363152,3.88897022876867,2.22551054083791,3.45623674664506,3.20131868028879,0.536858420343702,1.11284856587053,2.2488296899214,3,10,3
"1380",0.859003421845203,0.97380013081883,6.39264382885016,2.3699405958119,3.75504823112601,2.68071342719817,5.98356032230266,1.74578180561331,1.62899029079149,6.7702225964767,2.20248173635522,3.32029284952185,1.56111109151934,2.87166257438128,2.95632676904844,6.2384648043274,0.432702016675897,0.551223494690504,4.67099566928739,2.2713775403269,2.16413255212881,1.46391922260204,0.0930504675410292,2.40971618588981,2.20318377467738,1.2978327772856,2.63628385890066,2.61502736486552,0.43924125735713,4.02463017978877,1.32838241908989,9.40628041904341,3.32144600002213,4.57647210004851,2.00636230628483,5.49170040169134,0.771811781400145,2.02823480459319,1.34792049801018,2.1148338442202,2.16015086881874,3.12158052513309,2.95041450958475,4.60385196911646,4.03091971549759,4.68174137877419,8.47395871998677,1.28328337686524,2.78670868951005,8.15075895844806,3,10,3
"1381",1.15431577853055,0.993145347339057,2.4110604307638,3.40529589354483,6.09764810621297,1.97147805039574,2.99986178237978,6.5260176429607,1.26699769897542,3.32535570384697,2.49404086612233,1.56589699287153,2.71857435843366,1.84660558392977,3.59722023050234,8.52338040440786,0.235621618334699,1.03228574638248,1.31027727885125,4.53310927662412,2.02500040434609,1.10518906993721,2.04816323376355,7.24549229299826,4.89987599891408,2.0670094689349,1.72717342207961,0.627318044760405,2.85609913691024,3.81033726569309,3.29824920829766,2.13289238458449,17.6321632319862,5.84979834740153,1.4023774954017,0.569950137430627,1.21448500364747,1.20861978418805,2.14196935121649,4.33441969494257,2.82025726075318,1.89486611720335,4.54541605328381,5.28104078940492,3.99903986324942,3.38391656970531,3.10177538430944,1.63936652091745,0.807087591745278,4.08650167097489,3,10,3
"1382",2.22593461600035,2.73377942749955,4.39560648781019,0.919334048193577,4.18306794020523,3.89857249294343,2.00064286709735,0.978082158584343,0.80633845242985,12.1547604882566,1.87057261056498,3.62270767226278,3.15708935922945,15.3288087267251,1.76448393925427,1.34398849122853,0.5351603107455,3.73462097660263,1.75525809707286,4.66070304374898,3.1160133173421,2.65343063505703,2.44820840102901,6.77281131181897,2.30676171085608,2.10165187093056,2.44298559307213,3.87550903805617,2.17132212969971,4.06262887215275,0.478751005107167,3.86938850798699,3.50860411463483,3.46163277511147,1.44301575036205,2.96788284743626,0.201720778878561,5.65442192788292,1.13616752209687,3.97648376422052,1.27091492705398,5.48831241105987,4.0435623773378,3.93361213578113,2.20513514935562,1.52131376446807,4.38837835433071,0.785462516672571,2.58424936226818,3.15965090462208,3,10,3
"1383",2.21478722502112,0.737579699214149,3.76614117902705,3.13246583302801,2.6951193845846,9.60853607197141,4.8285332789255,2.13682853595231,2.11261606008129,11.0965569968423,7.6384417120298,8.79053505697183,0.896818969463911,1.52099315727811,2.25377060721975,6.62239510333556,1.32368946929775,0.637945463302455,1.18290985751278,1.98159698492389,1.66545788556585,2.51211813968261,0.822739624069414,4.89149845293705,3.28936694154939,1.77021970569718,1.18006403320189,1.62148741679948,3.75261277824064,1.31508130889656,2.52357555381699,2.6921176470702,2.35166381465761,4.3683858401752,1.1143180077982,5.26154538231717,1.42573687881355,3.92603717889682,1.38449014054772,1.84448523209118,1.73622487980658,2.95514887110592,1.77648414071631,4.74443764634327,1.64344446265716,4.95429533277465,1.73002980762852,0.752141348553443,2.72618948181399,2.23354021815276,3,10,3
"1384",1.93440602597806,3.10855276914542,4.33048546519224,1.41112128909947,2.76777864259745,2.20158999977878,4.29069871774656,2.46720009340291,1.81174447959203,9.82525421475465,1.81494309551908,2.96302850958332,3.16196399808037,5.29399625384191,14.5383855489422,11.7513562011055,0.984622478559465,0.527598881735096,2.99317302811199,7.24009970511042,2.66783662194477,2.7110151060535,1.14881977951151,3.27530159691728,2.91346487002866,1.13240263161503,4.53838561047702,3.19657420676276,1.69923817280178,3.36481423233321,1.25315382331189,6.36490755896745,2.81648738064334,9.55442649207659,0.675542187039843,2.36478362029553,3.99581297518895,3.59555520654306,2.1431383799123,1.83993494214694,4.21319076281839,6.46617474769682,3.59313957573811,3.37554484307715,0.550504293228531,4.09929754249138,4.78393368455641,2.19128930170404,1.5997606542569,2.65058092421294,3,10,3
"1385",0.743660887301946,0.993102404005043,1.42290532244883,2.35542957941588,3.20158418071505,1.58502449992526,2.94199816876051,0.779298209470461,2.07314038708903,29.7396439059459,0.540171100240571,3.70218926815223,5.64914001934834,2.50280517171577,4.37198279129876,5.10569065662191,2.46806283966786,0.275703347473015,1.96001571985317,7.78732565045814,3.51040035690667,5.27957132408819,0.681440367886798,2.14419948223189,3.60255585605575,3.13857036152482,1.37355947231629,3.69163136585997,0.526725017038904,4.68862127895705,3.95984244056421,7.31448021249644,3.4333543695402,3.37590044156049,2.54335772079433,0.789652473030789,1.02573209870574,0.621676103553399,0.713016435506397,4.38243243718881,2.13412106438857,2.53455270679286,3.49619694904409,9.58390793412361,1.77839806077679,1.38863285006332,1.9040237329993,0.561298803770452,1.53295844405642,3.32893513075857,3,10,3
"1386",1.980561303863,1.18635784105225,3.07182594034138,1.55826916969226,4.9751451479308,4.41446846209973,2.97324966293631,4.38064189550141,1.651583047453,4.10297479624328,0.970115415113673,2.9162757384606,3.41325026080844,3.91462414704867,2.13802368426005,6.12460787239781,1.3061511033711,1.24873063431952,3.39428549365471,8.07600605393104,1.81703140100325,4.79816034278101,0.467021087074911,3.14406226677539,2.74792049524686,2.35982270035897,2.7923947814856,1.35891666005567,0.556941908440091,5.23913443483764,2.67465266514971,2.6585449139787,1.9496470546627,4.48358101973536,1.04494151590714,0.534294650140491,2.76785026010355,2.49851212312994,1.18546896412351,3.73633803834217,1.7760684427751,5.72197958824154,3.33263057823438,3.1426619843566,2.89288932195451,1.21892813124163,1.58458271758803,0.289161416367912,2.87217805117483,6.40956911923928,3,10,3
"1387",0.628538632769375,2.00647770543795,11.9451017926,1.39258595897544,6.71712194264197,1.90474076733372,7.2956781227675,2.26982581561483,0.835860124556439,6.7892613071355,13.9715200584228,2.29605122668486,0.268746292885157,1.75775719556149,4.70546127100348,5.38683688382359,2.09631062756976,5.50794650224747,3.5270143357165,3.5499253818511,1.42310730092914,2.49782295511616,1.59109220065418,2.57462824099674,3.74543226842516,1.77070326721671,1.60924309500269,1.84680290533652,0.871137169960635,1.98543590281744,1.50614265136214,6.42275391578328,5.20066658032853,3.26703609491357,1.71286800149,2.4654803695228,5.27928876545443,6.01049534421434,3.04240271316571,1.80676682709226,2.41707732694653,5.79786796350898,3.30885786529051,3.02456832598644,11.6243734955497,1.48425478935221,1.60466206947485,2.68733942881914,1.58127465765605,7.19772758685151,3,10,3
"1388",0.862017012826024,1.35255165196485,0.564040914642617,1.69768343648626,3.82810822965586,2.99673387125015,4.25555454286469,3.12242313110141,1.60068768913767,8.22509337208026,1.35438310135292,5.39966443648006,1.95099396370057,5.73131126174571,4.03855287208659,7.3374948549736,2.38441885126169,2.66162331334742,7.77025796399213,3.5921831301967,1.05958010704953,3.40485284177614,0.918816503035321,2.15871770424555,2.04051003332364,2.15436618902864,1.2094911017542,2.38662950973813,1.62335506726725,3.17710838492583,2.46699157911934,2.99061031251771,3.94238218432144,8.00480179156449,1.69471389741613,2.52095880255066,0.921582409687795,4.6873641597873,2.26334655347915,1.04707704101932,0.671327469978084,2.44413132571011,2.03872916863211,3.73502809564744,3.92562436117107,1.24616669467911,6.32838522287841,0.775968955672294,1.13930133270656,8.10173533922691,3,10,3
"1389",2.96808593259573,2.770651039433,5.89364354291081,4.19597236934717,4.08580163045659,4.18947405508227,3.64961673940651,2.51435973093819,2.53043778516596,17.9634922523345,1.91307919043724,17.9180534414796,3.41575506613497,1.64073762620557,5.92405853439375,3.46256208769754,1.73961964594663,1.94264231847256,4.43201179496142,3.48286574481823,2.60837173302226,2.18880689902908,0.945129060413927,3.83698623190452,3.83030575972832,3.22663645994632,1.06107253283925,3.58598984510005,1.02267640140296,2.1660062101747,0.789884944098574,2.18061470421289,7.34332791972481,4.44095359149039,2.27328035680426,1.63620927807842,2.36435997319176,5.67822913058007,0.541809907672509,1.07242143847498,0.588396676860042,3.27839511214622,5.37232692529233,4.34555044583687,2.1048350656795,5.74838053003335,3.39771221490301,1.13362250896493,1.54358992589414,2.17948352941606,3,10,3
"1390",3.22294896843094,2.93463036335232,0.991252137505489,4.45726106884774,3.20163445511165,1.34935634221139,1.99853079867004,2.5385835645594,1.56997829978479,16.2891392015155,7.39593979640803,2.83929093761679,0.383331958855089,1.00463076645417,1.8860172529051,4.80762375400897,1.24571827729073,1.06007975794938,15.0324830040454,7.86572508119186,1.33454607769653,3.45649908775382,1.95960812305735,5.55006514745603,2.71223279514273,1.3780044306017,1.32070736447838,0.710884736510854,1.3748216418753,4.17687155476903,2.4448619558322,3.1602832122147,5.8784177198309,5.75489556403581,1.66824805302766,2.61317916339038,3.92049749450488,2.95044711403135,0.325647275116611,2.13996486203057,1.59833753907626,2.96498729173661,7.41745825462678,3.45388128348452,4.30710762559341,3.83897191490951,9.89478261865076,0.78828428481539,1.19930789922084,1.96381403576588,3,10,3
"1391",1.2220286230858,0.858921113189625,0.520480697320077,1.67013526070324,1.55463918152015,5.48617421273528,2.57343772659035,4.4133964475339,1.35460306469241,3.5557319222298,3.64754222602717,10.6597899384447,6.89774042186462,1.16016943244515,1.94312270628176,3.84794691625008,1.24577543197199,2.74651071933799,5.5847717545969,1.93467252441376,2.43380628949008,3.47096600582105,1.52798956581094,3.97806830802224,2.23696715288818,2.17409428433045,0.811459924059028,1.74746067995024,0.950350186959904,6.6862007761168,4.21753417854652,4.04488044070422,2.34403062492592,3.57844757081463,1.55759968240037,1.56039853063251,6.45038270504695,3.82187199121111,0.566278816035939,1.16296099845063,13.3321915894127,2.6437250580494,2.84172662910858,2.53883598582994,2.26766291445549,1.48251201896214,5.15706507510728,0.727874285021133,1.74253822942521,1.42109101701765,3,10,3
"1392",6.81986550121966,2.73530179084351,11.1108459970462,1.51069663003432,3.82001764856235,1.52251576888611,1.20214868493632,2.51789561790908,1.68501586119106,2.46080689359476,0.773933729778334,12.3571420945008,8.28304378123939,2.94978843143052,3.57875016928107,10.7276585943151,1.30258943612792,1.27367081449591,4.38245591684065,10.3037571064616,0.960548411347967,1.97457443650022,0.29328582198191,4.24541932514278,1.2539513900617,1.77255320042213,4.77742660799396,1.85539775301185,1.01633065918227,8.30138662193309,0.408168124503398,1.18967998169692,1.60046052549869,2.9490600877899,1.48605295252314,7.00368470377874,0.901343805716722,2.66581520306444,1.83659095925093,2.12904858125197,2.80144358262589,2.61293930516986,2.6627498647326,2.84599032751317,2.77572612732727,7.81441159073819,4.26610674844369,0.810055843704079,2.36574175386976,2.66390574532301,3,10,3
"1393",6.4387008359344,1.37740891177403,1.90553850663104,1.72387931408227,1.68980902212714,1.15636675525713,4.40854625189572,0.99668586282193,1.5148751933177,17.7130032824871,17.8789708645106,3.21469747663673,2.46968085957223,1.78270413815664,1.65014636020628,9.94071106721353,1.03647569127431,0.188781932595297,2.52861420434768,4.5070409341321,1.77000159508198,2.96231793991832,1.18354369930957,2.65000795084147,3.54091521768241,2.2927338386986,0.735054164163549,2.38205503826621,0.678804279520122,4.88056188394401,0.490743586911942,4.65533269193616,2.62705089171312,7.6227754285516,0.451663690090778,5.48010502648868,2.53297988002025,3.07325284295896,2.08934708361045,2.57335988332007,3.73672752876705,3.36655063856004,2.25777010995268,0.966260835849287,3.19492948885625,3.61199169256094,2.48753887259933,1.17821788651887,1.19318208160938,13.4917450080242,3,10,3
"1394",2.44926413674848,4.67537153993344,1.73623923482187,5.24377862277194,2.38960526423798,2.65532395828685,8.03222470175546,1.42117338412865,2.88075292036162,6.55557011607965,2.94170702745116,6.1842366985658,4.58135094216533,2.45911184132697,2.06448176882465,10.4926621271288,2.07241020547668,0.859928920398051,2.28375646493674,3.44498762966997,2.91635896300711,3.74187782461697,2.45669685305606,1.46130851450516,1.85308454699926,2.03111427347599,0.778417500091378,3.33147440114563,1.45456982713592,3.42324939021207,1.15228917705477,2.79927298187373,6.03626067002548,9.17757660014587,2.60553865235575,2.04343191552798,2.13306056022392,2.04953254669438,0.673254623084837,1.69910713366517,1.66852866449345,14.1192100509773,3.8202100014422,10.7901225925139,3.37274700227725,13.7312779914441,3.90926031991347,4.09005268915842,4.18419121627544,5.71796821320686,3,10,3
"1395",0.872750470303264,1.19312521293512,4.27673308992217,4.13690074708698,2.67196566254989,4.31421424911458,3.3361428258362,6.34577166810681,1.8296682453998,13.8128801189541,2.31930007175088,4.33080700185961,1.72959825674629,4.12915707199235,1.90336053476205,3.11331581039084,2.28597989068301,0.237574754140954,3.25192612081229,2.90970222014922,1.20735876212535,1.85077402488828,0.719406959603939,1.1367591674229,2.57977481234598,3.19761712813922,2.1695845039052,2.87891902867929,1.0166738870842,2.54853662143552,2.02903816484259,3.37250809636699,10.3624842245211,5.16094277499258,2.2608329502195,0.582952816185976,2.53530891177671,1.14727757685493,0.68797334638987,9.72451356743226,0.84469825940828,4.34911871154517,0.844360753465324,4.96030393274241,2.28797804368309,7.6126260167913,2.72961792119818,0.224205778884589,1.24325361174301,2.51722137925751,3,10,3
"1396",2.0712211244937,1.78994180945534,3.34229553673175,2.30769359576121,3.93678667664455,3.2773448834163,3.31047073688614,0.841536027846703,1.07186334322151,8.87997820877805,1.74714437268786,4.12282619169889,3.3135182386569,1.67002323641699,2.06107924174855,3.24794820044624,2.84138203038927,1.17963312357223,3.81145773369984,2.50152906876046,2.77513909915287,2.8530874633027,0.198139677584932,3.70004485080711,2.29699349380055,1.76751859210802,2.59895427372779,3.7683887053032,0.986482029613822,1.91288318966501,0.97666235454284,4.71316812351583,3.27952508806691,2.68357495151025,1.64112503726645,4.70380657513437,2.54440013894615,3.66307896325214,0.146028911872808,15.3833654376341,4.56098324610198,1.61163518127169,5.92677947700771,3.98364532656915,0.815780914597783,3.2840221050185,2.89794594695869,1.03676539264409,2.69666945575722,1.18583810573603,3,10,3
"1397",3.46700037845706,2.73623460554513,9.30742915025227,2.33631929583976,5.79483095186702,1.62978989820917,2.52254277052979,1.85532077453576,2.38047938425174,10.4280361303514,0.589866828309991,1.92771659516682,4.51428257849064,8.20358014828392,3.74792757505343,7.1908289582686,0.966858576858376,1.49183434384297,8.88625070087219,5.41135300174568,2.48324422866981,2.73931343398598,0.291361555753387,8.04336358739473,3.17130039223859,2.43806947979802,2.33089849826292,1.2666651582684,1.71497506831285,2.37241427747916,1.24218499123986,2.63120224568751,1.91202796215726,4.79213710963593,0.462184766531469,2.63653097194948,3.66083510912686,6.40360735040071,0.95504603028444,2.49635978691313,4.48671053694291,3.28193537641161,3.83160982896689,4.02060744825632,2.53255595644196,7.67073636745161,10.6527486950987,1.76367798724035,2.44643021768455,2.70507016632586,3,10,3
"1398",0.943421594916477,3.43816323413998,3.44882725215122,0.905767250035833,1.7312576364779,2.77033919492194,6.50249046054663,4.00517287974179,2.34853866610426,16.5752708802717,0.782182053139511,23.9226275301908,4.95554124219135,1.77402312308799,2.32966464187191,2.07767692911044,1.21353961524959,1.90770070062728,7.2145542159753,4.43522634574635,1.13670113386473,4.03655992757637,0.534138296503293,4.82220015135632,4.4441672201238,4.04009525111493,0.822754314579224,3.40844884703044,1.53369918918234,1.67316821526165,0.619628982728415,5.88997659553528,3.90600498617388,5.59911661787394,1.33225651556838,6.93062912297691,2.68451691454203,3.38016553656725,1.81005257192998,3.86212477120775,1.07254463624591,6.0963637934107,4.62281615325142,5.04855321629366,2.76362161075274,2.06294808730404,6.66124907827702,1.41699741654859,3.86366859534071,2.67210843590773,3,10,3
"1399",1.18809860740143,1.45937957359571,3.2320198654862,2.45308319935669,3.65806545204367,1.58057140597937,1.29502969984675,0.945091476342505,1.48990265128704,4.90093035546993,3.70971248217448,7.91897529571822,4.33595303595416,2.92609056473589,3.59255157144244,21.3723020816631,1.54850633513476,0.798239072481203,6.21195899413416,2.22695945972309,2.0743653133123,6.56466329579389,0.901835362030481,1.38739123110401,4.23242575903276,2.08407178996234,1.09098527047565,0.543659991819193,1.46618779677035,5.2812544069085,1.12969207602825,8.62395671428212,3.89733255047882,5.7060324723712,0.401036433762519,1.5323968889156,5.70531826000565,1.47956677993988,0.680963777954606,1.5105331338136,1.71344520634477,1.94827392621925,3.76645937559928,3.14769329566201,8.18268578309553,2.4061225943856,4.47540992981322,2.21920564706636,1.38012993826541,1.86271859120414,3,10,3
"1400",1.31011760329638,2.3712196263926,7.12647217166234,4.10981184523145,7.14351779481194,2.07857817715118,1.31849707392307,2.63242787280938,1.58089446995704,8.56020004847906,1.71474034736026,4.43773685149755,3.6405395231547,4.92932584893292,1.66780988142698,7.14029012438529,2.0288641428723,4.82840918570827,3.17497356710508,4.15638512200893,1.13276854567734,1.67929652099884,2.2629423440561,1.92402248190583,2.00212723622494,3.22285213711538,3.7134092706236,2.46505749186156,3.71192643629092,2.65514884680842,0.776051505217989,1.87276710827692,3.17985706270097,3.32571642368028,1.80844993934435,5.57923835001397,1.64327714312071,4.55314146125697,0.453392735130301,0.988662877287911,3.88259437172074,0.771130978392636,2.70362523046607,8.45379541962658,4.9774392509247,1.63832955181107,6.68319065426663,0.748011447161282,3.27297064310714,1.88078084673804,3,10,3
"1401",2.36684952945461,1.70707222502631,2.3146034045271,3.06789509962181,2.79530801500298,2.15044445844671,3.48179623769724,5.01265338281923,1.9706166656542,19.2869481780462,7.86997594387012,4.14212429309314,1.63770882108142,2.59667223418207,2.46004499204562,6.89975769536048,1.91156920374726,1.10992267728318,2.20632594646743,9.79948418143362,1.60737153766511,6.49464805448287,1.4163960131768,4.292061002837,1.86754608256998,1.79005520948735,0.969634272156003,2.55408064799355,1.50871688344754,1.99395384744866,0.46168491378345,3.39791348455981,1.85484354821835,3.18316391641648,1.35487048420963,0.633516402798067,0.785646132296185,2.04365144496751,1.50851714679582,1.47463720307063,3.27120925455633,4.00636150391054,5.52851123952157,10.5593887072813,2.16988625132085,2.05786852274826,3.57908879849492,1.59198228018698,0.588365319309702,1.57267111575835,3,10,3
"1402",11.7343766494715,2.16887707720009,3.28341548515329,5.99512167249057,2.14545847844147,3.51909060130484,2.02539603677069,2.00721744279981,1.78200218656704,6.2841361445816,2.83121152960126,13.8663294736437,1.89589884497223,1.17160249714353,12.3956668810418,0.896275029735441,0.839015210294412,1.98655414623197,1.53168515836182,1.96019714214099,1.93908548276237,1.47366491066263,0.65692632959352,9.08304336022589,2.63747661627722,1.31011439814405,2.02053874242677,0.743477106224851,2.22801888477942,4.08180376865411,0.229957318239252,3.43969256008811,2.0679368409959,5.98872710662734,1.63534517759334,0.763239717919212,4.72682113660722,4.65989566755185,1.25460420007673,5.88237915257649,1.8070823058165,4.1654378277673,3.01504073250731,3.99611295495659,1.71154733122393,1.3570514541581,5.73636904249778,0.343724661524824,1.78012297595501,5.00551356074008,3,10,3
"1403",3.3584405869859,1.80389450283484,5.30645948815993,0.996197295424705,2.90554953436584,1.29975900907924,2.70351819472295,5.34536094832349,1.26181660249329,8.19994790854594,4.63983619885636,3.81244507747125,2.37870136796641,0.525966680904568,1.3579370707837,8.61961880612701,3.56114103292416,5.20920493370747,1.99315824527579,5.80255305485849,2.53261934231378,1.08976116803077,1.60475330094041,5.62224114032153,1.91235110042934,1.40020679797164,1.00109848263507,0.415473093144331,3.45428618243992,2.25338359218524,2.99440108587121,7.19912852963453,2.69749237020858,2.46697749496558,0.974615157825486,2.07932840340071,4.05259887698162,2.90150798039405,0.231897287574435,1.11730788794852,2.26530445181308,2.86837901413481,3.69403824213138,2.70570063109735,1.27760490264067,4.23200923940422,3.53552860104849,1.32973577014433,1.46364882262783,4.78107165962912,3,10,3
"1404",0.236183258278462,2.9953936839624,8.15425944599478,3.49854747903215,5.69488261321841,2.88749292667799,6.75808722731557,4.45111413027934,1.25674378966128,7.37154590043115,8.98531643207601,25.336844287289,2.57558334911707,1.88513999072717,1.3735040904052,3.67300867287139,1.75860417009742,1.82152924575898,2.56519474748437,3.92129022067877,0.892194630924396,3.97734554318827,1.14256031747237,4.02722993855963,3.1253010223653,1.30837885211683,1.57646015756263,1.27027475391457,1.09779764581551,3.04832378972927,4.86287259723328,2.04435264726145,2.59348827387055,5.9800834973465,1.81410805857437,2.98293731051742,0.600769868122839,3.83747739753313,1.85141149234779,0.670564089313149,1.54679945792237,1.69338281249935,2.21093812594133,3.76341947548197,6.40498711051328,1.21079361717077,2.72766163243304,1.15454627275039,2.36483525867062,6.31842032169592,3,10,3
"1405",0.912612600098348,3.37809832662551,3.01029863624005,2.19950610016337,3.08720881253737,8.73524690409118,4.80529926101973,1.02581020383269,1.88176542025115,10.2336940618752,5.81813973415143,5.02159714689362,1.58150960990678,4.16685787226045,2.26211565296818,1.85288892720399,0.924169788167087,2.31326411489228,1.9987477275767,3.59878920270269,1.61318128880671,3.23002031964225,1.10213667940773,1.49965689095159,1.57762782766871,2.59011834528538,1.37675100178703,1.71671423518449,3.22464464118109,6.00655256781717,6.68897241388704,8.31000611955751,1.9270265700259,2.5526286921478,1.49880059380727,5.40311106428841,4.28415978061555,1.83266985330598,2.98105797471894,4.48573493172744,1.84269699370379,3.55251891441889,6.00595730413929,1.43688845301584,6.80109361703646,3.95884021099456,2.48635923492916,0.429588397673037,2.14816408070474,2.80191387977462,3,10,3
"1406",3.17382469784205,2.88076476037466,1.22304044905257,1.20226760503972,1.99471465238838,1.82755229255319,4.06801654091981,1.32286668561602,1.75294784811281,2.29960624389199,6.17597083064533,5.36399713691534,3.75167631541346,2.18446709315704,3.26171156857553,3.96410070683178,2.2445468086139,2.5633886540906,6.91149510147423,4.55006480490106,2.55024593046336,3.72443076506806,2.14406248904986,1.46274427070936,3.12509391650901,2.16623717846463,0.575299128457611,2.73389970150315,2.63055749279933,4.02281558417373,3.85718574872983,5.53528240457965,2.5604931589331,1.76989871851234,0.834403270493718,1.54701408169979,4.06376348529061,2.0730346739961,2.08873275415743,2.16626928359855,1.39312829293641,19.4318706672882,4.9619370412001,5.87516442210097,4.85147603652543,2.70579450879628,3.46104446713693,0.268444383592954,1.8976695464344,7.31391275147388,3,10,3
"1407",1.96566479462159,1.94459493925572,0.930356117754498,1.75679070815198,2.75540249115145,1.49740342668328,2.41772863562162,3.37549625857705,1.1862544224698,7.70001127798862,2.71287110674787,5.45064684069129,2.73827212931191,7.29827636039988,2.83308640604289,5.40424916289316,0.906867394783088,1.71554198435777,6.70899030843521,6.18045057794053,0.678553672406441,2.54665013886643,1.0431336134051,1.84752515448395,2.37398724367495,2.2848735661965,1.86171224484707,2.09779141099504,1.40545170832033,2.79777803670821,2.38118216207645,5.92029561875731,2.02530317395249,2.80183257979034,1.27618788728427,3.07456256606772,4.05968521926228,8.4072169477855,3.9961163643649,1.33365335638851,1.31552298124487,5.31298742606013,5.50243747860963,12.2871715068795,3.10312995213207,1.50261170635297,4.83881577890369,0.98941385721058,4.47122323161476,1.52813610152533,3,10,3
"1408",1.93869751782033,1.47513249032312,4.92207692316048,2.33087728313071,2.37270146233785,4.62626050990138,3.75619125719321,2.11661370365235,1.92457661272145,7.46316031281345,13.6263058721595,4.88616549359871,3.29164597825758,0.818362226587284,3.01684651758648,8.74847846386172,1.55302660650077,0.947508063755493,2.94433666320909,7.26775759870577,0.522048245949979,1.61116397769845,1.96971085485112,4.20995013321915,0.937916793010216,2.59357934582182,1.7675307150711,2.73643736310853,0.335573324731664,9.72529806574971,0.871609786964705,4.03014214086375,1.60513905849231,2.91887059883283,1.20163470167148,1.71431102800272,1.43115074446261,3.41721518599042,1.37947551520913,2.3151378639077,1.37035633722941,3.59359679454774,4.51085145009604,3.64627143476334,2.51187707899881,1.5620124100245,13.9931368306219,2.27988832576446,2.4924793012414,7.72083106668183,3,10,3
"1409",1.12872112482095,4.1452859002628,1.92016555143414,2.53018863359321,2.88092840259935,5.43401325609779,6.74077089345851,2.21856492559182,2.10238338395104,3.81828755539097,9.73955908563828,3.04579283780208,1.24792646723876,3.02259520560476,2.97797716272074,4.68140744219362,2.38499709126274,1.58783946945868,6.95604142086184,14.1037141695539,1.89448127002953,3.63605400742219,1.32642592370067,8.67545554854536,2.63998225397726,2.75396517686927,0.59111021304681,2.41565444004868,0.6437370417327,2.26120627195624,1.83019007160985,4.11680592372581,10.0952821280396,3.63332462258296,2.08855562056677,2.26575238170186,6.87607316348779,2.44941512530883,2.27074628192193,0.531445644316261,3.05097734752022,0.959761288734984,3.68657488292212,3.21747307640484,1.58862352435937,2.97669112426575,4.87669807043848,2.15265675252879,1.60821069090921,3.36858923976486,3,10,3
"1410",0.824659367920648,2.01246242315161,3.50536619184808,3.33139724728363,2.97766452607854,3.93288595006952,1.92900000989758,2.90930031962339,0.831165550299902,2.32848092859372,2.78657364317026,6.64164433897941,0.879354225554584,1.49889466689205,8.60637942826557,6.02606131662478,1.89986944682658,2.67976841132209,3.56899533919749,1.9243847036163,2.3325550842836,2.33040720275345,1.38457902909469,2.34860509271734,2.31128027663136,4.51681964883488,0.904925960518361,1.03146365961777,1.90383478754182,2.17648680533726,0.822327331968835,6.30515684248961,3.98346709295816,10.9366490673965,1.42608023629008,1.5150190875172,0.436159278557553,3.69404968177858,0.517457729816162,3.85974491842432,0.604527848489099,1.82761554950224,6.98123796581496,4.33949246858249,3.02282980643346,1.72475332631135,3.97979716262881,1.86170980631888,1.3403935144062,7.36741882344507,3,10,3
"1411",1.84659635920748,0.963270562561257,3.97895597732125,2.09922078045107,3.34184906750232,2.23391959081234,6.78271669717759,5.12533930693868,1.79870298147022,25.1492255326306,1.3646265356569,5.03449751173347,2.21965289470021,3.16723017089611,3.18596512602646,1.41606943372062,1.40284842746584,2.89920019583109,1.07487229643089,6.66091117602473,2.48923398519612,2.80043835893583,2.94253128470269,3.18847694973982,1.47546868943409,2.39132148473312,0.998888334652511,1.92624997542257,1.99621480228087,7.83324761413239,1.70544149148744,3.08984023888641,2.11344873402575,4.10723168223851,1.44499868273064,4.38660101722816,0.228734885602271,1.42667423080609,3.60693195616568,1.8644012260632,1.77171921212863,2.67460983938502,3.37249054516874,4.40959913265927,5.87001704089552,11.2290898270734,4.86011437049441,0.120450724124173,1.42771514038191,5.15445313221696,3,10,3
"1412",0.621830645502533,1.24387387366389,2.10552969286031,2.30350822537777,3.63043321314488,1.9295959871269,6.89079090563202,1.19348377492854,1.94356074096544,4.37753178383665,9.12848233063343,4.94689271703317,2.63380131602061,1.81086812059173,1.37902468406565,3.38250008751546,1.38953892104605,0.637670543222658,5.01038202628377,2.85922209304749,1.05448184020771,6.59271061465444,0.297322364449157,3.40520268981224,5.08536846579538,3.47274404833129,1.01143349064554,0.694451361683496,1.30962841622723,5.14291192942225,0.354982716603841,2.10036625104831,2.55740265653516,4.30569686471756,1.24309434446877,1.30758180809698,2.83141765343055,3.14856729905975,1.85846923936302,2.94576293881843,1.92716895559678,10.7934555486855,4.02674391414836,3.01466914719354,9.42765655241698,4.07103508864502,8.34270721527555,0.757341094984973,3.70466893053056,2.38684997405031,3,10,3
"1413",1.29838614914054,1.24893842018691,2.4049535082264,1.63202527351615,8.01206757365405,1.44979551735769,4.28790616708026,0.54198856915219,1.14700369619041,11.9818737170677,14.5721606831038,7.21764876796836,3.40940815803679,5.32876764981031,4.26250775886157,3.53063028861261,0.783731613806137,1.19300195435852,7.35094654855074,11.6377344164102,1.43603443446286,2.94974706857633,1.28240459430514,1.03836108962308,5.52603301697858,5.13533791960463,0.961279398092754,1.04269609137901,1.96324954732881,5.24285633578967,1.2803856603308,4.29079604681194,2.43028433569063,5.71240274741811,1.33511272977653,2.51537847817408,2.80978265810115,1.16215331493942,1.91504754914285,0.354312484292347,1.70908026992979,2.48971985116979,3.10216974534412,8.21816086394809,4.25771944133797,1.9194561488392,6.77652216255657,0.728732243490778,1.35895946317426,8.91326010145015,3,10,3
"1414",1.68587187552642,2.03722313791255,2.37396635585044,1.6243874339718,8.51112502600289,2.51448014503124,6.14917664929942,5.00117412621694,2.14126760932204,4.80961142225773,2.99035694401088,4.57714440011918,0.766244524293679,0.823755476504371,2.26505636671857,4.44907700362008,0.645118529662285,3.17834964447837,3.04431070114631,2.36858480706047,2.12764054509159,3.13466910540937,0.795111866349564,3.11713738419659,2.28577143634258,1.98898180107328,0.386119340777316,3.80426685864794,2.77584152649213,1.51275059665095,4.63325447049389,6.49579642288913,3.94410605723766,3.33277860876262,1.47014251745542,2.18969388495504,1.39035282445186,0.912093419688699,3.98732459051069,1.68826988702841,6.80539747085871,2.08887987479701,2.3561748394955,3.66471458461546,2.44560089008633,9.4224263140858,12.2800446699689,2.02238745236381,1.13770835273776,3.75974697570624,3,10,3
"1415",2.08265555570328,4.6902176924235,2.15413151480284,1.31534624830775,3.08284093692237,1.67384862096777,4.32359960067101,1.15737073941497,2.45627199624931,4.08037283065669,3.95168821517908,5.58416156090487,3.15210770286025,1.68924755130959,1.94749459884935,1.46451753900112,1.5595803017846,0.85043660123886,4.35258252268654,20.7630718126601,2.22625238661815,4.19171065808382,1.82848069247194,20.957624087421,1.91317548779984,1.29108933842103,1.18623446400378,0.497580873658265,6.89124465430091,2.97564312659005,3.63874988941383,2.46122090260271,4.93231238026366,15.9329269715064,1.34253057692954,3.11501908223834,0.826884122580251,2.41688639273385,0.79805007771399,1.16001136835011,2.08887943550642,7.87341221277692,5.09128260244821,7.10142849370769,3.08637401974851,6.80709367060255,2.3476798752191,1.71178380387054,3.27606794690115,1.38555820387124,3,10,3
"1416",0.643749120633125,2.69717135952387,1.58995642700201,5.38988652908294,2.86624424076649,3.69793934095684,2.54432343200277,4.21345198119504,0.953600078618251,8.5415881638778,1.53220064972859,6.60729101820154,1.65561391261902,3.66638538517497,2.51892239003075,5.29166987226156,2.14057320643978,1.87030940538969,3.69164267446083,9.78447093966065,2.02490616680675,3.21098765747164,0.293131836544085,5.89845575401006,2.1834461599899,1.18113157156892,3.37559332939339,3.37625762580935,0.813676894762334,3.64538350176578,0.358764390139321,4.16833354729631,2.94951066265846,3.08752029950532,1.30817600555858,1.39850351884888,1.0049477078222,1.82108422764981,0.750175397974289,11.4499780889454,1.65014783819598,3.89157410842493,5.39549270124993,8.40687697201373,1.75720988582582,1.8915115935822,5.70062715046755,0.7468600443234,2.59410028691005,1.81739092244459,3,10,3
"1417",3.78439138473469,5.51992621007467,4.00604889282945,1.54699614280382,7.82047103385028,4.44654660760735,11.0646612129085,3.3694907486821,1.75811322364698,10.3027894655295,3.74803379070951,5.30315710110167,3.02561323288594,3.78961167148123,5.35450440546337,6.72391123067539,0.834767185404836,1.18555968709342,4.86561753068931,5.27822765246812,1.10339056262743,2.93820909417597,0.476512138212104,6.63078669736644,2.87713214603583,3.22581645163601,1.73516001139344,2.68020663218227,2.46593511250868,3.25742818705327,3.38578725446428,4.44328520796055,1.67150199253254,2.94905790059353,1.55354223909254,7.63350149348,2.15345564289557,2.37819108712541,0.181679248282099,0.736050864431564,0.868802845613682,3.92519497244511,3.771810179958,5.5210142873153,4.2382906794403,4.49445015101659,3.13907864871236,0.517301526303048,2.0032785588116,5.4048730567164,3,10,3
"1418",1.01237768097063,4.92303696014138,1.2016983832354,1.79436106759528,4.16408297960667,6.5080788367582,3.03707876803936,1.92640814585753,1.11849223843201,13.9092585468503,11.5075630598663,2.21396543375089,1.88689630433471,0.741973217950331,5.25814341821247,4.13580680744467,0.579656782686716,0.216170566011043,9.26816538706647,0.67850347703311,1.91393895234532,1.51941517032825,1.44207441294175,1.66791105270856,1.5519975467682,4.53757647700759,0.80799952144444,1.95748424209592,3.63485512455719,1.95832160945973,1.01079556788666,6.74962537000496,2.72285696086974,10.6227183883471,1.83294662082605,0.359906482983176,2.91953765908624,3.45292274155411,2.10784086866166,1.24165140379108,5.21040502113452,11.0378280559902,4.47895092920474,9.84642835621232,2.19947622384377,1.28030807623725,1.78954913374781,0.920139245318489,0.192921675531011,4.96470433042845,3,10,3
"1419",0.756095893579668,3.8132825664811,1.5898856665156,2.35273373613494,6.54373785014896,2.1115942839015,3.28740631630803,2.52780654096326,2.17736564583248,23.9549531082442,0.944236635723309,3.93356500049756,3.25419372149133,6.09526136490882,1.51136153079293,1.83073479270278,0.61531696716675,0.46014153055941,12.2788993103103,3.12571149229867,3.15003085584373,3.85003741297993,1.36839625307312,3.4338535941667,7.36456701646557,2.84982288944242,0.404879161157055,1.17438010241691,0.971658664166306,1.58554280135895,0.550470833193322,8.14927147965754,3.06649127900043,2.29384058253991,1.12999350422905,2.64993883997123,4.77490196869026,1.99648480213233,1.4884731190495,5.46473475628557,2.400062150521,14.608903513829,1.95633490627273,3.68954542715212,2.19322561860642,0.732862375754914,4.99002188798536,0.896748340763854,1.74395692695931,3.31026144731337,3,10,3
"1420",4.09243193220504,1.01531640463027,0.953673218538195,1.05114330157482,5.62468892211527,2.04698810996261,8.80522151493081,5.15219531286821,1.31835184009297,1.95645326432178,1.05523466962675,3.41723286906944,0.521961302781016,1.70900610560224,2.79032319663555,4.65267903300388,1.67494013342235,1.03995608913837,1.79563797165613,4.13469666997497,3.93034010475155,2.38561525798543,2.86640439521964,4.38710133529762,3.79183942404278,2.79999207181031,2.62684335426996,1.71963938942488,0.991170650027009,2.7302548554386,6.94071903834891,3.23278643789796,5.48285286531624,3.92912799517446,2.54835646056101,0.636061439327823,1.63860107529399,5.18165702415481,0.807911717940622,1.62285807004854,3.31831905055675,19.3631760262047,4.28803409928268,3.59014521698104,4.10747109143185,1.034870674582,2.2532617922352,1.59061001776784,2.17617640540989,9.3936246482631,3,10,3
"1421",1.81737728662511,4.31141809256342,4.67067844429514,3.27531100149674,2.82335679286483,3.67622552130595,7.78807775421702,3.31022997487427,1.57483054542684,12.5361344136416,1.18920838504665,3.06332357272081,1.11711436518508,1.68703140689447,1.06962883205255,7.02866370262636,1.32739662225861,0.641957383040881,3.38094356622728,2.79168700020218,3.06354383130927,2.41497969352006,2.28767410253268,2.87331592435153,1.03427951606194,2.95554998875844,1.22494344707094,1.45404288864527,0.751766978970506,4.98431034873763,0.406803552793358,2.59516498320992,3.47377235376561,5.12182398096301,1.85297109660865,2.38874157209972,2.74173414352214,2.37190042580414,1.18922861614221,4.22659753812464,2.04061490664018,9.14802803215883,8.42850867188556,1.73222340778981,1.6978989726598,2.64959151982928,5.87430088982117,0.717996875674608,1.25790119898366,6.110538966002,3,10,3
"1422",2.80264309788172,0.850461350166088,4.48911357921213,2.15910627942769,26.5577477867593,15.6434132606698,2.09919596904775,2.27378772364986,1.30665845578678,14.8221063928786,3.82734830372208,6.83684363927367,2.87281185475821,0.69403304427604,3.42706238591305,3.79021236727159,0.825107379221681,0.185719371871747,2.70432370691451,15.2404390121328,2.3259170666699,3.48500664127271,0.76827603556245,2.18034031758017,2.03395863828788,4.43330287254746,2.15780790749058,1.87948911870133,1.39068242844393,1.63954531144456,1.10379861435227,3.17373179319945,4.4700633716327,2.08909283607814,2.70455750919328,0.420556559311027,2.47261158072921,3.44142029242626,1.27307233988707,1.57654835364738,1.30662030644117,1.75145189049566,0.7076057134609,2.16346572835907,3.62739779699523,2.7741237226202,4.09886491369138,0.248885741239747,1.59106597819116,1.97862563589173,3,10,3
"1423",1.56356596492228,1.73721450415076,3.49274586973764,1.7308393558348,4.90980077599602,4.05604382371676,5.54581186350441,1.8938952658054,1.40840902953281,13.9391849259073,4.98639987223937,5.02429244394364,5.37684830129086,0.620929339904116,4.48014017035717,4.04801781125341,2.12291552462169,0.713594799255711,3.05200231884258,5.37676454173823,0.715114476054491,2.37427909401381,1.22160059036256,3.01208112821909,7.67667464844479,3.8378036289903,1.74151752152857,1.82576935601159,2.218594245343,8.11080237981858,0.152035995124549,6.37569537467143,3.93155655306054,6.42257337912767,1.10572926657816,0.917144024784596,1.18806372886685,4.02869358451917,0.955166989415631,1.91864426370564,3.43644010215013,1.38025326006457,5.47708439657375,4.16056607517768,2.25207925807059,10.5591032348491,7.75174686069963,0.774937857835956,1.18307466015684,3.67441653996561,3,10,3
"1424",1.22397745219505,0.617801568581241,2.05127630222061,1.37103127843451,6.29225041728301,2.92974133796041,2.20540692727067,2.63747957156825,1.30291386048008,2.38459869170452,2.57237426563318,3.94458512134193,0.450118386599418,0.426850581501241,1.89691389336194,2.97786792971559,1.37204993341459,3.38505259880559,7.86149385629018,5.26649663223596,1.32722071843162,2.83486649903619,0.830743640710942,3.56103316547706,3.89002695668852,2.76346058375078,1.02150415006322,4.37157264445893,1.03342917624562,4.77464093911877,0.660907841067994,4.35401089997086,2.76594289988988,7.59188455204855,1.45274543680634,4.37748241225045,0.7715323473081,3.42054902376654,1.31009677273297,0.911796022585405,2.33809865185893,1.38516273198094,4.62850978568569,2.95408006483411,2.03082492439142,4.11537812928935,15.231456293918,1.67085072106966,2.76625102674272,3.59724305903773,3,10,3
"1425",2.59115535997854,2.00924355432903,13.0417937295592,0.883749781078817,2.53376238400638,1.10454920296104,1.95654189687619,1.00541429917994,2.21364056211121,14.6561194307512,11.203040578388,2.86228628361371,2.5045839490715,2.38634480363425,1.87590477013542,5.326226175683,1.155420189187,2.64833729116389,1.78489892362494,3.13396618759652,2.01495588832203,5.74276655671206,0.885885457333316,4.07103180567013,3.9836231069039,3.13381243388745,1.26986463691741,0.380626708174018,1.12293196856369,6.66648872924325,2.43544964692454,8.13777741407801,2.80682005048298,1.56675562984703,0.934394777579501,1.41495033569633,3.95288257767577,3.92367475851234,0.817916415000861,0.663866395452482,1.04254963580235,2.83199824645476,4.32885462617672,7.58029376390126,2.41079468029714,0.747934342264272,2.29068528207572,1.15850013121016,2.44768309952721,8.63342001547908,3,10,3
"1426",10.2275837585793,3.44137992944544,3.81647723620668,1.33861694416105,3.71901320079954,2.35237252178538,5.94450866370864,2.52949725717569,1.3374791894597,4.95302734284844,0.464793798479594,5.7336437947483,0.814999114914737,0.468498186774038,2.27439459714571,6.25706273577927,1.36369396661896,0.996390900857391,2.67208279722159,6.51185729195952,1.37028968293482,3.36564188918127,0.532136160844123,6.51807800207092,2.35528916678185,2.92172534008131,1.78315394298711,2.43061459309019,3.07423868854169,11.2517111212744,4.34136430668166,4.29685022742567,5.44107629315849,5.17276486087503,1.13808520585226,5.14650145768849,4.88904882396884,3.80634802466871,0.435426648795234,1.57402412518637,2.21866866065517,2.64812709845969,4.40915930617274,6.7887810294795,3.02424839867788,8.50794556024551,5.59927401741873,0.31861404324029,1.99427247865558,4.53155940556514,3,10,3
"1427",2.02282751242109,1.83314489881995,2.74707592973224,3.71601251153808,3.09703711656152,2.45452155802936,2.39414362382908,2.32973993004552,1.81749043253567,11.737292944321,5.80198204002065,5.83187794388756,3.17015593735923,2.82226758148804,2.00121093845408,2.72799945562442,0.365830570791432,3.15927763970303,1.83504352768069,2.86456149373658,1.99553823933382,1.91386968839172,1.73789500494347,6.82867449808371,3.9382081690484,3.09009006109675,2.2070873223762,6.76949855309575,4.31482929780765,2.90079778473842,0.154383196309385,2.58213548626131,4.21279225741637,2.45451205254489,2.18138320716496,3.17934195279581,3.35862892410486,4.25964593152033,2.08512527692335,1.77864521708164,4.47364694121495,1.67387911866778,5.78424323446199,1.52986702961833,3.78672536012356,6.29796797714868,5.01370637493279,1.32193194781102,2.48769176710956,13.7491013504537,3,10,3
"1428",1.74525656436185,1.96147063830946,6.14609560246193,1.50632112516875,6.43138406097453,1.52846149911412,3.67575127814606,1.54979103301129,1.81344459955947,6.44191953895288,0.761632636876417,4.20188684077484,0.580825232485051,1.65246878736534,1.70780368525354,2.5110063264704,1.81282002683644,2.03734497481707,3.01202773317345,6.51253466962296,1.9668440364401,0.869257096073961,0.895273367329003,2.19171626071495,2.28836637712789,1.93778070627653,1.26154099192064,1.79158568842002,3.62346317961419,1.97837970587245,1.08528269327737,2.41216990901111,3.55958160592718,4.91963276153652,1.03634353957488,4.57724974164723,1.88424128622551,3.64484648570785,1.34669829648807,0.527422860294071,1.20152995529647,1.97852681393242,3.87377977667503,2.7407567175537,2.28290206948165,1.71408226898326,3.11201008251207,0.513465306316057,3.87743604076239,5.26755245300865,3,10,3
"1429",1.05108645848285,2.33589142056926,3.81957505495834,2.37131246816947,4.51043268483657,2.34030011138941,4.49309120878648,1.92706103206622,1.38907095444917,4.18653658765419,4.85091487099664,5.0727910188514,8.15089413133709,2.40308331633958,3.90845906461968,3.80814993671907,1.54395169378365,1.72634248203598,5.9111215754602,3.04049486078981,2.74394274520196,3.94830548521922,0.697179186129151,2.58905135305889,1.14673417259315,3.28719258934269,1.18606309711736,1.04878954259364,2.32834859911111,1.85026495055462,4.53446747351977,4.30511880848795,5.13563313864112,3.62368879267701,2.24465236565077,3.57234424417083,2.62693788210844,4.05103129695656,2.63616876212806,1.18078533162219,6.76960844854588,3.38139494953824,2.27039067876881,2.96478471891515,3.86963802170643,1.25915464211981,4.07761191623378,1.32168112109134,0.920772375905991,4.21647257697944,3,10,3
"1430",1.55720874714495,0.990206479572877,2.1431390505837,2.93048956638221,3.13316935212343,12.1801900088015,5.94683322634208,3.54869581256482,0.92799173964942,11.3541009923658,3.98215369959404,7.22955313715696,0.949719258921447,1.71742584001641,4.0955135200623,1.6119777579806,2.7447052884476,0.876453125246744,3.70703903004908,8.73330867890579,0.347335563331006,2.03265849944779,1.78951723144336,2.33920526836461,1.92058432030718,1.04556729678125,1.95841507304173,2.83049711050527,2.07132938833297,5.28226892229494,0.56550477609036,4.45171854801318,4.70035205765985,5.06053866548917,1.36476563333246,0.82309961608007,2.52781984945703,3.39894871636814,1.81505845964616,4.34800780833195,3.00645006509702,5.06601435275805,2.25578360511457,3.59956153058548,7.23300663947145,3.04104404766294,1.99977086166517,0.21773945462322,2.26327025881457,4.0847155419235,3,10,3
"1431",0.804548231900257,1.53874749773111,2.67042977549663,2.48164590245002,8.93137950277339,1.42914050393642,2.13619522851087,2.86148509234801,1.08515881233647,3.06349043020755,1.69578814974147,5.07277578694888,0.454271600631537,4.09266327181935,3.9946298204893,3.59569861178063,2.3094449396732,1.27526480966272,3.68560362611172,1.55735879218656,1.22453110216655,2.95447820048161,0.953754063498454,3.75947870479803,1.48295967298847,3.36307199620201,1.42313970322761,0.95594931847092,3.57141073649075,1.06232588773146,1.01713343133227,5.156937934852,3.06988107569385,4.02995098890638,1.15256961403121,0.588544878639621,2.03270680270253,2.87192610715708,0.89049419362191,1.76681752693872,3.82900201792097,13.2211764251373,2.287919759608,5.67328791451932,2.22853902810867,2.23522255533966,4.18981035097218,3.33069017587315,2.17435725852775,8.59407139271923,3,10,3
"1432",0.82785143307096,1.19527050806252,1.97661753878399,1.53637538914343,2.60277448984841,2.01985343586201,2.95211135654695,6.4991482529476,1.94568988177958,6.42430160923974,10.3884179403333,4.69537130551466,0.623992729209256,1.94929210317617,6.94951167632075,4.31355641769471,0.969209727317408,2.29947910247384,5.73241508191206,13.3027163562427,1.49180559128313,1.27169111473777,0.835488715226328,2.90493156956746,3.46025889542851,2.09586079492847,2.58480704158885,1.93138146831829,3.52806145986764,3.180649543416,1.21563106373126,5.48372382749232,2.99789153928437,1.94703943390944,2.18852017672633,1.28614485693618,1.51753822790389,3.41854317224754,0.916739659054744,1.01242387040086,14.5965421317378,10.4585985538755,2.89972794595881,2.56218590500395,4.65194030580231,1.20354490072182,2.76292051043166,0.623195244116505,3.96789802605564,1.48810728670363,3,10,3
"1433",2.7338061913892,1.04061856020839,1.48858884537985,1.97956330383321,4.34954901931763,11.5920461587998,2.83249964159286,1.14639149488923,1.42810092077246,7.29975285534794,1.13632526273097,7.44358019775393,0.845666119367316,1.40602984632406,4.4164641913141,4.75183168025721,0.704142565306895,1.11855196107973,2.9316005697642,4.38702882051006,2.64028536091903,2.86172396540452,0.285609624281901,2.93439135050554,0.977649112145219,2.85983574431756,1.11880643991662,1.73628795863152,2.198726429365,4.70502735915269,3.22075220895042,3.85865527025227,2.30374372492116,3.86307873733307,1.93465061230676,3.08183777992847,0.449190692548825,3.61167821144211,1.14671565310627,2.13896507830695,4.87330099347822,1.9307461325344,4.84618522097536,7.5834180067442,4.28896906534466,1.82017651791077,2.48873545119443,0.286812192828829,1.15577495655807,2.39347121748143,3,10,3
"1434",2.19016317027285,1.73903931291974,7.49508891514791,0.887018084934891,2.26778861057649,3.04503274064796,1.58711528871502,2.92583144870383,1.00807030456382,4.46605262070535,2.03964213594523,4.35925736368176,1.99596109218742,1.45342220118564,2.21929810875712,1.43046864947317,1.39950540410299,3.68989479630685,4.52973287163152,2.58989710375831,1.65499954003932,2.5583304077281,1.09092068116116,5.27626604357488,4.592586328917,0.62775051075954,0.773179126814298,0.5451961851224,1.0141099690318,5.52193710928885,3.9429023292005,3.7295138985352,2.63528142544551,4.3048187892964,0.395960978393199,1.68836211646788,0.317032947757962,5.2880408424014,0.752808506501993,0.934598230152008,7.73618840556249,2.96426214189019,4.19689655717403,9.67879781228019,1.65560452519136,1.91896981986566,5.2053293056998,0.767455593856815,2.78950366209333,8.33330954030238,3,10,3
"1435",1.70556665354911,0.580482044763985,4.11751349984903,2.36817971297049,11.0123838838369,4.08682625931177,7.15626917226572,2.46853441119585,2.65491344912816,5.61303507842395,1.43917035094029,2.67283007331052,6.44998038211728,4.84543637664129,1.67416348631269,6.79690576648126,1.07967686217709,1.64692156478234,3.34227915693631,8.94760827597502,2.10753754757842,2.26585621150266,1.73162362205939,3.88956874733427,3.61549827234865,3.2753638135764,3.77396217148574,2.70902611530157,10.3529998451059,6.1255500877787,0.5319137377025,3.72195240046984,2.61746078515306,6.09866623965962,1.97646600896553,2.59701855080963,2.65779385251143,1.0451795157149,1.90528105939023,3.24594919749112,1.03813468873173,4.4241501678819,3.70026182297922,2.85708734249707,5.21998500904915,7.59146602246087,4.72196096862453,0.186195478660001,2.59620361906808,3.58926096035204,3,10,3
"1436",0.834746629976049,2.22952372970884,2.30104293638924,2.38619711680997,1.70104786333889,2.39598764247707,2.42104017414169,3.93404396036146,2.33382052495,11.7601315017041,5.70636817182384,1.37701380810989,2.4540592029927,6.77906092900904,1.41353726651567,1.392043768312,0.915983702821018,1.96945160770718,2.48253303215202,7.84427954598402,1.58331915730231,2.00010090935697,2.19706751082243,18.3238339511395,1.41953892585449,1.74557123317432,0.729341152271602,1.22247110610065,0.807459226773628,4.76216789773951,2.84440540688805,4.39191244652925,3.84024647409264,24.2818908434793,0.998931166473727,1.72722269295245,2.42972996007302,2.96251451259556,0.291756988407201,0.54151308446923,1.96619887745444,1.97284085429303,4.36878355544391,11.6839751263674,1.85198349889859,3.68389301566499,2.43107453730008,0.566278650943659,2.37882488888129,3.82857366638643,3,10,3
"1437",0.772964487029733,1.96472632294952,4.10625638476646,1.14429182549574,3.59384380659906,7.79174643255669,4.13793305292319,0.723139444447933,1.30089555981275,8.9726056518818,5.83636215072139,4.29346210795198,1.98086062279532,2.51792977561952,2.16236560378515,4.09269470695008,1.37205630165103,1.172810860983,6.0799913946202,10.1108866926804,1.42705574587259,2.73306536485422,0.270003522716528,3.978995505888,3.94576509353205,2.38067631867285,0.384732537933407,2.48692181427554,3.27379394716078,4.58673136507355,1.98050039173844,3.47136694304341,3.62618212848446,7.00672319080072,2.1204187040049,3.62154689051388,3.49209506615949,1.45991289845763,1.43690935960398,0.938252279936682,0.747789186223479,1.88377929356477,4.60192204551833,15.3955859880508,3.08840185835738,1.40482399143413,3.12470441082395,0.775004791354087,2.37199530483891,3.08782664883066,3,10,3
"1438",3.84717629733231,3.90228944664757,3.4726496949111,2.20340021027389,6.44008033760591,2.34603570461722,6.13431353837767,4.04051597730371,2.40517447835149,11.5847760115295,3.94687407947324,2.8958082075894,6.79375421685243,1.64786061397566,1.16300326655006,1.82670551581724,1.02827048600903,2.36474485881976,3.76333760897772,6.97100541838963,2.91103475306859,2.04016075703606,1.57323677052796,2.77415107981979,2.78895407371172,1.08766670205683,2.40506935411519,4.06873149330565,0.889953660407089,3.6881244752467,0.824901992269877,2.47495282236743,2.6300372340885,3.31925216720712,0.518158605475355,0.602859853545031,2.91131598657109,3.53329040494196,1.57309394231777,7.23687917976585,1.85097661972501,1.72869040404182,6.74060015504423,3.01840929006761,4.82521561812856,2.17246963954343,5.73956329033107,0.41210183655424,1.52645653349009,2.23237590198579,3,10,3
"1439",1.26571051589985,1.24391049946924,2.81404273188756,1.11982707458421,4.17167828616654,3.35683021470335,2.68232202222668,3.77518639399541,2.08470551061747,5.47244273237325,1.28367003235174,4.40697127756893,1.89634361338417,2.97377407423293,2.34930946884697,2.94270048758817,1.23454360378845,1.09576735368303,1.85546627267915,1.92013444126728,2.0400735016862,2.62250056034899,0.318483763550033,1.36107614177821,2.32889385597779,4.01885976213905,2.39739942050675,1.63422386152088,1.39991085556319,4.49600366467899,0.362243110813947,3.71479984767004,3.86123409271898,4.05530893509775,1.47608829327786,2.35458024318224,3.19991979283023,2.64139866136559,1.28014867420157,4.83312367331281,2.76616615388477,3.33788748494544,3.72921496375351,3.16074137156058,3.68371982942034,0.774660094883112,4.35256847733531,0.540029851876255,2.43107017564695,2.66852781195714,3,10,3
"1440",1.83012728485369,3.71524789085999,2.07450038667763,1.44580388900891,4.14958773460328,4.45865582451297,2.08691814659374,0.982137313993089,1.20482737108881,17.6223370955988,4.77462142396967,2.5883513372466,1.1684736688054,1.2027043532309,2.44189707116522,9.42982041759979,1.0878264040197,0.67413105662078,5.00612452907843,1.29419839343166,2.38423065921793,3.54482394492687,1.03561253921242,3.1669315810308,2.79011860244782,1.82577359141454,0.955481281886637,1.62541911844075,0.811234345162571,3.60318630604676,1.66880474641925,2.62223066433929,3.1034188674284,7.3251220595813,1.72491178935625,4.80159090757534,0.567879743870338,2.84372271238779,1.33589028417941,0.942690296944471,1.89600224716287,6.57147449995173,2.17370969184626,4.38683512174725,1.63457998433063,2.27273727349633,6.2769918192612,1.19210079055464,2.04751735186478,4.75597706150761,3,10,3
"1441",1.38945724897677,1.00783961368926,3.30307449072417,2.67656907751755,4.17437291939325,3.02671023856975,6.89166960172686,3.32915633184296,1.56797164071858,7.17459595883943,5.27347319502257,3.40303795701664,2.86605564136197,1.08680649824094,4.11053223725085,3.91297457460289,0.698309717357084,1.465424138945,3.10854512612741,7.1464930108787,1.15574009478349,4.41197638990458,1.71619680138035,5.84218429909098,3.94959273677429,1.72653741476682,0.836098855456679,1.27810202589803,3.66093505710969,1.05064348017536,0.289108858849626,2.68864415390317,2.10450640492132,3.15322092223775,1.62615035320798,1.636149882045,8.23413687363409,7.30787472890287,1.24029165411351,3.69157562138797,1.17067067076221,4.13793348787179,5.09069069278066,3.20730560620549,1.97106339719587,5.91162694400537,11.2615379114776,0.760867132796144,3.08111559317474,3.33136306786496,3,10,3
"1442",0.625526934080602,3.06794792324659,3.22634212134134,1.8455025267091,3.51116332793913,1.06602661960949,3.13168168915844,0.902718014038592,3.30002974023562,8.42745937071101,0.569057591015717,4.75826015834701,0.741916238970284,0.736004841315583,2.79228017140388,2.63320669502079,0.946862674672206,4.57583348859549,5.17835720519065,4.27978997214595,2.13344273511038,2.17636231154996,1.51684053321345,2.27159223762418,4.00775180868586,2.30052178127231,0.182594618123608,4.48373180293867,2.20805263533461,3.02474464075543,1.0572195441419,1.3451235779691,2.95243729747551,6.09904203201918,1.79297924220755,2.59712333959309,3.31778244689079,3.77762481615744,0.548632319470848,3.43967623871531,0.586724789954938,7.03119608672029,0.552518296595696,1.4534804379155,1.25484150258623,2.59721415823324,4.29958860703963,0.38141777286472,0.747551288124183,2.00351484744884,3,10,3
"1443",1.75461592089449,1.39473226229204,2.14468157078242,1.77852686039534,5.74459512845414,3.20920349364165,5.32906814616711,2.81476275778758,1.08579101796706,4.85735072403948,1.59200546004698,2.31280493584694,1.21102262563148,0.743610534505782,3.08976685121401,14.0678733699251,1.53659459081595,1.19909041812827,2.80942969132985,10.1987477146316,2.45858913906623,1.32390768976494,0.475967067649539,6.99262624804608,2.7108619669448,2.17256671535857,2.31151799858569,4.86750293958796,1.64122177593026,2.3867597187911,1.21699248373412,2.35058757429482,2.83083248674006,1.97520896949225,1.37691631598158,0.353609449419908,2.09078654934791,1.52714014142839,2.59674695493634,1.45981636934389,1.96569813929104,1.86581911428973,4.03249578222029,3.08539329806883,7.41206473426686,0.984388643700349,6.52903048991417,1.34993177731477,3.43804763169291,1.53044656043485,3,10,3
"1444",0.942321161857329,0.298248572256134,4.88102894267054,2.51468205368742,3.50111705706929,1.5889863957917,5.06748911572667,4.34774001046149,1.71043266733436,12.565346884397,0.845381246284389,7.36511048839429,4.22907341342295,6.16381649523295,2.14698394556771,4.91561034220495,1.12522425639529,2.76649217461601,4.83972765702028,19.0412617899415,2.47022958055014,4.63701926217995,0.393656228962958,2.09466820840065,1.67854190432758,2.55513316969912,1.85235088806701,1.46211852677786,1.05763941485103,4.10909458278034,0.170581829709619,2.50638764825359,1.63474285412936,12.0397059405876,1.26262098136205,0.755543588073667,0.665402681807302,3.07736780850466,2.17346492416229,2.60283705242056,9.95679533444778,0.97053900564837,5.30969189923419,2.07396046864028,3.18677779284811,0.928744171442838,7.68923969547661,0.870889327454662,2.39422876068954,5.08747567676562,3,10,3
"1445",1.86759756474145,3.05627518309093,6.20811549756756,0.60750757606801,26.1824641598595,4.50514372864253,6.90696989184505,2.51081909697929,2.00633886397334,12.513715744174,7.53851514279963,3.45205556115215,1.07941274460313,3.06962393079467,1.97517612877521,10.8022636139474,1.18594246310763,1.23908169562204,1.40343960319821,5.87522495535313,2.64148096239219,1.41015988578485,0.499547375756511,4.90585957643643,4.68729717807526,3.16512436870399,0.586015160765663,2.89188018237553,0.950420481097378,4.75795209060171,1.92979814381705,2.37187263224122,3.0775281312621,5.17182542863052,2.10835989649947,2.52121233948357,1.63306918203975,2.54808213659346,3.12813612389707,1.72248563386774,1.20128088994179,2.9373170309346,3.08766357439626,9.01096360493675,2.21622092461076,2.59018151706511,1.12441299730637,0.400362688927894,1.50782378481825,3.23259965843109,3,10,3
"1446",1.6921759015236,1.96131945352295,4.32217852042885,1.22851254443459,3.52904342032409,12.0577345107888,0.798773237022072,2.14132980817618,3.00487944942811,3.94813946544229,1.4934983575993,3.85576405155913,3.88328450105303,2.52755386095139,2.33550438939188,11.7003546050568,0.922760941675513,3.0388196890574,7.19404441167448,2.58387439276539,3.5117702402024,4.94701952767034,1.95815326876847,4.50189065947401,3.60670766764804,1.50664900527253,1.22610543228165,2.49438507706225,0.77186852767445,11.9228629039894,2.71225573591687,7.47801790053099,1.40761661352383,2.47864518213314,1.60824966938387,4.33030201835643,0.450290733504285,3.58536214433674,1.58387481645577,2.53253233517397,1.4355461874698,6.98882488428243,6.08401861780855,7.28876287612808,3.69714910385711,5.34986393162058,6.71500252793555,3.142871946503,3.82099835816215,4.00932174998158,3,10,3
"1447",1.05570895659887,4.82334111822179,4.67408335624921,2.29995036209992,10.1319989471295,2.70778070030588,2.97680293492533,4.95947319404613,1.12321249103495,8.87883702405614,1.13555385674438,4.76895218441791,5.38911581734725,1.92354517087096,1.78307523257063,2.71584635440072,1.54273971091652,0.372917082203469,8.12608981792452,1.07733122414759,2.0800355724004,2.81852360904831,1.24325834402895,7.53122401701657,5.1089035673006,4.83469102086082,0.630146154136392,1.70892113489723,0.492148732781913,5.29158620187595,2.13849311857325,2.62278468097291,6.85734365176813,7.09868284947646,2.21031694606087,1.84400254689755,2.69679532243197,1.9454033744367,1.91986631292406,0.749705542655427,5.86947651326295,2.86106817452627,4.3328265310738,3.13007851907995,1.26336769478095,2.03767324660786,1.46854036965054,0.555273811085443,1.7188615108045,3.9263697013497,3,10,3
"1448",4.32517516435591,1.8349085994878,6.09838142964009,1.3507459955883,1.94981831279937,2.10961044126059,0.388577143975465,2.70560057587502,2.4179401217348,4.34044939608845,0.632967842434246,7.09470954179048,4.30177665422727,3.97590266766428,1.23730636776551,3.15972081008957,2.39342171252138,3.1287744059869,2.39756691817018,8.87570284893361,1.96639220425695,2.52473043231094,1.65208129418791,2.22419296931648,3.93703460115296,2.16502235553412,2.11029907081182,2.43722314631086,4.42544035533033,8.02145013789786,4.6863904229635,4.56499055589741,3.29259132966697,3.55416663745544,1.72218193217249,1.21579208359083,1.43924813487676,3.84099382476562,1.07117200768822,2.59168478412885,6.33657641992655,3.0811237556564,2.93407951433454,6.81319076139173,3.42641424788096,1.8281889160365,7.1617598221212,1.50084426021617,1.51945828722757,7.59751707590846,3,10,3
"1449",0.824224437175284,4.22913217202216,2.14991644810237,1.85721891532306,8.52549342107342,6.15718370311094,1.50285618123198,3.72708097550073,2.58952116830868,15.7502070234265,2.51073404470864,8.06659252474745,3.60031152371608,2.4955814601853,1.91972643871583,3.39835965517376,2.01143593047477,3.33522675195495,2.96436312743115,7.76906515695137,1.7633902264453,1.84253694858524,0.806278649208142,5.47275579602993,2.87720919208545,4.42037962545299,0.865752107377186,3.48286770981743,2.54045017355371,4.50373074780577,1.21671889185369,3.07712223887905,5.89846735421315,3.81146206841187,1.05107283801956,1.11330153467878,0.792274713610024,3.79853088879016,2.65380258584452,1.53192958463557,1.37976997577976,4.39613780928041,7.37140135400993,2.13393306156721,3.90919640988905,2.73809858687062,3.26277007885173,0.790811358356811,1.61081874260547,3.53363399070682,3,10,3
"1450",0.599627358843489,2.51246672786871,10.1726351585011,1.25478630981876,2.65193500685648,3.03866037264834,4.84654324175997,1.18818949668846,1.38271501061366,3.08728662304619,1.61705196376274,4.78670856163284,3.19508169566774,2.14392496746826,3.66690812912749,4.08381572674651,1.57686854755436,0.245787234969259,4.3003559005087,6.07570159303057,0.593159731229832,3.80104746492941,2.14448331363566,2.59038362064481,2.80219878417952,1.379046890533,3.23717127129145,1.25396660313289,1.78703046495974,3.70390290776092,4.00944335408439,6.1343405839028,2.24569899769482,4.95917387703295,1.48239914941372,2.68700699252298,5.34773448941943,0.914421309997783,0.476661572590565,1.37396651470276,2.23201003909157,6.61581254121072,4.21381193353853,2.79979960280614,1.65202682748604,1.2695592516123,3.76708370616372,0.424448813481566,5.34196110755696,3.09651035646601,3,10,3
"1451",0.742611434607297,4.22772797117252,4.24107150310394,5.61025075024824,5.00787239873104,2.04888527694351,4.46144265410309,0.999309361085311,0.739110859903204,10.5110450619793,10.6110179089432,12.7237733062691,1.42706069346534,0.592977497661414,1.33094697858834,8.76937629365507,1.0453628339337,0.0765346057560092,5.24101408990126,9.2244846542361,2.48947794117789,2.77062373994164,1.59160929008281,2.2898100383191,2.64612737204586,2.95319750813456,1.07208135458924,3.20670692662499,0.658213010461966,6.34494543542855,3.21320471810399,1.64447109145529,5.26303400961411,5.50857389490841,2.72029729958379,1.09595016871555,2.7263320247439,3.09979004794574,1.33276218290867,0.876393005650375,1.70551110801298,3.61757172497107,3.30746452511982,12.0713201682871,3.05840155512508,3.09702002094533,3.14472813071836,1.07797874878073,2.23322703443029,2.75661057920002,3,10,3
"1452",2.14290069578607,4.27452779013372,5.86367404880963,2.05882293041367,5.58827571771324,6.9709098145609,4.19033399488566,2.87375417094145,1.70772418625272,7.6763831514093,4.81933477494823,2.98274332709232,3.38807779165513,1.29160070702667,2.76306240742512,3.8973513550401,2.9747286713076,1.66570458243297,3.23482312441705,5.81845368204932,2.81816948977396,9.91679342086157,0.505815132325552,3.12532097268507,3.26834756098301,3.76674890720603,1.57430251815738,2.06820980048874,0.932471289942331,6.22883161739164,3.3720797050333,3.42621594658288,2.70760291872426,5.28685608620138,1.23599708569715,0.638289836179888,1.02825046024285,6.10503003719109,3.88651262309422,0.582824907991793,8.38968516825802,1.89448254025903,2.68613878935701,5.6760261543175,2.32366397113236,1.19531118852531,8.9656356847219,0.76166322834453,4.17660669866048,2.12463527068793,3,10,3
"1453",2.91180186050914,2.80740919773473,2.88904600732859,2.22179433560921,1.35390387868131,2.3643924972478,0.849797153407808,3.63142158510089,2.6454572795766,4.86461633553361,6.37850516220909,5.25079098420855,2.89372698891957,2.83912266131776,1.80832772340389,3.69334188851896,1.47000615565888,2.1408881608831,3.14035306384591,3.72273127587068,0.846638261581451,1.75262685624006,0.471478947740555,2.10893075433816,0.937101536938078,4.3265921509172,1.24512677142211,0.998311831236651,0.574476036346481,2.43298044672997,5.56145439782854,7.64599136918002,2.16741965469785,3.54998173778261,1.64669979688365,3.47339908516631,1.41574008942402,1.335844984846,4.21995132278147,1.04706224175675,3.45642493434023,2.20938676179225,3.52557072594559,0.833596330963752,7.05443833841785,1.59881555968758,7.05901400955733,0.275958396896846,2.43926480740493,2.10165339270054,3,10,3
"1454",3.66511900094817,5.40512035671435,2.29629927775603,1.04321593738207,8.92877261319776,2.51188131183091,6.65328046807722,3.40408500309604,1.38258138934792,4.73855953461544,7.83705690905854,4.30241389388354,1.21112329541296,2.40967792655703,2.10153835191233,3.77381069811527,1.40910591375559,0.460374866416304,8.63394785286914,1.97572698935914,2.61147327768177,3.71148227946819,0.84764999957068,1.86162236548159,4.279050817384,4.28304412469469,0.878883212710354,3.23937206820412,0.891589312797067,3.02049080145156,0.659200900247852,1.64694522493756,12.5807169106677,11.2349851935537,0.958863529804575,2.43990323593479,0.546536524515984,3.93166534987226,1.75664763022413,3.96748595599782,0.930258687179495,11.9994174825343,2.80943889224317,2.62145438606131,7.47837729211566,2.20613218451701,5.83128285430745,1.01357511606171,1.44876232863605,6.3807299275442,3,10,3
"1455",0.3409378612978,1.1774806615498,6.16026021515684,1.44079642331172,5.56971642078299,5.52055803319793,10.1893541361475,5.40385882392133,1.79749609213614,4.91802349070139,1.28668453118379,4.3413644946722,3.79606289826031,3.6880705496753,1.39210815447331,7.16522567253101,0.992005805901015,1.25193907945235,11.083904715801,7.31918372084638,0.364047540104821,1.58805791095735,0.234659023437187,1.90553731244338,1.44665494643343,2.02051769788793,1.4133959050145,3.32957743925005,2.47331848323701,2.82960644678772,0.754602248545412,1.84640517406288,3.5546373208968,9.32677664113869,1.09440870743521,0.167265270960387,4.46075789816364,1.00989514505553,3.26339011119784,1.55306047403665,1.17786061478856,1.954332115521,6.80217987788254,9.0737304730127,7.94232078762294,2.67767728724065,6.63872012481676,0.456013694133297,1.22620550079564,4.26807807499733,3,10,3
"1456",2.75508732126208,2.39316987535002,2.17728537653244,1.49432647090053,1.39276871100286,2.13055982650721,2.07335364013838,1.78154340041596,1.87542995262693,6.60194634472904,8.14287333083369,4.75397891460281,7.91553203941809,4.23274025589142,6.63299096299137,1.75680781696427,1.3366276138993,2.85030449218698,11.0369127516187,7.73702580836147,3.31914414431667,2.79372813277225,1.14981872083004,0.979363331992289,1.38860604542615,1.67879554532147,1.61778140168643,2.40262928212027,1.98014013903695,1.92265749877842,0.840399687982596,1.99756031655973,3.63443370240398,5.87881756279417,0.697342024315888,0.245721944427192,0.932258134224895,2.89641241447226,1.16621741845614,2.78214657715151,1.71285419149292,3.04958452866504,3.48800581735356,2.20812245784457,0.543411529614176,3.42594329410513,3.31597970111681,4.20177003912288,1.26045434791844,3.85099958566646,3,10,3
"1457",1.04747695675718,0.784115075657465,1.69824412123425,3.46948056002637,4.59427613001598,4.26276406203391,3.99705532518911,5.2929962920093,1.20636432211847,3.86418597576318,7.45811554514066,4.48872430263404,7.03853099439784,2.51811211151906,7.40854312053147,6.77592245226322,2.48762548253675,2.57405983608419,4.30499137605811,13.1191513574654,2.9656121287294,4.70955185034556,0.84958631251568,2.69167145289943,1.47869985520786,1.27493879979712,3.93279570589076,2.74024365845495,2.57267772714288,3.4153067834293,1.38455138386584,2.2490651160493,2.42041467439507,3.53383309187248,1.20526375399524,2.66727878961372,2.12070739790964,1.84966378927832,3.91142738625446,1.09673463124682,1.85122598459932,1.47728223134752,2.73736438727035,4.27284874552974,3.70367060159099,2.23031356535193,6.81119653472584,1.24873646071075,2.90608535398769,2.23838632332101,3,10,3
"1458",2.01203804080598,0.858684187362896,3.69448146477635,3.32051876780976,3.19259101827693,1.54107689467214,5.74501619488119,0.239552506979449,1.59088452722029,3.54075663810264,3.06340297880093,4.47271162406618,1.22453966427578,0.913656488432909,2.86843924581064,4.42296320935614,0.841808580437624,0.467695994299239,3.33165703420092,2.1477276628053,2.14793217691093,2.12775013863416,1.27598903218613,3.91516896587596,5.12994611865103,1.14938755681228,2.09058428389188,2.58492479036043,0.740645123451652,8.62399819646895,4.0755538252767,2.07684457689454,11.1262858875106,22.8494062515953,1.29588672547764,1.31420927937739,2.07054587734627,2.46023093459866,2.01825809544897,2.80367419148807,0.695102982310778,1.84654823935169,2.59180941827143,7.13102320744944,3.21601858678598,1.71753945265965,4.66554794238263,1.85036492069659,2.64552808757255,9.31053683858118,3,10,3
"1459",0.757955975412605,1.58983811667594,1.51019025545397,1.33592881918841,3.47018967217714,1.2003537748067,1.33926546330281,3.47203875970862,0.790767352108598,4.70270087170332,2.68366570595681,3.94392688758602,0.902219521326502,4.27994225545691,4.69399381804396,4.27706663366084,0.849254176593114,3.83599188568398,3.28539457067968,6.48713629304469,2.03459468956381,3.20385366155156,1.22472073242747,5.9474035104628,3.38530908109873,2.16402219903726,1.71085992051712,3.95794480823379,1.00527280694056,2.81263013852019,0.279255464747798,3.30581412545764,0.736680935287268,8.26782371331872,0.972922841230238,9.08603920529213,2.75703357057942,6.05730851759626,0.494530772425175,0.584262958360864,0.567975213153744,2.9544664486571,4.24461750596267,10.1245267305249,2.58247556825317,1.17033159098203,2.07633934953092,1.32438436226189,1.13640752991889,2.63093752991152,3,10,3
"1460",1.15253495029924,2.64100730851377,16.2833665533935,3.16270307222382,2.0705521039349,1.38744991759185,1.15272472880113,3.75703925767213,1.58379199847448,24.0254929524592,1.95093319133805,2.56096080831268,1.83292358992284,1.08953597217037,1.82466948428195,5.69059813578377,0.660801294581171,1.36143914331098,3.84721906718271,4.07566983230267,2.54291819440054,5.0540742205998,0.750790956553011,1.64386577749294,1.56117624723754,2.11235192136548,1.14572878460451,1.49499206265967,1.10685703057799,4.52884796489247,1.36927893232331,3.49719110658432,3.23708585617369,5.13769092098264,1.59944072015158,2.56958205566066,1.16328959672714,3.71786355615122,4.99049227361914,4.07370904572741,2.11941702512676,1.72651547039068,1.65821492189284,0.935739841664744,2.1845317177527,1.66355003920053,3.86357895335149,1.1204465490798,1.30597090111268,7.69309734251226,3,10,3
"1461",2.88849332447756,1.6132191760525,7.34777449146369,3.26915064593388,3.19373884648172,2.05984120369345,0.579580379702039,1.11811153759668,1.29931891634754,11.0620802045335,1.374840609251,3.34512427288985,3.66944024802587,1.60772525463287,2.9772517645642,2.66112698257142,1.85006519502946,1.04153867581457,8.55732039315025,10.3783843338355,2.48100505847702,2.53324741790713,2.80031843955852,2.75389181875993,3.18610255870052,3.40347546408145,2.56892213735573,2.37183310190315,0.654690912849118,2.57963557349586,1.16732984063678,2.86125644499988,7.83256508196967,4.28327653296474,1.14427466585751,5.56130430880148,2.11637704613517,6.33099581585715,0.94453253041007,0.633563176849736,3.80858294368631,5.68264198129463,6.47327093527674,7.06915736516115,8.70665523725381,3.77237590572738,5.29044754199334,0.755923454770118,1.74245947870223,4.19154893124413,3,10,3
"1462",3.40165994457087,1.43954422015566,4.72259517465418,1.52932395689537,3.71266681099092,2.07235136021575,1.930472058201,5.15556620874732,1.69332194477777,7.29203136064044,0.982502339270183,7.04024217804968,1.45838368173689,2.90095465824646,2.11476237918246,3.61841470507224,1.31331413596775,1.45405366371151,1.49087522673928,4.32768550779508,1.48003545030482,4.76716441036979,0.318036576672245,4.60334887038291,4.09640486513257,3.87885844947506,2.44083428127543,1.24128295385161,1.9574832233683,9.38424474306014,1.50501658187482,2.79902599437944,4.43477227669529,3.54347364633093,2.09547918482743,5.75213115502251,1.54318315759691,2.12779126164302,1.32301224732998,0.679095654801385,1.23586917101066,2.87699113358216,3.73678329775832,4.41410972702802,2.09241054383292,3.43283079979777,3.77493146413526,1.05775486440481,1.33908668366837,2.01678899235338,3,10,3
"1463",2.87059588648482,4.32261130973263,8.46737200508673,1.49563647509666,3.24243595648669,2.44831463106504,2.7848791660766,4.86983762107796,0.650041430005043,3.51165460247544,5.15692445525708,4.20368063274003,3.19357275361535,5.3581879931304,4.66906435876591,5.89125614697055,1.46697434942219,0.686975979121726,7.47149646548927,8.32560167112931,1.94836557591462,4.08700364998428,0.564705777992717,5.57091853614909,1.6020875285456,2.32662205230667,0.863901486366325,1.70034568270604,1.19600711244489,3.3570731122581,0.38689635859248,1.7865952714355,2.56007606170552,18.2397204066896,0.944444346055752,0.581092273408621,0.635371358059159,2.06054112338983,2.10055665404854,1.62059691609977,4.64870753189336,1.22285589802938,5.33595860355133,4.52160376800976,5.09896665301074,2.23076908827088,4.77069361809039,1.3047822059467,2.33941715323498,2.23049600870054,3,10,3
"1464",1.11386868691342,2.12038446834665,4.42223481859266,1.54837665400781,11.3464687387046,4.82115311057239,3.6218490347634,1.74737484717431,1.25092827782252,14.2723823669684,12.8679979642344,3.75178108118368,10.0128292924881,1.92104672238432,3.60148964602512,3.67683640065868,1.63545002928487,1.45950130645072,2.29068367829363,1.04405842100108,2.81088655517895,3.41007636960956,1.21064381432372,2.52509740837977,3.99355277297315,3.79924846589668,0.995081971314296,2.25075135633373,0.638006377306636,5.136771354938,0.190245308161604,1.22731262920615,4.48759629152705,1.62910355966308,1.4923721863675,3.66642509466038,0.420075068907012,3.43920200995397,0.101184963250515,0.343319844592076,1.70788871578413,9.15957713789457,1.93994051109213,4.98814509449037,2.31968431079503,1.57410236380423,4.77446941171332,1.1930120324587,2.30164619135039,1.88732229431724,3,10,3
"1465",1.16732243879416,0.602253848591226,1.90620905580444,1.72284045708595,2.86818382369188,1.79728698063034,2.9888487287134,4.09536260505154,2.26536756798334,6.34976923426093,1.03507686693077,9.7256899789599,3.21229274034386,8.59677400360074,5.50800626033769,3.57209643829122,1.31996868029824,5.01747792561903,1.68544401463146,2.75279294720496,1.7053782622112,1.83569388958624,2.32919730583217,2.81508160857371,0.628172399420593,1.88130398501952,1.31206433201575,2.18318059228324,0.582112772010793,4.91417140550882,4.03294651673571,3.42108612343002,5.17674615613158,4.39325102052212,1.81092252560049,1.33365249897389,0.244933804636092,1.79189953367195,0.737567344289395,4.72118097167674,6.88158585454192,2.17167050711844,6.32622982083121,5.83299931329168,3.22536134794833,3.58974713285576,3.68189178114552,0.720648164505077,1.74195691389445,2.59000424638904,3,10,3
"1466",1.45352683224752,1.3054888701198,1.50168470600381,2.74350960280466,5.23663616818809,3.02763636611928,8.89149178549082,2.03462528834344,0.767472980438384,9.28729573709188,1.1735968392216,16.1375107591386,2.54098877026533,1.21271515140051,6.10294561477159,18.8051163462983,1.28039281262608,2.25453511739742,8.44205360734918,4.28872752835356,2.02964275870524,2.5404882079763,0.730622043837484,3.25052878705761,4.43317585816891,4.25797333200582,2.40902865004164,2.74006300071496,3.86086916869479,5.12253169819186,0.192895272205736,1.63589396362711,9.56603467213227,3.01770493262039,2.59204090708187,1.86841932450205,1.26956623693655,2.64719309615224,1.62458932852332,0.559062789027384,8.51285457920496,2.95655310224471,4.33528037305131,4.12395149594396,8.31098429938111,3.11190017938277,8.70072930549529,1.15833779449151,2.04771355970259,2.1146493260386,3,10,3
"1467",0.557341646024684,0.807651328537729,2.30402549159057,2.14068591281154,3.89698141884119,3.74923647509573,7.35271686616275,1.08858577553392,2.83277529475718,9.40954065747864,2.4554734378753,14.6679795238794,6.24282366090146,2.66132886070188,4.43876657243873,1.65550871838731,1.22411728019019,1.35893857432269,5.29115631336319,8.97747704869742,1.9753218274057,1.50899407397149,0.220602511679941,4.47139060467624,3.00812356370624,3.79957889684038,1.35920681560372,3.18918351377526,1.12936331895925,3.61299826151101,4.7742532506804,4.71221817770126,3.05690727298638,12.7699277006859,1.74556791965465,8.358894345758,0.445088003838382,1.8189218489611,2.68231387901042,2.51434599809721,0.612452785106236,3.01146982962881,4.58987189737596,13.4844648350623,1.47331158189769,8.41632086360364,10.6931857330149,1.54436447213023,1.46470039803127,5.71594625420611,3,10,3
"1468",0.780982488309279,3.16434008340409,1.66912485673483,3.70490237515412,1.3556981610748,1.698612240135,4.45229589762276,2.76487418694236,2.49566441150006,11.6767204465627,1.08747558382422,20.3775850311641,3.40531667591542,2.29937028849398,2.21981012169003,8.24465282325263,1.08994077315238,1.51401516920029,16.5667198110006,6.77285124993846,3.03354743133376,3.44353558961142,0.873860097764593,5.46199771319224,3.1992978191681,2.27392898450389,1.9360304126558,1.15889681254151,1.05202909206315,2.58693589798674,1.98094319453038,3.15277694282035,7.27276182805812,3.49258213490176,2.00235243333754,4.57249047557635,1.51683532175924,2.72402695398734,2.5758987004428,2.17814975014963,1.96779674290052,1.33184855693861,2.68386029393367,1.7110273629048,2.64363550793772,5.23123393716294,3.79421970152477,0.523459364519098,1.93435510154767,2.51997250932594,3,10,3
"1469",2.61972096158374,0.673636927305508,5.80498422018764,2.8046441382297,3.26831417301559,2.48252830344973,1.9297289822787,4.63384626076759,0.736958602233215,10.3915252827504,0.555760850219927,11.1603085687622,2.78505593157363,1.12856005022045,16.4999177537468,2.72993754244327,1.00822778867726,0.951107707956847,3.0182845890092,1.91671667101829,3.20655652637988,3.78581964248573,0.500690271700075,2.13153390304061,1.91640635095618,1.4756024831757,0.822783325434906,2.61161782852008,0.970242567044853,4.80988008888412,4.8464505296932,4.39046120174216,2.13077016529694,2.91158974220249,1.98774470986094,5.6690435457986,1.46683129886704,1.75979699727331,1.68054199407704,2.68290355478249,0.84292943012513,2.98486781940411,3.01772790989681,6.14060779928853,1.82817522908996,2.82498011767423,2.67680142284862,0.282866721981627,1.62763089711967,1.97679588298168,3,10,3
"1470",1.78772608025969,3.00519420793203,2.63242162472458,1.74192334475166,1.56362072789603,4.9278855859436,4.61189130111673,0.700987436223033,2.63391495038303,13.7541970670412,4.17447442350784,3.67784736232583,5.85601628193506,1.11079579312774,1.47409444033052,3.14020137675801,2.36384647260933,3.79944450110475,4.15712245001098,0.989557997893055,2.67605054273095,1.30678236079936,2.61360712814858,1.20075004181681,1.91854510665445,3.53008796064672,0.750686684788744,0.627290482760176,2.63803133466204,2.49473107295561,1.47406961509297,5.31181997042539,4.75671062191476,4.86037296095338,0.375775643029935,6.00291309713735,1.97763953806048,1.61439167958791,2.04182149524206,3.34111047811904,1.0390758480951,4.70994951729098,4.28876653774117,1.8896940943254,1.274167693992,0.759839302958494,12.7614919496858,1.24392507181638,2.60210504908925,2.91659623974564,3,10,3
"1471",0.487587977543032,1.2411669926721,2.49179355724773,2.32641890597623,2.73964029597817,1.7437250820289,1.7131145692022,1.67626003427169,1.00630244846738,9.55333682524776,3.37761680911232,8.13321130077543,1.61166688680931,0.796943130649966,2.40858923510818,2.42873825572411,0.818398457744741,3.81407676238276,7.45641403817746,6.94096241519584,2.07844757885022,3.45706451424653,0.332710671668556,5.93990905938773,2.26905621816025,2.06392844602069,1.89418796301304,4.53592028138206,5.9815579743126,2.98071875517073,2.8429854965961,2.23374504927972,2.85597641941036,5.65788102619913,1.50596217840408,1.29785114397256,1.07692196307152,3.26798738898045,1.97838181875841,1.13007568578473,1.79586234748592,2.77414480571844,3.10082970358898,4.90044276151427,1.0987874061258,1.81917740423195,8.19736301982292,0.568186270674455,2.28212251368974,1.90720637559011,3,10,3
"1472",1.54063572206874,2.6021725775695,2.80608247517087,2.8845602934281,3.26729240128816,3.27318861630082,2.32682361069025,4.28774995635477,1.36740959100287,5.9348136785236,1.0857140740536,6.16929474208445,2.92370855426106,3.60606779920522,2.27275914976892,9.09422848873495,0.283223292525518,2.49177376159761,2.72819460468847,12.0363436640978,3.75941628092824,3.1457252185634,0.729519057694842,4.62311217560992,2.28245712501694,2.21417543395488,0.822975130169337,2.38966779789821,0.419129571734974,3.11937978090173,0.437792453006895,2.62010653414483,5.09542775203688,2.66049227371967,2.19391632171767,2.56115849829575,2.08636532235851,4.52619289725425,1.45138439048854,1.46771134061435,0.676809651643292,16.7630652480214,4.36884617515454,4.03139352133064,10.1411438902394,5.78049516034969,5.88264142090371,0.901583203625297,1.32129542806796,1.67068354924955,3,10,3
"1473",1.41315366948335,1.79765063769834,2.8690527710836,1.4918994493276,2.71146426562584,6.74541202473331,2.60967407759248,3.43367376004642,1.11117960173416,9.97931484813286,2.80900606306716,9.24170143637049,4.12845353591898,1.48798774606612,3.36244554519126,2.44205649878164,1.6459720734573,2.84264260116606,5.61658585948626,12.389866206014,2.40823122106248,2.78926451066846,2.06267115456646,1.83755092093623,1.63945242239327,3.33428987204618,0.820364857834866,3.81606162761144,1.202635571067,4.34266121167311,4.33782487178692,7.15788842057297,3.02730009165457,10.3074309611936,1.43451341920364,2.81287356768241,1.99287936018639,4.01338137069946,1.30442678362207,0.892885046751088,1.50550128646812,3.26641604690941,2.823049919824,5.14967603131028,15.4790873014881,1.99532958383752,3.70907243461633,1.02887362932297,2.18172418296427,4.70856235466833,3,10,3
"1474",2.34342094927543,4.55458934220658,0.964319192249651,2.84332318242456,2.85635129277506,2.89976973264071,5.18389206626291,1.41922758413773,0.975015301349151,5.04398058466864,1.00025062925264,5.34655615858171,5.50708658733887,2.56187883953403,3.42462352618951,2.68621379384782,0.954478410722654,1.60538783810955,4.46078216642733,3.11789693323679,2.0187429273924,0.943625377737561,2.93310054706402,0.99104819099998,2.57499238879892,3.54225449212196,0.709537178786733,0.723147580267304,1.47391780883559,2.67786685459745,5.0870455675976,0.552628526728018,3.70965505545484,7.45320084524479,2.94040658781161,3.30586834811463,4.62401937550647,1.38354656752145,3.41216020615711,1.63709790618842,0.652774275057696,3.77794493549748,3.07422763030557,12.2056157051868,3.61892245262941,0.893502590300575,1.95848424136313,1.16167556305025,2.74404456303584,5.64298436690079,3,10,3
"1475",2.81089668274015,3.02303780105715,1.57491440803928,0.559881989415274,1.3897897538102,2.0635476265223,7.67493702840133,2.88156984805304,1.16096056608692,6.83425078881293,1.54814104086319,4.2303214395003,1.36722980022343,2.26741037072208,4.13845814167168,6.49452793349968,1.536295335505,2.66770514667538,0.838715186725761,6.40386523277295,2.05384242766419,2.30298241963949,1.567169040349,8.92808720509945,4.32417468051036,2.05440722189759,1.58464256728445,2.08588505808819,1.92277543697801,1.20244546574159,0.204702200807953,2.85644951934938,14.7960470908241,7.93673436064114,1.2820896646332,2.20254346613891,1.33372131192169,3.29525890014647,0.332514091841536,2.01144785812784,3.06238868355924,1.28446597390106,5.16733898447502,4.89950398703155,3.12016966385419,3.00443488983453,2.4686589276846,0.150736306818785,1.08401869358367,4.83431260557197,3,10,3
"1476",0.878803191987487,0.968733481280246,3.94500668317076,4.59516195185917,7.32264037018097,1.84408848402267,2.33990645265917,3.68261113529539,2.31733831681899,4.81524078909334,2.08588006862432,5.47496544015189,4.04747707525561,3.43041573173334,5.75885100537139,7.39709784924051,0.686016413374376,3.67684289660048,3.76990937033887,11.780471866842,1.76222202494821,2.62730643535238,0.23896414650942,2.85812104519139,4.64406779588592,3.07172656227432,0.670247610146732,1.44885526036138,2.15840194709388,4.71823395184473,0.235993117067641,4.06204238281108,6.01835280895042,3.32700178275954,1.88579684503761,1.56938796981414,1.26577003255271,3.22411363216966,2.34696357104085,1.11172019035031,2.29627597506514,10.0932038616471,7.52631303541125,3.01643923448812,1.57898913155504,1.20939330455975,9.82739827850213,0.160541888884516,2.26703867060496,2.03021338756271,3,10,3
"1477",2.04880950650644,1.3148193564923,5.54664880094387,2.05756281770527,5.44806236431335,2.9818713609045,0.894783520920288,4.16199110798429,1.59140175113368,3.62347558377,17.4017911723872,1.06522509043244,2.40897365351169,0.193526948442907,3.1061989576148,5.28641533161814,0.49056222921242,3.07912495613969,5.55282066268391,2.56175503946867,1.90989767701307,4.25180847653646,0.488814240262977,5.90359033864175,1.08174145161814,3.02336690000375,0.913442039701117,1.74361537108439,3.27416176510869,1.90560536771536,3.12800121685573,2.66991058731068,3.06765750362403,3.06245856826201,1.38778965146891,1.71646390300774,0.691169820754295,3.07029524446637,0.60780192393661,2.15834041904029,3.05784717894765,2.18479158853275,4.30077688727979,3.73722060975303,2.91494457652812,1.35536544435312,6.04181637350834,1.95743997629127,1.33920095923628,3.87346902410879,3,10,3
"1478",1.68618303313703,1.91234081659862,1.3486228075785,1.72877241830215,5.08119989736469,2.3462193847217,2.24127014037266,0.936053766388076,1.59893238779206,13.8788090404075,3.69155429405201,2.50996130737303,3.92147712094391,1.1561860366059,2.22880118915795,9.12160709360647,1.33308985388782,0.810855963245209,6.04252872720001,8.76245804674392,1.96597883182526,0.849199070183312,0.853841753059207,3.23385688922373,2.59285774073389,3.03032632779626,1.41488845757828,2.15689435297982,3.08024226759854,2.43800620858254,1.12821527037215,0.800702599970411,3.87820671435213,1.94338428795274,1.69402184081102,2.18107330644659,1.26061061970328,1.18855237542882,0.625487405451502,1.3288838932386,1.6653988689422,4.10314319973167,2.02220440331003,4.57392431489574,6.49843157004979,6.70666006420013,3.9860159026642,1.51574910554013,3.70902977683992,2.73749607853561,3,10,3
"1479",1.00630897019339,5.79609495373028,3.09300600007413,1.79025152732901,3.52494459734337,5.16216959949173,3.46282887185079,2.84918579712989,1.60261838611534,8.44252514208789,0.584532966138387,4.82679274579987,4.23022339155555,3.30650755513388,3.23628101078128,11.7725041784499,1.68244463764065,0.552403297811526,2.22759942593886,3.89462027416879,2.36599183381963,2.64608940308962,1.29720523605291,3.83462571975985,0.816361186268583,1.50062238655735,1.10988028234893,4.24041281418466,1.59074117186525,4.52809925263692,0.144382386632061,6.64783326854471,3.54115195497446,3.30137357288552,1.33644447237584,0.660910717506852,4.44814396295155,3.45096311997431,2.31171082993242,1.12918558198132,3.76279436589499,1.20764273990547,5.43456289484769,5.23397366312529,2.07416396931218,0.727448812790796,5.51878262905104,3.22090791839499,3.09730038675554,2.16878801942248,3,10,3
"1480",0.614419603007504,4.92296227193878,5.09842905158271,1.86647197236478,3.36455204784376,2.85685849799476,3.55274621591936,4.71366739712087,1.6839711696058,1.40459840607198,1.10098138859725,12.3474710524288,0.355383876686019,7.78181539665716,2.23821453554943,3.5431981410573,2.08376133980529,0.375106768664194,3.91101350861831,3.10177194617526,1.52309816603224,3.65105710887436,2.35682353882827,3.43796680210637,1.82932046087128,4.12280768572453,1.13087833641807,1.60754393977532,2.73595515790599,2.32140963742222,3.35203670110823,2.83844187112561,4.9936070176031,11.5277477945896,1.1766687151658,1.57135069758338,3.20133251257093,2.94704637978584,0.33631700407602,1.68648664952357,1.63335938901312,2.30247462670924,5.15220831395171,5.65392973447358,2.06800155518507,2.12711723941721,3.63929347540727,0.679005468372134,2.67594949646715,6.12666904411158,3,10,3
"1481",0.592061952352737,5.39485985240397,1.80792045498465,1.75450347208758,6.07543693388654,2.05011886390231,3.1004535021684,3.46934598545531,0.970250741225175,6.8798873235411,3.29784097513444,4.96638530065441,0.600785057914575,0.758855593084601,2.38598186763902,3.11649720174543,1.63954407596252,1.70370915752818,1.5248732816571,4.33606419270009,1.4546740540798,5.05340164573315,1.61497399168149,2.2579185874122,2.70610434195838,2.4585115171793,0.464334481479374,3.37246002899027,3.35355182929458,8.61544498743869,3.40772153618478,4.76049553602607,3.70468702238935,11.1654913992742,0.356048398099727,0.981848389037423,0.240843546584112,1.48911353559233,1.28953326188661,1.77857200432756,1.7162988350572,2.52511816591724,4.54634364908489,2.52264849356982,4.23703387778393,7.39914442706532,5.21359971018304,0.544429270185687,1.78445612331703,6.38251504176254,3,10,3
"1482",0.83080755257845,3.86519490882484,2.30859700050002,1.17588074284932,4.92429027639464,1.44033490728985,1.45757557286988,3.20036441857418,1.45385955028432,19.6032772606165,1.48938743408772,5.23647475933915,2.5862738727683,1.54313322075387,3.17812362374391,3.77104354850982,1.55390925725626,0.348078525240702,1.78170655113913,2.92322839260375,2.9787919369931,3.09693902449552,1.10460856613573,2.47410012478382,1.4592813632404,4.53445714313327,1.03388487563433,2.23320624330285,0.474875464994307,3.63567857658151,0.754542540595059,5.50348118587582,2.95673243261618,11.0528635722874,2.06190203966535,2.52827212068734,1.00961363009028,3.73787541831576,0.713750070844896,3.14962245183144,1.360856017177,6.45803801089487,4.49337264366195,3.07283536558158,1.78737846869938,1.85173937265508,2.93283932596373,1.26383614617745,2.23924308009603,5.63290114026733,3,10,3
"1483",1.81358189680218,3.86359060624412,2.86363569382181,1.30129035048909,1.58562669536564,6.58511987574642,2.13816632975552,3.24653587332566,1.17000615919109,5.70023348087918,3.04294689343031,4.8701783082855,3.85211476458154,1.3398231610148,3.3456488695177,2.92666257557128,1.2508704828775,1.63792042836235,4.59981900801335,4.91187447389543,1.23688901751283,2.80102760512884,2.46531577806718,5.09925864310842,1.03631080345286,2.44557191336152,1.42823236372107,1.3645163531963,0.771167565218238,5.74825494434306,1.72524626472546,2.46331586484775,2.55163133752402,4.004099486853,0.688247965964207,5.31193386973903,3.24434309393784,4.6556266384965,0.70810226645836,1.42732134216513,1.64344131767078,1.7975969460362,5.54773706868338,1.6174646229764,2.59571355061642,7.25352620536263,5.50812926918254,0.290042260025871,2.76719709677218,3.43365923671542,3,10,3
"1484",0.715954458863939,1.54444982922825,2.70133207292874,2.84764500773766,3.82128998309447,5.61659223085498,3.39673528513331,1.3465934935711,0.959925550164609,6.45624136794132,5.45939196200492,1.90273907422353,1.50461877479626,6.46953475473341,2.02271941770701,10.6933747642821,1.44587280007845,2.37985970258119,2.65556772516632,2.01538894049467,1.22272797663502,1.60965869336753,1.94290139373303,1.453967365173,1.35907970715722,2.69069735089693,1.05318783479634,3.17040451214454,2.04081738010642,8.82574037546107,0.333553527474601,2.57766766512486,2.80872751948421,4.42395210005724,0.867107042159615,3.83495978886214,5.1258767677168,4.3123501626355,0.917853225392735,2.96073437092345,4.72292026404029,4.67277311465701,4.17549282335133,3.8221398323641,3.7751479083101,1.59196765528224,3.81737797447335,2.56790682572495,3.78893213246389,3.24772677839497,3,10,3
"1485",2.45349071394073,1.43103617249799,3.9709943568423,2.02482541874447,1.42001161246161,1.19803620010077,4.19911919833075,3.07170255772934,1.21216944270645,30.2910380891012,0.902295159269095,2.97465516885064,1.43172362647013,3.63181189767226,2.26361792451774,3.95539469379215,1.60951983779922,2.13056819938864,3.70635352056904,4.35249203119161,2.69340561884928,3.49168140186911,1.64486160307956,2.62423278170177,2.7842726624943,2.55850181095806,0.622256830223372,1.9413127522792,3.66422495858128,1.95292018186674,4.34545854902812,1.43446163085929,4.12852391418951,4.01473072045963,1.43683412690741,4.66319756806022,1.81436232203869,3.10589916009296,0.648626597789154,1.67846047300459,2.4588115430579,4.07908957382928,3.90271143495992,2.44917286807187,3.71663120011353,1.87321610268281,11.0358102722554,1.96538762720082,1.71705830322513,3.08681956653963,3,10,3
"1486",3.42724119037192,3.33240959020943,2.67300946072577,2.32435248138275,2.89268938792399,1.35338905616315,6.60876830774938,2.20913490763562,0.961431582482928,9.80951129118132,3.51386821192556,8.89349442118615,2.31079054398046,4.03125354919398,5.89699579525695,4.15086741375214,1.65318813634336,2.28099036760696,4.6908003029079,6.46616062309196,2.10943448562928,0.768147656077306,0.151950200145204,3.0440787016328,1.58291224778301,1.47899942468096,1.80516040036407,3.50609534163428,1.26464931346062,2.48491472078429,0.881442768322338,4.58371663370794,2.90318778513322,11.3259555553212,2.41993220028254,2.71751200957751,4.97091909384836,2.6415226152323,1.87778119349784,4.14744728877048,4.84138014073719,3.53494562774397,2.33518527234843,5.1767808075009,3.43236987399928,1.99936261140126,3.81970281010663,1.26912948238363,2.43696459559301,3.84781785418175,3,10,3
"1487",3.14561410803972,2.66739603564435,7.31595987959282,1.40408779281134,2.53922408622328,3.1438616983329,4.46399163277423,1.90048313573658,1.64575930490501,5.49332937882932,5.87277921890001,17.681749955193,3.9581527720946,1.66569355468297,2.32765278116926,5.52635689891922,1.05957065528886,0.830651372943836,7.09252194375612,5.2303234114283,2.97083339415889,3.23585746668316,0.991147563980798,2.30224076184288,2.26660506592901,2.83163275190019,0.450523235265618,1.64657099894934,0.46675703155139,3.71328491242164,1.26400723635484,2.70842686192844,2.75027969030471,6.95321301040454,1.53881494822747,4.10112777950425,3.06360851605403,2.19021872137181,2.20623473489969,3.39632582274421,2.27791241715294,2.30030503071068,2.60448914551256,6.45060355678999,7.59471352129861,1.44291214578754,5.46304197321374,1.44368779205608,1.22803519156166,4.1081057313468,3,10,3
"1488",5.22869759711536,1.97025316892589,4.71830249518737,2.07580209737982,2.91123037834978,1.41968668998255,1.68776569036321,3.92481433427856,0.465878116120907,3.35413473669836,8.92773098067211,6.11461176532595,2.28414768979729,10.584067759555,6.34840829689141,9.64736909952891,1.03800132093786,2.46529970838146,1.84691438708978,7.61135011851482,1.3357751799361,1.98646562856824,0.329144170652788,4.94176028301479,1.54766158249244,3.44171618577682,0.787807229458226,0.981004286588564,0.752812202097962,3.11956000955397,0.247786394929387,2.70904927932641,3.29318621810608,5.02919903614705,2.20407006027174,1.56733362158681,3.21628843813897,3.79662036908535,0.518654149478637,0.490385866860224,0.931671455355787,3.6393882026681,2.78249384340172,6.58150049431182,2.91469731792259,5.33264708667705,3.96167673271126,2.37117567876587,1.75787738904473,2.31884149735466,3,10,3
"1489",1.95675363498191,6.11757591428891,18.1670483242076,2.16775437655281,2.41855727248552,2.17426575639557,3.20906034888983,0.991944293580715,1.60494891994066,3.01603769124565,4.79331495768575,5.41068281366928,3.54940296809966,3.74323013445095,3.75346558653071,6.44471283292267,1.70805994484928,1.08680399967248,2.17409532991364,2.76862385300362,1.95877593170664,2.46724649236611,0.163579733720757,2.823993273955,2.4085236599566,3.51947110322766,1.27332220532945,4.1262535873143,0.761941465944459,2.51978467163113,0.919115571578103,3.31449799456984,3.78479872243176,2.62865573515188,1.83915702194006,3.03413048301468,1.16859114253191,2.41944862383086,0.194437905509402,2.68969607896586,0.695335584177156,6.62929546775065,4.61396036105069,7.21873615836096,1.0539471600353,3.11116670486604,18.6991054146732,0.977361018335123,1.13513863413182,1.77922144422615,3,10,3
"1490",0.749195109392909,2.74910598398016,4.29722677032726,2.48289921012459,4.41077879943689,5.39531801447483,2.81491571553275,1.41247424853422,0.966651769707159,5.95966099479341,3.25021508113574,7.16851252101179,4.95528619782187,0.510684811103268,3.49310914959772,2.51314260187633,2.46996147293278,0.941034726010065,3.22385867791096,6.20262955576622,0.908928975557845,3.69797868969819,1.29971810003308,5.1737075519482,3.31491377378686,2.40962222807863,1.73240567009748,3.16589576412754,0.641511432123513,4.59713275067143,1.60716691925002,9.12961269967387,5.99517891262239,2.72847308309562,1.50301453456015,3.10142712696991,2.73070560263637,0.666221978258213,2.59236557490785,1.39609650850716,1.13941455608485,1.82539856289876,3.43328406494215,8.03047167785914,2.55233004497358,7.65752037176079,4.40255996419745,0.313291520241539,2.24658786965926,1.49406281574602,3,10,3
"1491",1.82691495026763,0.540936590142934,1.36531685708284,1.39046419304791,3.11219315669358,1.04935425191125,10.7836451755603,3.31450267391556,2.12735138616309,10.3583345186135,6.37444732196372,2.01163719285063,0.185888043738814,1.09674410741826,0.975426073447834,13.9455780308487,0.84312107772084,1.21429516687394,2.46478111276243,36.7633351941919,1.40164443744582,0.845458230457979,0.658895433225872,2.48564403269266,5.52064762023096,3.21716106555429,0.830852970531753,2.34026776891851,1.33895050769009,3.82555054539037,0.935171547271431,0.819037300347702,3.31470894972703,5.30837444692469,1.17797209550454,1.66039103984283,0.619871971531562,1.45295069537532,0.692361561511419,1.67355044065666,0.834713976692628,2.95763639619019,2.81835100778039,3.07855194383485,8.54612147293407,8.81547068433643,3.43763539867782,0.526648497842954,2.39394494254771,2.81400101838357,3,10,3
"1492",0.531141985652002,3.96931722827554,12.173121556495,1.68531614178171,1.82699427778067,3.73632457933981,3.56353018145154,0.915757294397175,1.3230896371424,10.6656850291183,3.69103850192219,4.48523778289447,3.20529830350754,2.83470783409716,5.26287251113353,3.35352642230305,0.969342698898355,3.04802132697918,5.03770875591957,3.87313793130854,1.87034709906507,2.49131209025524,0.78117094772515,3.68692377098477,2.13112655339705,2.12418859862759,1.1697993785675,1.17651023796588,2.56716793000736,1.66491840778649,1.09157541549746,8.59413184753519,5.05483003426089,8.39206890362712,0.694457370455521,4.65315863011683,2.13522184663529,2.94133705849926,1.0103510220284,1.46794417804579,1.94454696656545,5.17755467178331,1.49253608468235,6.12687688711344,2.19085851980928,3.74304666349717,4.37543827218365,0.575051154887695,1.77512098237099,1.50585988996241,3,10,3
"1493",2.06258858413933,5.77662089453059,16.3004825861679,2.19886562476416,3.48718515360032,4.51390776141348,3.2780380102727,3.3074233444456,1.35262710018767,4.10260978892299,1.06068825637548,3.35400721462478,2.42609723498424,1.13389414486684,9.76586384984801,3.57305314517982,0.665693934984843,2.61058965726847,4.66108752877046,6.0400782240804,0.937930892833924,3.45341203098868,0.252291849446585,3.11200034345689,2.51580854395814,2.35946753282062,1.17005963859992,3.26733182899072,1.93089753109136,4.15591158375067,5.49437068640768,2.07953356713959,1.55470177396109,3.35556579866113,2.59288666783784,1.81585472462297,2.43021818183383,1.63395628415983,4.51855348564969,1.2037952734082,0.922411935048245,3.6886727799316,5.24456433185006,3.39221981091882,1.36853674235321,4.52111115287186,2.17391410244457,1.65561642400928,3.10352083151186,4.67109305633921,3,10,3
"1494",1.75224696721286,1.97704608306321,2.1486550478894,1.47921635561589,2.20328137257198,29.5793493161146,4.80261758618991,3.60588543468662,1.57275082701307,9.3856655443473,1.45066213221566,14.4035463780669,0.630384763910339,1.45501370842401,4.54212001803946,1.8507401520802,3.36644039286809,0.842408772121222,3.45923275460745,6.86940759974827,2.09579183135233,4.75744406424734,1.45311015743378,3.49262057226342,1.45208185743745,2.06823197093161,3.60137116598894,3.30652824973905,2.56392618457669,3.7796870723332,2.66819803566024,8.5303986348774,3.46378992466022,4.02399749633409,0.999345310411979,4.7984256369266,2.82778296374307,2.61037519088614,1.54628843996971,1.03219683742968,1.60662774294748,5.67803343466143,1.87694477173915,4.06201136988146,2.49850118368668,4.03202425166359,3.63496438588234,0.178372062680163,1.38805417677887,3.13055535845545,3,10,3
"1495",2.49074642730544,1.64660538811304,4.96749212693675,1.35468270927235,3.46188366169969,3.56627173602629,1.72540202740773,2.40635569112377,2.25578170877996,7.74551088889689,4.97922153641959,5.28785686786538,3.54631786692111,0.872924210985469,2.51057048578444,13.7157715060889,2.10974081461312,0.614363142187511,4.88532467773132,3.7921602735925,1.8629343484649,2.37666950256639,1.30680115977855,3.47236296026358,1.39454153328801,2.96035466177476,0.444971804489071,2.439872177478,2.40296957495249,7.75168717737314,1.01083380014156,2.78025438322645,9.04280397483736,6.03833196054661,0.76366380116044,2.9552399864965,0.675917996211878,2.68251895575263,1.86307052296058,2.06887029362737,2.32964160594294,3.81902218368418,1.75227792074666,8.88429796358996,2.32390310193449,2.19875841120749,3.2093678581785,0.847624954098961,5.19386115315546,3.05519165987078,3,10,3
"1496",0.66033396635702,2.03243410396955,4.30662622171368,1.98234070741025,11.4874849741855,3.13572880376731,1.73871290446056,0.651750276669945,1.34839710362049,19.8689337628116,0.730961111088859,9.36913239184851,3.91191870769222,1.15927112134898,1.43680719408668,12.3439656862537,1.95265302248552,0.877952703348226,2.95102223057767,1.71790131900959,3.36925938537447,7.50635496229048,1.37893086369572,7.38949187439518,2.78911578127319,3.26280082971445,1.34569456623746,2.18129777121214,2.38941467338758,3.17385938054897,0.82576202688348,1.19431905645632,2.25462765609056,13.7769412024071,1.43929192428849,5.26160314664943,2.5571862887993,5.69182444946593,0.275839846976896,1.1981908460299,2.12190070804034,3.87085458188656,2.12237439550577,4.63202321247437,7.02135990208875,2.89146961991439,3.01137161504948,4.1809434006113,3.40983526626908,3.4353640838952,3,10,3
"1497",2.59378299353527,1.31324523341118,2.59936918267513,3.54588237384217,7.22036191988713,10.3189609814349,6.32607356177968,3.27993635223043,0.652203152436952,11.7631442371657,0.920616237749059,5.06127168918536,1.46384852431008,2.41408184508704,1.93522032636921,4.52925707795316,2.3404805643447,2.59428203438127,5.00686734789626,14.6763586990976,2.02981778088724,1.18129276078139,1.41556638511852,1.00724661295037,2.06246895144388,2.94916194482818,1.63661529395366,3.69182056258912,0.323414585790463,4.72400191382513,2.28263832194269,20.4456929183101,5.07279308738211,5.65737994113549,1.88079054476065,1.09954069325498,0.637810254546208,1.42079821230306,3.47661941434765,4.34480941145321,2.9326465557033,4.08311612020755,4.72778510392289,3.37775008839529,3.03468186189529,11.153646555039,4.82148503744382,2.97733520748219,2.44066133134275,5.81412989630268,3,10,3
"1498",0.783669989305872,1.17294702970836,2.34812922036374,4.59817900674725,4.62772741880378,16.7397194453092,5.25383436327146,1.54565866641324,1.71225658017807,10.13620934664,0.948182923398391,15.9747337268957,1.39590651596953,2.46596677421706,2.24823231130233,7.22142748656818,2.92656729413535,1.42603546304709,3.7307479993349,6.23001417662158,1.34161687463485,1.89427478613889,1.55481553792181,3.72069598779214,2.84195282563542,0.891822700932507,0.746650469505665,2.86396739307698,3.16997698363669,2.35612675656943,2.39171106753795,1.96397342137507,3.21438137358135,4.08271429506136,2.11553001313657,2.26315196352711,0.624793901018153,2.03757143521503,1.97180081781211,1.01078340827465,2.34092495358659,3.16826630613485,3.51289440784828,7.26044570268918,9.35081865794417,4.5326268375602,4.20744024328139,4.22297880899444,4.31145711471913,1.57960134551829,3,10,3
"1499",0.317337192413129,3.80301616100422,3.100575425317,3.33191188487302,10.4218225259742,4.16688744116073,2.06158962085529,1.89691976354865,1.62428803468747,3.97321098483669,3.36425093969044,7.11283585773824,1.81466920978044,1.49638165177072,2.10648583441408,12.1800203012418,0.887333681165226,2.06958280040286,1.46757052770836,3.28317080400527,1.49322712847385,3.09574373980048,1.97426880690071,4.36333041044209,0.978270378028934,1.98200862946594,2.67581165232157,1.12758988859741,1.19568616482006,16.5303926439635,0.733127738205327,6.62988276357762,3.82294250502614,9.68812472691549,1.38635252475718,3.30561772968752,2.68925542086161,3.5198237894196,3.66523458605677,0.521232832147545,0.690688098035967,2.15510141417069,5.3469287276144,3.60397035681615,1.62837779033291,1.68795750936597,7.43188410710189,0.709751860628087,2.10166890074023,1.41305084337805,3,10,3
"1500",1.41903932528819,4.79618411271468,2.54190849764245,1.22845803563416,3.40375628607938,6.73848260059765,4.14353858691173,4.97106987185423,2.3744835185981,2.5492731561641,2.64742121333572,6.13844642556698,3.10520443605474,2.98510840078234,3.77761823554515,3.01043541652533,0.555719643256559,2.02098552916193,3.04729177277242,4.80896009498421,0.843480476976857,2.72073036698845,1.54194569519283,2.78989515061144,3.52678472251162,4.08917930934619,1.55025310286131,3.18342081968147,1.38642788216591,4.7758395072293,0.468154716680644,2.47629977029621,2.18284154707884,4.61849539332464,1.42842449033129,2.81075794224561,1.22486430030035,2.39172774308289,1.31306406096129,4.10127133133098,1.58774065329616,5.44054763698584,3.81710184009683,3.16038265500081,6.2517839944056,0.779559323546489,2.68833361189666,0.122080926347478,1.29443511221405,1.52909983771229,3,10,3
"1501",1.58388082094867,4.29822197896125,3.51962599245059,1.43710061676619,1.20037831003926,6.72688657348753,4.68290997224199,0.978447555407078,1.08093643851409,3.64846660705058,6.57904819628404,2.73907501529617,2.03694572926918,3.1974137586458,2.39274861405859,2.50733825650439,2.28543698691798,1.35514219368346,9.56055941922835,4.67304952578235,2.27027487059468,1.67133606462292,1.59303926238664,1.99890220321314,1.17613335292871,2.52987925743314,2.43003423174758,3.47419118758973,0.804724256659155,3.4601466892049,2.46843498270677,6.99700853829124,2.24300231167761,6.8560908056786,1.26320199493798,4.48480029030031,3.07579568892478,3.69175192901423,2.18600825078017,0.820708114963622,4.52818949717027,6.03077991910056,3.6792821261232,2.71664124591534,2.45619884087776,1.72492231865376,14.4589839759177,0.983116743113936,1.88888828046264,4.45719839872666,3,10,3
"1502",0.516793250721572,1.12228787379553,4.12649365434453,3.78540908754753,5.18074473588624,3.17454436455204,7.88389616436966,0.826392042951766,1.10418161778105,2.85764923777583,0.725653013050568,3.41770465158206,1.58290896286542,1.82321929958482,1.88208683206489,1.06485047962268,0.71858625942433,1.01132130443752,5.58902762305669,6.26704353421431,3.1054998668032,2.81151800943247,1.98297984478592,2.76980790600431,5.88047627009726,4.89945316414783,1.27301641137412,1.58274663885017,1.86817992390077,4.15708088825125,0.701868061761837,8.8705628171906,3.76095820000987,4.41624135967233,1.35803235416026,3.24628486967891,7.75152414573349,0.797613316374655,0.710855055607315,1.29630447733635,2.38164140680328,25.2993529535865,2.67375977215605,5.26535099859551,5.15982882454263,2.06310361858619,5.58883031193835,0.435255428354885,1.56990299759081,2.28301584346823,3,10,3
"1503",1.46274944682553,2.67060815137564,3.54234069100187,1.73392749837841,3.90287896546727,5.44244382177091,7.65495936225664,4.06865550297305,1.40347188862042,4.0487015868025,2.23565501207383,5.32648472282424,1.89689109480894,1.37988156671183,2.52957552688402,3.90898993578153,1.33094391620538,0.915444060099367,1.87291861470075,3.48651098046453,1.6746067613699,2.87857360482601,2.41409227966471,6.40226936364715,3.28137883278351,1.77525581689456,1.10916447830572,1.35699505620002,3.52902281813733,3.92794370122187,2.63255091846634,1.7850465578297,4.29296920472866,2.03790502408704,0.484398156485466,2.15270360863891,2.31921234752225,2.8411265744751,2.15622272935735,2.89570019601567,1.10225511915848,2.60370085472415,1.81890304316288,10.9575110796224,6.63293058712228,1.50401568389079,2.98088172852092,0.789116085803656,3.14500242302038,5.4977202665933,3,10,3
"1504",2.3096663586786,2.18560720627511,2.49446138145598,2.45449562100133,6.37168971613725,3.6915910754364,1.76032882029928,3.54038061555423,3.16590104853608,8.49635558950357,0.505415044668786,5.98947624236205,6.85517513969998,1.65131147147344,8.37835240851747,2.18467870445954,0.526282213006742,1.12725929367976,4.55122083216938,13.0655037301871,1.870388481236,0.487807059847019,1.83171491936577,5.68798223879177,1.17932824961648,2.40288409444094,0.417462174702739,3.92284096733046,0.793274163430682,2.9418611538216,0.866913871010256,8.88112356374277,3.95746820917052,2.61642123913395,2.39298609670237,2.38903877410449,7.83693536916026,1.58894401135723,1.9724425620075,0.946245978219038,2.32482644687195,2.29841943187801,4.62259226279474,6.24852754974367,3.51815505020622,2.77958774987982,3.8241667982164,1.22294128268398,3.37267984946298,2.41303119404735,3,10,3
"1505",0.415338360510912,2.34843512678991,3.12065156235972,2.72513618012123,26.7169891629076,2.74341587171171,2.61582080245764,1.03815716169312,1.18100679804053,7.93390376336013,3.56552986675524,2.969263509298,1.88712340024757,1.6445008998561,5.40714545325877,7.7643164711323,1.42602275905096,1.33504762778502,3.40096515015013,3.95085450344499,2.59189659702206,2.39083173192084,0.905547896174462,2.74053457446658,6.20446100307495,2.74386570666305,3.02332891132406,2.88450017968681,1.88843977785195,3.18338784077133,5.24770821690716,4.8227106900961,4.15608308547593,3.17145284478539,1.06090957862531,4.92559396489534,2.10207610576704,1.61907967328413,1.19030232898756,2.6972885872003,4.31123789728937,2.75064587534845,6.2394504196767,3.52456551610361,2.55669501093346,1.00150221692915,4.12387219747109,0.882983975789842,1.35219069166756,4.6849010991661,3,10,3
"1506",2.09606602745721,2.51068974953128,15.9694282469783,1.8051006686206,4.08392374704033,2.55733558730359,6.34082292091214,1.18582823401085,1.96509314641977,6.32226057532504,2.33039462775494,15.6790977541526,2.54606109963146,2.90219011677637,3.95347575015279,3.69131102093877,1.71374425787413,1.34153338487833,1.35327441868554,8.20974655351706,1.67986207097331,2.7225769361917,2.38962588066203,2.93856796325556,1.75924359852101,1.67603598413318,1.39871352546692,1.17896385402915,1.26456056331475,2.73996666287325,0.863915408980308,2.64826363794485,2.83299649550515,3.99694900984908,1.87979353554684,0.951726647018746,0.896502095062174,4.48208692381071,2.13350836966586,0.846072272684228,2.42532088606967,7.10431117561226,4.67132989475044,4.35440157049071,5.12199436325029,1.00910262464112,3.29234489859178,0.746791229141026,2.17794626792146,3.04758827790449,3,10,3
"1507",11.6144760768245,1.5338676144907,2.43483535556321,1.58534127762495,1.64878377592288,4.55244897685127,3.13282376909411,6.47453297913281,1.40152088595858,7.14364193005384,2.04763135055516,2.43485764955938,3.82938005327367,3.61031773368362,3.9223172397585,12.6073774497867,1.49414228659594,2.41366416254579,12.9150685977361,4.90979026670811,3.5109427671526,4.1010843141316,0.866156604526135,2.79596089990562,1.97552437078491,4.3468581712853,1.40771335933823,2.74698162555981,6.12911966342235,6.04868135978689,0.149063146577268,2.08795592622389,3.59145524410558,5.5212153496934,1.48002441980662,3.87663628337978,0.888246188014182,2.7827643740149,2.0326492551566,4.67485193155554,4.68458581874485,2.84454325302318,1.68014349726548,6.88089666433122,1.87693444220379,3.11921102064162,2.94278187941733,1.03906030764929,4.28101521030329,2.98916226620058,3,10,3
"1508",1.16626505050288,2.95160455851165,2.48317235386441,2.10971137430518,4.50065109673579,1.43808404612617,1.07654675735157,5.40094218315164,1.490087819911,6.78224547346619,11.899939087651,7.91586207829155,0.550597736150959,3.31308464256792,3.26713024675744,10.7375014574428,0.96124803355665,0.0803410018844496,3.4245858265537,1.86453259060471,3.67757998664486,1.89109731895829,1.08608580582719,20.9102418323126,2.37836952743418,3.1134251386901,2.25818791953782,2.31100413833943,2.15952924767853,4.71036364025771,1.48177057742794,8.65642752786787,2.13569435889712,6.60042361858972,2.82533984601851,5.26090145054092,3.43589481247721,5.07146908400565,3.07360892622415,2.05196350443538,1.08126130002673,3.96018387185607,3.83692698964271,1.95087488451478,3.35124722938789,3.31914814824535,1.74264753332768,1.23542956590591,0.279321147086051,10.9061338979469,3,10,3
"1509",7.97718681643224,2.02097233201133,6.66300380894198,4.41567862297221,2.19575051602452,2.31633257570356,4.2467717041109,3.20751885801065,1.55338574848206,3.57882358345041,7.80406792585967,3.3249602004959,0.678178793619145,1.70242359087841,4.50195299001682,8.46723399516567,2.05392870089965,4.00255796577107,0.943187061873412,2.38664251863153,3.68907264567532,2.37024915068533,1.35473211244069,1.87624687063219,2.19978080960974,2.49790255752081,1.6132133177002,2.38236464605317,2.72909864322257,2.32367909525732,0.499309266569438,4.5386746030317,2.76771466612028,4.17745146498082,0.687581869871624,4.80679093321494,1.86501000175803,5.37419835683909,0.275404401713033,0.231640936185807,0.956575808916469,2.77393856053802,3.35554706644472,2.83406362050631,4.57702389022544,2.96533821891053,3.30880023814689,0.547275698650264,2.09562650361025,3.52140844566161,3,10,3
"1510",1.32462223222898,4.21012730083705,4.04743444506493,1.765651303189,3.04756773484185,1.7204898342828,3.42862217633998,2.68839870589081,1.32101316630195,8.10074409525916,3.06804919308845,2.34691964043754,2.871356410923,3.13450125360151,3.63745562182978,2.88979927020048,1.26866355200565,2.58210896033737,2.77836751646092,2.77520441498048,2.63367060778569,2.402007342294,2.48366927555682,6.52646871793367,1.27197887462851,4.35662569075014,1.62288548811688,1.98960693635834,1.52925438996879,2.23378158436718,0.964559695619441,3.10211133791867,3.53000928408043,2.84575296302687,2.14313921982404,2.31198322696019,0.431135836515306,4.07968800329049,1.57652717844148,0.22813532195139,9.21849538969649,3.80071640508669,6.27764172970211,5.44336156822449,4.1415287256763,1.88896131726486,3.22843782394654,0.748137042360254,1.64701519262439,3.4443071935489,3,10,3
"1511",1.41111887387654,1.56447230599251,5.68155057732502,1.33859261372109,2.18447041229793,9.27182520627005,1.94469812047552,2.17257784786373,1.49192539772949,7.96925726138235,6.30045676444005,5.95055260837299,5.90938519779672,1.05757756520465,6.01765790159539,3.10245957589262,0.757584605243015,0.249705317683862,3.66488064305149,5.31858766868808,2.93510684097509,3.19392744189184,1.72036877236707,3.33458145009987,2.35586800836849,2.95098531110492,1.20128408315578,5.16532624186644,6.96559236218766,2.10282770671738,3.25459324828153,4.05383261385261,2.96233647940263,3.84890938685304,1.62085431653452,1.02150481909677,2.22193429797714,4.06172945428464,2.65506348282765,3.62922607109399,1.35824771469482,2.06733278772566,4.6815927874006,5.67986515504291,2.55376090351282,0.882769530735807,1.66284079588212,1.52658121329739,1.82851202281671,62.8424478799159,3,10,3
"1512",0.639045183830805,3.34767341149792,2.2455811940839,2.38571106798843,3.97734499408578,2.7011620621119,8.31200178531712,1.62271212516542,0.812233028340052,3.49988696116769,2.89640782987885,3.44802083898463,1.84549591607216,0.477200170934927,4.20038780051898,3.7726198908024,2.66794333505581,0.974866680737414,2.67005478560899,2.24116446847422,1.0616788567593,5.96337207738636,0.893359798323328,3.08696965636871,1.23138121051561,2.3611737666424,1.07500195772585,2.1093368178576,1.990820600707,3.37610963801012,4.52689347644076,2.4958886644434,4.23559224729097,2.79282749770953,0.903959140495445,2.61806732826696,2.26112484475523,3.25502298854328,0.818154312341644,1.73697434428764,1.18129160300699,4.68554017972795,3.83352848803925,3.99327699450525,4.16332272934293,4.07655436816329,4.05882319023674,1.67585545546888,1.74417760059475,0.874956907310531,3,10,3
"1513",0.58854638063289,0.97802770445654,6.57654418191439,3.10569404121403,7.64802515452073,3.38763049167497,0.591658025991667,1.41864553755877,1.81855506401478,4.38390880396628,1.79109803056385,2.60383339729767,1.38269702443681,1.92602969514489,2.39029828040775,5.62398926535912,2.17800111020817,2.13661001499165,7.06044831827755,5.01791093399615,2.56918665525832,2.54451432528107,0.126756091828016,1.98682484095691,2.41616150318708,4.59422928827579,2.82167676394625,2.67146524769048,1.24159716570651,4.41633552538682,0.335260872330615,1.46935089717777,5.1045182201806,5.11975791765723,0.801987709881755,1.21211184800687,1.49265865704484,2.1309871808522,2.99048835328591,3.97129410929799,0.897360200123179,2.46903596770334,3.71061662183107,1.33724911943949,2.93278710307265,1.33386574740141,3.28623796542815,2.60721461398237,1.0002272368154,6.5468014420965,3,10,3
"1514",2.52360051973735,1.44103894194482,2.13707029363532,3.08183220619923,10.4153418026288,4.67986520538798,1.45948469428671,4.92659699179477,0.989214444326642,6.24102917332803,0.686160122772309,5.18084163610419,2.01183700955773,1.65986941124531,2.47940924884694,8.07808194359446,0.56536228183232,3.34770021069306,4.96697657950471,1.96673309908843,1.16147181453321,2.92523122169976,0.663718786582397,3.05332810340152,1.98699202561303,1.44467764862949,0.883411270458534,4.11014192867136,2.20337231897002,3.38230150410101,3.54915286998843,2.13539050815346,4.02968401817259,4.79178399600372,1.09594242185018,0.941116485750356,2.87654184761056,6.0187547914123,1.50610369725114,1.69610503965949,1.7361959784409,2.83423742115776,4.21644739565184,7.27816926898925,0.80186159878367,3.12172260689223,3.3600761676505,2.26572136145617,2.31666860760341,1.15240230376627,3,10,3
"1515",2.99991736764439,1.00380906151407,2.21410735273704,2.05714780261149,2.61452755615443,4.62885820977355,3.04916575162613,1.2027963365903,1.53365358748771,12.6236643748351,11.0158779286604,3.95889995527426,4.27366004187601,2.14207083541452,1.73242966203457,4.53782644588067,1.22749600339801,1.44334900003562,1.93632089983777,14.3698613749281,1.52192192306945,3.20047066446029,2.0398927445273,2.89435642442095,3.73123379609492,2.59985876173565,2.22727572121673,2.87824040549681,4.92610722586469,8.59718448160506,1.17227914578814,4.67900417124594,2.22182834425723,15.8227476757951,2.16503892846055,2.96658699905429,3.01984329772747,1.99326550524595,1.67939962404495,5.22038440698146,1.26379661946561,1.72247819483168,0.501834682437424,4.06798860128709,4.15212858203826,5.96466806701398,6.82870948159476,0.263615322706117,1.19435403449746,2.98120202617747,3,10,3
"1516",3.11418387219621,7.99192050141495,2.53002393395198,1.08114680109128,5.50073024099815,3.40544260801513,4.24038878141549,1.62641286674938,2.42394766498469,56.3321552532954,1.47486990226579,5.47585701234667,2.98616109090104,2.90330320102395,6.15412711195285,1.20719654199696,2.35821210633082,2.73483738821452,5.43822381526124,3.98464882874209,0.765460468521012,4.05235592937235,1.9176948917436,6.65277009343425,2.66329476399084,2.72561520766619,2.74017301418397,1.75335422706498,1.47436446935134,2.52581492656864,1.06533928650504,7.99604692586201,1.6353655875125,9.17813475235134,1.26281650046976,0.483659383570888,1.27000324881239,4.63492654790633,1.55392865989776,0.554058385373735,1.93808120931561,4.20676753816497,6.80024521694569,11.0834256874894,4.07360707525838,2.35182864698564,3.98425063202932,0.256295435354068,1.84932866954152,2.95991915800467,3,10,3
"1517",4.45477565931494,0.878876008108985,1.6562082540824,1.17918738179326,2.05446853680832,1.61309740527567,1.61010871035028,0.969852334171818,1.56812883334325,10.2797474001308,4.91563539624329,6.50383258602976,4.89445933774881,5.5931309578282,8.11801642702908,4.1663608072573,0.951118148212119,1.19066181436262,2.45041819597116,12.5131427522815,1.73484343931058,2.54682337424932,1.78153387904073,0.964783730223319,2.17582531662625,3.75315689619623,0.776970304373594,2.20510153642141,2.36591834647472,4.78371589387453,0.0984911461454852,5.2845248589234,4.67835460102634,3.82651238965857,1.40342965281579,4.0696886695864,2.99749468127424,1.32723660461483,2.80910652889504,2.64378300658484,0.884367602429599,5.2774136578375,3.58140461603096,2.75674458240834,2.04459330246583,2.39962700686163,7.2695480808667,1.00312946256389,2.94285789806041,2.02656625808345,3,10,3
"1518",1.04271036287576,1.47217505219888,2.16644005755014,1.54901571436171,4.96131214984412,1.86402562158347,4.69201215993795,3.22644604646589,2.05108591693696,14.6465615931759,1.24330883646394,6.87193086994263,0.777670427159765,2.50729308619368,4.75214737418665,2.11348653222459,2.2026925240597,3.52660062620961,7.75001327328676,8.52760076165508,3.12552270284096,3.29156118642963,1.57293916548499,4.14046776262057,0.806001332100091,2.62631388001946,1.12472906321096,3.06195083341508,1.69351975734159,2.56056650711093,2.03055855034726,3.97966997341759,2.09833251596572,3.07375954583226,1.17918800241088,2.48484082076092,1.06363308667485,1.54127732132871,1.72621580180379,5.14696865938549,1.78244692963982,4.84648282237303,4.99286825192116,4.53691758458999,2.65120097500463,5.3945253723495,2.43417879764556,0.697364459840638,2.23343470851385,3.33507193343006,3,10,3
"1519",0.836271303904482,1.41547256876365,3.03377763203359,2.59524828270717,3.975005859226,0.8472950965854,7.60092971635844,2.45626785931732,1.25135137056798,11.0858970128087,10.074246150031,4.79613721341454,4.11947032511467,2.66387995847564,5.51314489317288,5.71644951130535,1.56078544490703,0.694322333961497,6.13724109768608,2.85869209033337,3.6096471955878,3.21794723486565,0.933231568148591,3.52983265465747,3.69385687554634,4.23732224496216,0.708638787103249,2.54532749343055,3.0085814263993,3.783906963957,0.1434728612142,23.2093059717887,4.53694397519333,2.39428800210629,1.68488426162495,1.26397263993547,0.766056152624615,4.18896892178224,1.03548524832444,0.869814578255649,1.08101500329342,3.726431894572,4.81874013420512,1.54860913734437,2.27900284285965,1.69619282735618,2.35341800726867,1.49653674688975,2.78661196576366,6.47854463224629,3,10,3
"1520",1.16625978603271,1.47807413516628,4.34377651164798,3.56510791586464,3.41325817505396,0.838320050467533,4.26582144084831,1.57042336804322,1.49424971742992,4.43869993569111,7.59654607337742,1.3857846930817,0.657833696715502,2.04156222747453,3.82888522737269,2.40069453112975,1.4253739867025,1.0795650787346,4.82822762909581,3.6226586939285,0.916284565722608,1.92632310559924,2.87820962646761,2.37894762051014,2.67863486472522,1.90977932897283,0.592438056196727,4.61839875446232,0.685730270781051,2.93257194897769,0.282312613173291,8.04921604330566,4.34868360986897,4.77867780180054,2.3668160175282,2.91363288551035,1.27034263330688,2.10105102576166,1.90367538682949,1.60575758655097,1.85395295023451,1.25222614314244,3.87885466551565,2.8030435641091,2.56024639995621,4.57905390319834,14.2386347303515,1.07205128163024,1.21791967129739,1.94492118435008,3,10,3
"1521",1.01465855155959,3.23909688938712,2.61418320891866,1.53302803512147,2.57476373404715,3.49568774780151,1.94288788499297,1.19788765251332,1.94123997372316,26.6038270168406,7.67436001458265,2.25938510593138,3.40749318298023,2.11909949842441,2.78596345371486,1.96481702848185,1.15396514954451,0.748635314759967,4.60988014562027,2.912899414636,2.31989856830519,1.98426990153742,1.73015362348874,1.66818604817437,3.63431596178324,3.05688507263313,1.76548790673794,2.1481885717976,0.793667764202639,2.56447460713665,1.40536056792002,1.45447727169485,5.67711619591308,4.11447436754554,1.37134859365393,3.83554119643785,0.801784624543467,7.21104454382389,0.997725283379966,0.361927028606644,0.555841094482994,1.73969499469424,0.49041798519235,1.44586249393043,1.86095392474418,8.08972255400039,3.56887519483039,0.23189726976367,2.47197237271601,3.68652030637456,3,10,3
"1522",0.948992687970861,3.56004485829618,1.33955779820122,1.73310646855607,5.19663449883032,3.49139441133837,0.829285962347338,2.05356987213565,2.10168437226059,5.76837665632447,0.826038626265166,10.2211401762117,5.55416889352334,2.3014990910779,2.88590660384952,4.72148528939143,1.08061459693332,3.50465488509731,4.37981013694851,8.80231387276575,1.09860612544213,3.00619879804039,1.78444369047779,3.22701224891832,1.87925914336388,4.73852307783666,0.586718705293535,1.63852664658183,2.26006816617627,1.30927225125785,0.851758603332409,2.34436004207658,4.49539411109701,1.34366792828186,1.29843372426838,4.41530461280273,0.872270464687437,3.02238282908628,1.71936888410507,4.71634392435918,1.23239527554802,5.81813359488648,3.77424654169004,5.70160519752434,3.98115611800782,2.2606329216031,4.01672255047052,0.798655202366718,1.91537857416279,2.13247133970777,3,10,3
"1523",0.705871813387199,2.68861508141225,6.50958824054099,0.982568875967006,4.00404254753658,2.46507221487255,2.47120959621218,2.19209618699661,1.88642101552411,6.68856688027495,1.0043475468301,6.10507384638014,1.81425856657973,4.3528267551128,1.40509429681865,6.39113766167886,1.89630012742074,2.12705254925937,4.01519045855052,2.28503631037381,0.887579838728985,3.64443530359872,0.678966363419469,5.07407449446106,3.90820631564633,1.85994627145317,0.91544347868296,1.95961195194049,1.70085123270961,4.06503265841659,0.318158434546039,11.8354070519578,2.74885303603421,11.8535197270461,1.60147798665621,1.38906435000127,5.25811455615454,2.29966487002869,1.81031769310556,2.04965558197043,9.80582227646811,5.42011792230715,3.50075667506057,1.73385534504398,1.23250064011451,1.42569015953836,3.04783325446338,1.80756731297052,1.34983854794096,11.4480173393463,3,10,3
"1524",1.30852835608304,1.05137305388267,2.23109505837561,1.63288247327412,5.24318344858616,2.56324049297589,2.28491661936921,4.27900005249075,1.61390429547057,10.9487459742266,2.97952855362735,3.67003785546759,1.34012358421945,0.858427729836145,2.31729386264499,2.81143898496937,1.20181419001814,2.44068538170687,1.26889270074281,4.72773468606885,2.49040069275393,1.66128182966169,1.09702974595189,2.22021303764758,4.39252335212738,1.32450532350453,1.15293665512887,3.15135584404607,1.34957642685122,6.85386323498662,0.781485468995431,1.83481136355987,4.58382180202858,6.59027326703477,2.77146010090184,1.05051548907468,1.68809328534832,5.33569330910241,2.77231937637038,2.77575213070055,2.7411902643285,1.85815932051955,4.92282703909193,7.05034755213958,2.83048290148329,8.38942076981747,3.12505324538932,0.563111854425182,1.86831632064268,2.78157692644045,3,10,3
"1525",1.53455083210079,3.36749585124078,3.96656872826141,1.13435519563747,4.42731297349836,2.13047121288971,2.46435470756956,1.39263221256193,1.37727092374517,5.01343382694906,4.14980814678261,15.1723737207964,2.43605041996284,3.71851506760112,2.79799796819443,6.58161300329741,1.12960525629461,1.42209946785561,5.07016345846217,7.84142285295571,1.52039534405473,1.87565243103024,2.74566222848162,8.87019587049713,4.13594851389786,0.830900611052641,0.534199863590815,6.4766723317806,0.793031876887894,14.4690821941726,1.22520594617108,6.80637436955781,1.7374152341329,5.98261820932638,2.32269779415031,0.653381250395594,2.92545603954326,2.96040275454276,1.34002946515378,4.51619175576795,1.5307435365355,6.16780876653935,5.79361971834303,2.15611960868735,3.8032587800274,3.30722631424905,2.62556578088512,1.00207013926557,1.31242694683922,11.3053412988986,3,10,3
"1526",1.63190164071165,5.27896600766938,3.56844035036453,1.23828556111228,2.66142584905621,2.27273744062818,3.82682714205949,0.586439801388613,1.68138683037082,8.59050987683419,1.31530513273267,2.77943580852508,2.17646090664467,1.62829843913797,5.70830320006146,6.41790178354149,3.00055969755991,0.45550969988532,2.26494773144888,3.61069378997968,0.796892287339423,2.84518656197718,0.781244360161339,2.47683268979224,3.60078156450377,3.1211237263582,1.00100719117068,1.33607883561006,2.36097449155476,1.25859913775219,2.37691374959569,3.14972325687777,1.85309026539629,5.67109041762044,0.978264761822127,4.59667163769163,2.51467398176581,2.69111170822318,2.79075265029021,0.611586051028913,1.22931847248992,1.98964923999062,3.75872084597636,3.13870969827518,4.9641343931337,1.752494710189,2.53822949446669,1.59463599669771,1.39465427553178,13.0188067254969,3,10,3
"1527",2.61254789429921,4.42396303547603,1.47165600093758,3.19953065514888,4.00365326893216,1.51440276984311,3.17038716841461,4.64421491459815,1.7201542690276,10.7174104892945,2.35307585209814,9.26004803551069,3.19608664669763,3.16062559531976,2.12084458958375,4.39698535401315,0.774795654892736,1.95848761109478,1.95613090299856,4.68396406456952,1.36331949246697,2.57972606452102,1.54228319142964,2.05109920426284,2.29228887541226,3.98881096090814,2.07669006195804,3.20163790749668,1.38934211562379,1.97313690045642,1.24197888003075,6.73117249313813,1.57706478466279,2.68402782217967,1.52361165442417,3.69865584950612,1.67447016944645,3.96089906283352,0.209492036855271,1.53670821799781,0.552980289818327,5.13501804691091,2.44442953599037,1.53648336437503,3.32277651438495,3.04352719595961,3.84235112499468,0.785047914510758,1.65099959429686,12.672604660479,3,10,3
"1528",1.11725930435533,2.31893232922276,2.02688621781918,1.78974908247513,5.15880937533945,1.80012506026056,3.03630734560058,1.83750327931119,2.7016972649256,10.1503326698459,3.57685554909369,1.67927111495014,5.69371622062205,5.08209340207071,1.85286255723312,4.05372428286361,1.03625019199783,2.97285561002341,4.88862588612621,0.641846700138157,1.26112654703958,5.2898107409751,0.720474469796134,1.81344124086657,2.12101130285044,1.75231897515838,1.65650467703312,0.589386544833507,0.957650631782811,3.58077161557402,0.3745817054894,6.2499277304301,3.08538441848577,18.7418184817802,0.983579188756911,0.660729856576477,2.59966706400463,2.10952880855127,4.18061537417967,0.447532320864726,3.00309856981099,2.15243661735421,7.7366335415724,6.74737065093455,0.973263837176976,2.88548192378147,7.49973832107431,0.711197363219292,1.50629511383302,12.8575447090251,3,10,3
"1529",2.36659218490847,4.2054882838624,1.75477360635553,2.2671262018942,11.0754397358586,2.42098333569473,5.02549030739303,0.915492116491423,2.26775322114041,5.14201719973183,1.73520681827071,5.33967325668669,4.01058758496007,2.80436752457152,4.60825735763537,3.24262824857162,2.16572749319427,0.222474389854141,6.73324630637049,1.42051670156802,1.75994713453528,3.36810033031409,1.44669727325145,2.64714433515195,2.67994609602257,1.5738027458265,1.01929563784104,1.33948399955033,1.02091074589679,4.92193672731962,1.86493216190252,7.0652127733987,1.72818982875994,2.97793443038115,1.97097350941894,6.11998372803791,0.825545368790647,3.11567567119011,3.14046173783095,1.01437753425841,0.958487216523707,16.8415791197146,2.32233841444945,3.74030162560373,3.56260711377745,3.12694417331973,4.38993726499935,0.635451373188405,1.97616369910078,2.76867839216221,3,10,3
"1530",0.393127453816083,2.56810414979778,4.35120848738093,2.40694894305137,6.48959856234741,2.37024631137401,1.96800420218056,0.290627611475966,1.25913337099154,9.64669709347082,2.65429545673601,6.13698002832063,2.36398530156871,2.68678717613207,4.50830744842033,0.952519064656024,1.56095563906384,2.66918032267564,3.07663855882511,0.404868975305175,1.34132853324188,2.07564121140304,0.677190968549726,3.50344189269172,3.91863981830223,2.18620033995469,0.768770433850188,1.947940614984,0.418986529698036,4.28309942071144,1.11196406366409,3.28872943626075,1.5822941599639,3.37498627675035,1.67075646540971,0.467302461877447,2.19417819368956,3.28871327276279,0.387507335855748,0.595138206843768,1.28894001798357,2.29748583094975,1.18390797557579,6.15979911070938,2.11954216210283,1.5542663915474,6.16380836363263,1.11647610937485,1.54674880859371,11.0507387954314,3,10,3
"1531",1.37202879648537,2.17918514699181,1.71523214531219,2.22252673618053,2.98051609840298,11.1100050371508,4.52785876344169,1.79667649837059,1.40403357315347,9.10504508355119,3.71064495599502,3.68313981740629,2.79953743208007,2.28230051003603,7.28077938311268,3.41363675624333,1.11953500330999,1.09681980848763,5.78275933384445,4.24007974176356,2.12251625806059,1.21586068821501,1.4499319847961,10.9360188588225,2.05955578101937,2.81087590440205,0.965385915067058,2.38829951727379,20.9177909775551,7.99585238884112,0.804866720112208,6.59162074878976,2.26560127398469,7.71825580461452,2.66237271855515,0.251230228960906,2.29888949741159,0.630786238386278,0.634663217164965,2.27176968698427,0.984020769951418,1.52198329011288,5.08794260666764,2.45122823681606,3.24347423651989,1.62488508497288,10.5969498922004,1.41890741604914,2.41107574537672,4.69836252507769,3,10,3
"1532",1.90603986120267,3.11671158233516,12.9401746405052,1.69363154083696,5.8895463672391,3.94949991439407,1.73062868911155,2.21261648695246,1.73366159755766,4.98007200748074,1.61828297859882,3.30588891550162,1.82307863677222,12.0577748442544,5.87607047658908,14.2386761851174,0.768485944668472,1.79401897008849,1.65438839524901,9.25054122184998,1.03602552038313,2.62237336629082,1.73934102144642,4.68496779068949,1.95021098265498,1.7014156203684,0.684900651072073,2.85572254629821,0.608716174154131,2.89263566571088,0.660972449919407,4.50222480865664,1.31183753858573,2.61241169932411,2.80514702068669,0.893361092352695,4.41802498424887,1.31110538487241,0.382456383088565,7.92457335058987,1.65896475896802,12.0856615928074,3.75932857461088,2.95670304744854,3.88008299602857,1.9880480734335,4.41044951380723,0.710150676053765,2.82169420239756,3.45545655844073,3,10,3
"1533",0.753319861612724,1.52836608955619,1.05594440165389,2.46031361577618,2.78540677616564,1.08530041467991,2.173033337152,1.2377834271733,0.981359244566234,9.5653930434185,1.67125113645006,3.73523000767799,4.0148375541435,1.53351412979199,3.93543946864153,5.68278664417582,2.17394937338868,1.52019679938424,5.98389929659001,0.84091562723993,1.30631327153186,3.26706948457285,0.448844932091722,2.39786404718798,4.1836407722883,3.75691962573398,1.98297781143678,1.53710510709442,1.07026394996327,5.42410448346989,1.06452226140868,5.77944450642425,5.80867661739347,11.7726812345618,1.24342470781944,3.11460951797056,6.47172087805121,8.42148402686788,3.47253111666466,1.55585751439535,1.08498045584291,3.29694178446415,4.50759511747797,3.21704815744281,4.85722360843092,1.31194061880606,4.12020342475355,0.766408295247487,1.74633620822503,6.19259455188516,3,10,3
"1534",1.2471733131535,2.28617047010118,1.63551848013116,1.92014525484607,3.14849375032739,4.78405817033761,1.69185752647197,0.732636347671383,2.6654000851212,4.50219852154779,4.36377960319681,2.24615179178663,2.92652653597465,0.721604159429848,5.53047210034433,8.6020053954205,1.95774207031824,1.5431202533098,3.47490998150511,8.04081281076704,1.89384441744525,4.92363270077103,1.69570804368216,1.97874107549579,6.00654288552384,1.18719098185326,1.46415067753166,2.6688599540017,1.11171322573273,6.78114395002523,0.866140337855514,16.8266901440487,4.86722916574909,1.70458320804675,1.23704057576648,2.23032978167812,3.55576344312479,3.19611827041732,1.17631291262427,0.541235213488826,2.21636015148009,5.87298247411511,5.65193829749538,14.5140724693833,3.81953022133032,3.73710724477149,2.58489420594276,0.333032490282616,2.11463994122991,1.72645535334485,3,10,3
"1535",0.745769531462381,3.00193218650063,4.48521367576244,2.30045127513989,2.62676036113513,4.56641198100675,6.53366259352651,2.06186580172367,1.48236681718688,4.36280330025878,5.11584985665644,3.6939775983068,0.879471942339853,3.24020221408758,2.09097627605851,4.1075078649293,1.24226126645955,0.767033115731468,2.1553075206535,14.8647470119953,0.921477100377985,2.99251581947426,0.763044721780671,9.5324414360464,1.95150916878054,2.30687686225915,1.13175446754232,1.87092062877491,1.66938665949749,17.1697437301513,1.29353442617235,4.08757082102601,2.69526768478614,5.08246450886911,1.71740145823301,3.44015754580991,3.85676601566024,6.16286742469318,4.04467947606776,0.661709661032614,1.48943694696233,4.87427691965689,2.69178638557981,2.74402697669785,1.72141707224551,2.40059081521124,5.83824034754973,0.722616646035256,2.20843873266011,3.25651124115958,3,10,3
"1536",1.90039460876139,2.63543840610258,2.89039097734566,2.12549250746203,2.21856195122885,1.0999316561418,9.70459358291663,0.398031733299463,1.43130014923997,13.6590297905838,2.17421905344936,12.5509963775594,1.51847831937743,1.90909216420904,4.55634594464695,4.44183366160618,2.0859031677059,0.713526360613963,3.06544098518833,15.0049821205922,2.91161479226774,9.03269171877553,0.930830311988405,1.89332635314168,3.220657864493,2.55834775017472,2.38437411542319,4.25217842658998,2.37439155784966,3.69117288020925,0.492934462684613,9.87755019635065,6.66566753613949,3.96333046351174,0.97766764164287,3.95544841458016,5.09409258862298,2.51205029040821,0.927030349982023,0.190918905841625,0.823276839191839,1.6580428909833,4.60520149514339,1.4702973019634,9.5743892817734,2.76716081608855,0.833376500997539,0.462198422276541,3.60438063153778,4.23863304905476,3,10,3
"1537",0.767079634818929,1.76145628639211,4.10306077872133,1.08207542767068,7.23987334169589,6.31151193223137,1.99467951643834,1.65056552296065,1.37805730384756,6.99952395026051,0.362766461566898,17.2798407649417,1.39564500320453,2.97647689331127,2.83703217112237,7.63346435833793,1.03752782212732,2.71194854294532,1.23467885574296,4.05792419060598,2.26534033319672,1.09836005755292,1.31377016433864,2.66683277794377,5.07956517759451,3.79291700572194,2.28384596387986,1.14080539027828,3.99579337778597,6.64539416718359,0.706670257018011,6.38244546547759,5.13938780308502,3.07452787731354,2.88152608321965,0.620236391745241,1.33591968803371,1.19451713893977,1.70137571277915,10.8926619364646,3.94427005408554,3.72717691867824,2.5735465448999,4.01198621868213,1.63321857382971,1.03132576675311,2.59063076848186,2.967355939251,1.20162358738019,4.0439208636816,3,10,3
"1538",2.1595080545737,2.74785472572713,1.68224289024229,1.35861409819797,8.5075337499044,3.81821346762091,4.94148621356499,1.57479532782698,1.61887781957532,1.94641899322435,1.79455688055962,11.6805981747813,9.96504981245265,1.8811964008879,2.1284355855848,6.05689965932987,1.00493049139075,2.3456334580854,2.48836845847201,10.090501409676,2.3430107419824,2.84916470521528,0.463416360806019,4.06772986327062,3.00273261422983,2.75296058048981,0.647837955714687,3.15459256051759,1.08120799970257,4.34496205008781,2.06842737324685,3.111795679571,11.4118415093647,3.38447967826201,0.466098650798835,4.93321626314765,0.86943003681213,2.13581160064665,2.07384788928038,5.64446365137224,9.7949166631207,2.54551642413817,1.32986178092641,2.76541556177356,5.42664811425768,1.80765006118787,5.05690406531594,0.403501535151533,2.86470436415427,1.99821885448314,3,10,3
"1539",2.06292203480569,6.85165596906756,4.67316466397737,1.37245576062754,3.29855229329746,2.88096015249231,2.86188311171738,1.79040349976878,1.25597658062611,7.28264625257769,0.892988829315537,9.92844462110265,9.98152471663682,2.24699020635946,6.35826293756344,2.57583640307636,0.702092373010879,0.987928717460633,2.36777573483221,4.18860084131281,1.58818060282062,2.7676003914396,0.91260333117936,4.29674391930604,1.97701070521418,1.2522548858419,1.27312239942968,0.948896620947389,2.62743461049637,6.13553500400463,3.02038011809129,6.02374980287033,2.31510952240626,3.97205083022406,1.71442649978059,0.721781253963413,3.46727695350142,3.50041842459374,1.10271566487788,0.800598614030847,2.67194902370356,3.37326746955147,5.41806344831243,3.92109858026365,2.2250536019804,2.12125951507932,3.72259227088072,1.56349921138604,1.11111169480456,2.7311645327971,3,10,3
"1540",1.27855932305718,2.88210894625074,3.9547378792231,3.10788866813742,2.38345392235059,3.41822386448432,6.25099750747746,2.21069713986569,0.821064967811632,8.1628488484825,5.27560184713598,3.52588964328807,5.28037992894181,4.48152723945985,1.968682732127,1.84117466230932,1.20649954581105,2.62088203990724,2.27535626331089,6.28681317513388,1.43962885655494,3.318283581288,1.42345226038238,2.25695723699162,4.49813888724992,2.56601072915214,0.595163925792238,1.17195819076162,1.66526785214647,6.59710640980799,0.250207813085997,3.05780768518117,2.53885447843143,3.05423527962235,2.46226437901373,1.01274732323673,1.08456987974421,2.75339185045546,2.83164870293624,2.86517358726167,1.76329313756548,3.73044322511342,6.09835782781694,23.1946530989056,3.37464709144556,4.473415694163,1.77635665759326,0.291944103502706,3.84319135735274,11.9347279447494,3,10,3
"1541",1.84072596558642,2.57117955247,3.12692729392113,1.41197610093472,2.24812466567488,1.60802510710286,4.60130595488147,3.09226899321554,1.99385411172796,13.2685346964072,9.14204393270399,2.8962962695327,2.06004739969891,0.713003365824221,2.40185615024168,9.26293562985413,1.57180952286402,1.86452388357416,4.05152597455465,7.45115774712851,3.60125216421822,3.41679428346108,1.17476539957534,1.77241196561313,7.05656811004669,2.16643332567845,0.413441315675535,1.63105840429752,2.06586519444983,3.19244189924515,1.41467391179914,12.3784028903477,3.60618200104163,4.39959621656782,1.58064938424617,5.8433697672234,0.93317472979861,3.0953408353686,1.75503558736869,0.962129676145951,1.5545374479756,9.6931637073459,2.33162668434875,1.57589975166549,3.24366446168793,4.76680003594499,4.29051274447022,0.852738508713748,2.06809672139454,3.5444668565261,3,10,3
"1542",0.903451792420525,1.30202880676863,4.61352113239337,1.00719227981157,2.21562470224283,4.47335449794482,3.62039954073161,1.42745285157799,1.35310932481653,55.5060352231286,4.55235965978276,4.18726347179057,3.12460670076629,5.8490209934628,2.31302758442268,2.8035711482196,0.835857092462284,1.10977999242819,2.79030102446382,2.9780012978609,1.29550588652726,3.3669685444337,2.00485100376096,4.08452755335952,3.13484900418092,2.53832036399967,1.52645898416326,6.0751802121896,1.0729297269678,1.99818210529437,2.1644894128798,2.87732628083528,2.07650111143696,8.07972492823701,2.4758459617065,1.4407686672095,1.90043336074201,2.39130527281224,1.17751153804981,2.35751573650155,2.00886674058908,1.92674703368145,4.43764352787299,4.51453749088403,3.32958003519044,2.95248780014031,13.9258377234365,3.27454698760997,3.43247134539357,3.00040602741945,3,10,3
"1543",1.80202908399701,1.65521136610983,2.57578027796185,1.11226585918148,2.24224862618824,4.38358258179986,0.399200561976323,4.41072870745351,1.65433077318481,10.444262538039,0.755208421581614,4.71706668936038,2.49520569576854,2.54959163876154,3.07070104806665,11.9656223494606,1.82368637399208,0.487683232380863,3.66336531754741,4.8296707955789,1.25529106330857,2.73221021191723,1.51886744059748,2.73617805787117,4.92176612832762,2.08861215588468,0.903491208538849,1.33144831100456,1.60592706877285,5.9660358033225,0.712633391669364,3.25251733542569,2.07356223168724,6.4002118912523,1.47075090752322,0.764104308042536,1.0172395305029,1.82618770310973,0.310055025904366,1.14496123290329,2.24487871691789,2.43223615991891,4.19050678758868,3.17378266299756,1.448548160944,5.05072567046651,8.33360758315203,0.394121466440354,4.11204010259494,3.27476148407569,3,10,3
"1544",1.51160610073933,5.74993431551426,1.90308403146898,0.809049278078737,5.11408574781253,1.63790414322028,2.82169673898773,2.12887862070853,1.45214094242156,4.69806261983856,0.946043024471502,4.63733158859801,2.07173722993993,3.89440043430507,8.93394123799267,3.15137067314381,1.85128529487694,0.0833223140260648,2.90163280122512,2.40839309454459,3.3541763001698,4.69185706424272,0.919319638531803,1.82020585855001,1.20206511960575,2.03362479831993,3.35955898021332,1.7356449945002,2.8295459000914,1.65631807694517,0.599700546506675,6.52007925085216,5.96283789136497,7.99607759058889,0.903232460035527,1.23313072712919,2.28697659094689,6.65225137031138,1.65666736377029,0.157853094503967,1.89505599785655,16.1875388958181,5.10251031364502,3.21748347788784,5.40560947576635,3.70540737679613,4.13105941004025,1.70987224027532,2.09093106542934,3.07624233648594,3,10,3
"1545",1.52683875350142,1.20396089511364,2.11898109963592,2.94244928917975,2.47159341468756,2.48167048709697,5.31000177227242,3.72210092259065,1.70351996014959,8.46682640250405,0.336398040090793,2.68669966898435,0.60703958480171,3.11563812370442,3.3037622754623,5.675070633516,1.52237090614898,0.915552141866088,4.66114509090649,0.618023833887902,2.3439852106986,1.63665990528411,0.523789914669141,3.3823266242975,2.56710853678,2.35404942649872,2.03633246591133,2.33001523911318,2.20286555345281,1.0118318113758,1.01112213335258,8.19329136594547,3.22135361502288,11.6989141390297,1.31826760503355,10.5627381636364,8.07878173846252,5.70033003258918,0.263790827003117,4.99141170971072,3.69861074694086,3.50171111779845,4.32352762681914,2.64535757740751,7.11228508529117,1.37125801906613,13.3943305765,0.716623004991452,2.57901243061008,4.11660220631728,3,10,3
"1546",2.84881308527331,0.947565426615755,2.35259995465192,1.44267933366972,3.98204699183706,3.90339278264835,4.80977059225695,0.686172341802673,1.32865300991777,7.89950288142761,1.33147216573903,2.36434658067593,1.16023594774548,5.62651038062138,3.55305502705259,10.6570242050795,1.37430541505522,0.258911256295922,3.27012278111321,6.29902238460349,3.11325095707573,2.0939221966499,0.917510283326428,4.56864520707125,4.01905923407836,4.60835910204591,1.20459975131511,2.80787034669607,1.96606637690041,3.8078085236036,1.44362761063743,5.40356002592357,3.96888420528238,4.95279315693935,2.09474652257601,0.44959772834991,4.27974580494683,2.51132018789909,1.59951378000412,0.867213011390409,2.39879508347875,4.92575289386365,3.56229622849469,2.84376062760183,6.22141670233166,4.97189177297664,8.49692452969781,0.974280729064894,1.46208333699719,7.01291471111848,3,10,3
"1547",0.538845479253064,1.77593188417038,8.65856226718888,1.08496775683288,9.466733448503,2.75984297687514,1.88097594299775,2.01117251991,2.02742360076197,14.4574800651889,6.41447233193967,5.58013544704256,2.33365209656462,2.2433860052736,6.00347367146185,4.57602684737484,1.45788141286115,2.14109747781199,5.48900704542002,3.19004348699868,3.0248104341646,5.65988953017651,1.00226349881348,4.07782423213937,1.65777045951677,2.33948322796274,3.48690730895006,1.31965928405815,12.0741765306671,4.80140491762957,0.684582327471489,5.61053558341557,5.30312327431733,3.40522466341159,1.40463033400053,3.2833232352397,0.340570151377449,4.66306310216052,2.53959834806641,1.76735529580039,0.664325838924958,5.49804133270911,2.85293184049351,3.1012329192182,3.99039981494923,0.837203473276319,3.31809504969975,2.07759683009777,1.99588124197473,1.94180438489292,3,10,3
"1548",1.73332913548623,0.845910918557488,2.50839406994091,2.42311016682726,2.19046020274255,2.52174528933192,5.44470500927513,0.754599863945413,1.60057032848358,1.09363238440886,0.874727007707515,5.30417259043128,10.9262976360608,1.12969449949597,3.32432885895487,9.3578974917952,2.2210159919354,5.01928213418289,6.04916790001733,5.11604711150232,1.27281989527434,2.51980817369429,1.80902914008329,6.33378813400631,2.67523472428759,3.82839080765983,2.8828725873219,2.95249368818121,1.48932609894447,3.10334137178158,2.62874105698242,2.88001295415227,4.17021049867714,6.81930992977324,2.42530687002188,1.35497375774548,4.35948647757423,4.61657649519491,0.829138519793853,1.5261432017491,0.943311104344486,2.69270064095018,3.95761664315149,5.20011879345387,3.27805341981971,1.33194120964577,6.42809557555734,0.55912113533344,2.76455079488579,3.57532637959444,3,10,3
"1549",0.898011376262066,1.09771070314852,6.10260634240984,1.17285619429179,2.87462561590716,2.02368135970854,6.16573516381402,1.74924052435995,2.18258157257141,2.59598286647372,8.47882521806364,2.19866592871542,3.12718774323003,1.14162656826197,4.45383328464732,2.7339115986329,2.70488545786027,2.75909054670319,1.56590053324733,4.59103003721741,1.10717822049595,1.14500056313341,1.70043485934175,2.36982474245086,2.44562420606972,3.34080548853429,1.149953473232,1.76176422737107,0.883966117620946,1.76525846749461,0.342429700034192,5.58478553919324,9.05368082668944,7.10873281513298,2.89138415406394,3.65276310511054,2.11963301760411,2.97090730631811,2.96172737007576,2.23282953144951,6.83449152501478,9.77794369710931,4.03722560859763,2.52134551927321,1.30244361275214,2.04201609267536,7.25961767532544,0.677450878558114,3.0318979262071,1.1719682203078,3,10,3
"1550",4.05418561776614,1.4973821156625,4.58681356505451,2.32129499576048,5.30233045895283,2.24062384911901,3.06022719461971,2.46475213712005,1.55395737669471,10.1414025448603,3.92251593685448,3.39918504563126,1.1622138128388,3.27615225268326,5.66637071582533,8.56687767704692,1.43657683807292,1.73588165389318,1.12742659594126,3.95705143228221,1.61043179953995,4.68243198153148,0.394540771707794,5.01890103088197,2.99311628900199,4.35036403990336,2.21586904628331,2.047383707831,1.07559990974903,6.74460825712699,3.48282373065596,1.91967038662061,2.51121273843243,10.2163272074838,3.08037065188166,2.29076246009581,1.07591007827819,3.39366934852656,0.519475370403091,0.587595045783791,0.887634183723224,1.82500348767045,2.49590564728507,3.02048815760847,3.20723020681883,1.58046340198013,7.29045959628206,1.27826790650476,2.34712636880855,2.1851474746034,3,10,3
"1551",2.66703092674508,0.5023968907943,2.00169598086315,2.10549755001334,11.2127257530398,4.52941878498924,1.39926103143828,1.38845415184615,0.833239000477208,3.23075598578427,3.88280000038412,18.4221048352981,0.685143354090307,0.861522470265124,4.09908377882163,2.50313791951496,1.81937363953309,1.94197165358182,10.9066979101995,7.46218073400242,1.83314055925501,1.78238027586901,0.106831857233085,4.94499791170218,2.72071480883031,2.62887678743921,3.66132115895459,0.912931603728735,7.12464417480632,5.34996838060306,3.38107600933296,2.94870700554433,3.97650422361227,10.9357425133407,1.07352203234867,1.37426319066837,0.777543848259892,2.29489440068876,0.873449085433009,0.871456801616256,3.31709557419823,10.5512856618771,6.05327167795368,5.64070225953836,4.53637048417084,1.38424631680878,2.65577125251772,1.21090230985159,1.60830081756661,6.56804198920181,3,10,3
"1552",2.00875613590869,6.07654845291408,3.0617199624596,2.51729275027059,4.34797895659852,4.33737433596199,3.27897290005997,2.40311804774424,1.30905557093088,12.4985092033288,0.530578930689141,2.8317335789012,0.431932692249104,0.996943305618044,3.45491873044962,4.4645005978355,0.998529637750709,4.40566237961881,3.06359984919779,3.93541131629496,2.06743398185468,3.64623441219585,1.26405533264227,1.36844321827007,3.85709345392624,3.73118937332008,0.367377321709722,2.69037537643756,1.0955150017944,4.42267215973926,0.327091037358535,5.71202473479992,4.86218727245734,10.4517631952312,2.56152843013804,4.57743178841059,1.01534080568527,5.57808015470502,1.08174581443016,1.02148518089913,2.13618899755866,5.11191138070996,2.70307823369078,3.8803004931058,5.12315714927557,1.73177287323635,8.75356898003725,0.431502821096935,2.29644218462727,5.00073012046445,3,10,3
"1553",2.60707109061744,1.25954080600714,1.30880011504268,1.5027294320695,1.32188590630479,1.75088583308498,4.90963106486205,7.63382476644537,1.24221377894194,7.61764883270348,3.2331512819575,1.70160183065378,1.8899876354718,4.70321881690591,2.01000263574035,3.42983924970695,1.77197762154741,1.04470857199629,3.01137233958613,3.18625610315562,2.95428767077725,2.46170417381797,2.6050077673779,1.6464822661282,4.05615390199515,2.88554801942575,0.419992480077019,2.79379718071655,0.487030105510653,3.79983196511168,1.56989804274421,2.83005005287119,4.24741275116535,4.11834570767248,1.72331637910497,2.74491768814802,1.36766504064368,4.08054664310792,1.01677078634615,1.01043031173896,9.82200730280472,5.57882217614963,4.86937567028345,5.07040940849738,0.728895341543917,0.849690314246219,1.96353823189463,0.144660720120926,1.10726146653789,10.4527531273363,3,10,3
"1554",4.53717928301906,1.8872833418206,3.13081412772897,2.34355878685372,4.12560227089986,3.26979247563306,4.27942322164777,1.04246382678154,1.95159174612362,7.10118917746415,0.564560205447801,11.5291705502286,2.13701156672915,2.26033823633095,2.58676070357514,3.63304118309448,1.68408982662541,0.753807861196668,1.28416158449623,28.6365624429055,1.99430521389614,3.48615645040592,0.289511641921871,2.70181181530207,1.89398242132709,3.78008571572703,0.971049184719941,3.03330902562487,1.0997466768392,2.93989098479181,2.71686009840586,2.49689795720342,1.36607257245372,5.19646645963951,0.98245031684175,4.28795039706491,4.49374430344634,3.88934367875955,0.574354773510204,0.790474443743551,1.87836549566392,16.0415819994017,4.54705714624142,2.96276185137029,8.55224735607514,0.842872374649584,6.20468470220544,2.10432324674856,1.37194794312012,4.01104179310393,3,10,3
"1555",1.90432272503246,1.3514597504564,2.40419066097787,1.84287333650966,1.82079387464198,6.82952244029893,2.99255302639233,0.495329634702294,1.38066311245752,13.6450816089466,5.39827531990224,2.91662434267447,3.89270123389342,1.30156226813472,2.17983765618852,4.97170374594637,0.410702681463746,2.05234890239715,2.95140031674152,3.04349167099915,2.79830106648355,1.92079791724797,0.970715296222101,4.2563122612182,3.18449399080641,1.61161465421732,0.990685499170412,2.35152693027318,7.09753156769782,2.32202505823396,1.29349073212411,4.17760818937931,1.86856266731878,7.68521900130181,2.133987182621,2.72853342452445,3.0354517742477,3.13841694549523,0.356452098659956,2.6958405066213,2.13820416588719,3.97547904389037,2.15840632729989,3.51218600199324,1.96129554460783,2.50813675891849,1.60015759524095,1.78959020761784,2.04628956468364,4.42995265296713,3,10,3
"1556",0.47644451675626,1.63225057940089,5.73637028374878,2.23912887276107,9.19812499346681,4.90699710619515,3.06271398679227,0.379925291749579,0.89409429832446,2.83494785058866,0.848982991498307,8.71407931755319,1.2595722606105,3.37837641758275,3.75288290314775,2.94430183426917,0.78337513198664,1.81572167382737,4.52027019281246,0.771596914962453,2.17750170853709,2.34604611774027,0.530821762380714,4.56381418020254,3.50422500622032,2.80245265760178,1.34886026004701,1.44867724241246,1.27354105045955,2.63041683320375,0.135855281991228,2.06197995838164,4.34872338442163,15.719105037371,2.43412256813863,0.387139951621723,1.95255532003327,1.41835320329976,1.72926982991051,6.71303379607563,1.49099958807957,9.7422434200008,5.52310245010537,2.52818199596233,2.15335077620337,1.06157578970827,4.68289519096239,0.630992014519379,1.3018383020236,4.8313050895917,3,10,3
"1557",2.36875266232176,4.91321342882029,17.3781153413972,2.33696821010203,6.32256540175324,1.25105742872791,0.992106748921244,3.7879591087913,1.16412994482269,4.62426704649319,7.27629381103138,3.81472015072743,10.5451538289864,0.321955724212674,6.61652776653418,9.88344891475621,1.26201518903724,0.749482780885123,5.31230777545525,2.51593176962047,0.321268192815918,0.962546511936832,1.12385245428705,3.09597877768393,0.715732092980871,2.76530095562034,2.40919601958062,1.84060633979427,1.11063949836553,1.75050319698893,0.768846629830364,2.35931254202198,3.239636018359,3.3180737325431,1.58989030484417,4.81856419515418,0.870907316075403,1.93999386460222,1.92883432753399,4.34735398955162,2.40017607775881,3.55072322428572,2.67106348749035,8.60510925097445,2.10030226811873,1.76191694638325,11.7477505420487,1.75934035048939,2.63050305052733,1.99607081662029,3,10,3
"1558",2.42163293794372,4.44084977569396,4.15024859764365,1.99424254985362,8.29561289944746,1.11240348938758,3.0796155417596,2.30458796109817,1.08501853492782,4.12666440996555,2.2877887913271,4.3779663692121,7.12501694590529,4.44466642636134,4.03226565901777,5.49935385656955,1.36821872060582,2.91261233099731,5.05772102791612,4.7639296297983,3.02226074619693,3.41997000917677,1.92543332485525,4.83373748985337,1.2555616288127,1.89551630551026,1.10370234312451,1.44362977027915,1.63002154520209,2.76840446131762,0.547785160365619,0.605087118489415,4.53870445909628,5.27924552470548,0.393703133235956,1.38859869948704,1.90442817785011,4.12428223296837,1.37179228280418,1.78704089753179,1.48957727284956,4.17358285701124,2.02837599556441,3.66682548478914,3.51387905240848,6.19059516145563,6.41897690667211,2.04361117398076,3.50427031793331,1.17840821725684,3,10,3
"1559",0.777559768633348,2.12513819605571,3.11250742835938,1.14647056221175,4.19145992920891,2.83146750516584,2.04843075409615,6.16965625667981,0.639741700065151,10.2720400554732,2.70907742554029,3.89573809901836,2.65961926253135,3.40557876602303,2.54142279519473,9.54874528193702,0.885597252823422,1.64675912772369,4.64354091218406,4.1700437360677,1.37123610574383,2.65973737722698,2.10483216058004,2.36855004927801,2.50126689895299,2.58581595262528,0.788196007616821,3.58927040143088,0.902607486809117,5.12214783747766,0.439504477125845,2.67372385135787,3.44793227972006,2.94926291915656,1.2581685567988,4.39017286059033,5.0722017963954,1.34710890407795,2.89724423534661,1.22333661668472,1.18981585228911,2.34290639028033,2.38792684539408,2.94845062624053,2.47297950627822,3.40071890927131,4.45679171433917,0.81123451135378,2.81098388405038,3.86098802053684,3,10,3
"1560",1.22858022024913,5.31023488400343,8.05461760406067,2.87545482939395,2.79201948515372,10.4558701877893,0.746775426100022,0.524172052029805,3.32160594790088,7.43977338371809,3.24616883364948,4.53012771082918,2.25240631063037,1.67471003467423,5.96397771029029,5.68701428256126,2.54987059096585,1.19225041991454,2.45987457594453,2.49379922638567,2.00451007199011,1.69481921956428,1.55070904567124,8.3914402760926,1.9289973527437,2.4656965758445,2.31956807594802,2.65053238376718,0.566727118667275,3.1986130887859,0.815421372970762,3.16069365080749,2.25630015260818,6.78477969280281,0.281662272547167,3.26534565324538,3.42275603392606,3.24952732054584,0.736458477636086,1.88321697797366,1.35874507892242,2.38268249306888,3.17288780257518,5.7977206321256,3.5839765799317,0.958423827864744,3.46466064671042,1.09090964592137,3.54542198767023,7.11599338478405,3,10,3
"1561",3.07302522870857,3.09336277921704,2.42800058485643,3.83191732590336,6.31717492270222,2.84099990679637,2.22697305291195,6.42201804713181,2.62907606389436,7.5622492985467,7.19996947240076,10.8946687254563,1.40989151685962,1.6249740795521,3.01692422076592,2.23552857914663,2.42732984720784,3.26737135661984,1.12752551873117,13.0914736177353,0.383498089278556,2.7722117883064,0.7154527541746,15.8872668437565,3.81105876364407,2.74468877704916,1.05733029621701,1.75336277298608,2.67981975590396,6.29663425431453,3.38790603028091,1.69259223003275,4.00218237241801,13.3185163715534,1.07565323177409,2.3282706235812,3.84063415404605,3.99039212238105,0.942477095776081,0.263902423724807,4.92400984794164,6.51470608362334,3.01969919374231,4.32925016313475,1.72389447542011,4.05106968512648,1.53569519835193,0.888895034202579,2.2222701605918,6.48680966981223,3,10,3
"1562",1.48161377884387,2.82202099247994,3.26399426548671,3.07758818121171,3.59921392100306,2.7690181510502,4.58843935886448,0.268560860304181,1.8310724744171,9.12827441399793,5.38160369924651,8.9097812718346,1.43733217262944,2.05425713437715,5.50703490512413,3.22983175063478,1.72050243480008,1.31471118015321,4.2194077621665,7.03391004397387,4.14015555313632,1.22812209982977,0.207485313527186,2.24958970945975,5.93120751703157,3.34435917566835,4.22638257508968,4.2544138252088,1.01108878605337,10.0576376109876,2.06158897536699,5.02993930352115,2.75348918237346,2.54951164410507,1.13975993224122,1.74894871472318,2.70637281997691,2.35155200500861,1.03824481032169,2.43388287421028,4.09928734916393,2.64206618694019,1.18269493420565,7.26185490496926,6.73326957535182,0.686296224371436,3.72588228177475,1.04619340366545,1.39053435972349,6.00470999883783,3,10,3
"1563",0.299161047745525,3.35294969001509,3.08528526116538,1.0167300022642,2.70377716619941,4.6590382875432,2.49191950349734,4.56659511939789,3.08141472939726,20.0124657025537,3.0717975274672,3.69281074074509,1.90845318611857,2.31546301040208,1.21484316257913,11.1530148990078,2.45913197701506,1.50799267223429,6.39134823722729,1.90464271253564,2.99754117873369,2.65389324367524,1.13370991558399,1.78806741681115,2.05609049214317,1.64623905897106,1.71770892237381,1.67134541356452,1.39682307641991,3.24249617629193,1.6940158186412,3.83434747498012,2.5088904006283,6.37717080297372,3.0097719469428,1.83835908778322,3.9850220046767,3.37344234613707,0.283497698183215,2.57361540780434,1.02369568868015,0.727871457585651,5.11489360489299,7.955782041305,0.959637732303601,5.00518370496067,6.43843972484147,1.97294733968858,8.10911656496272,3.00432244181926,3,10,3
"1564",3.30637562927551,2.18731126715259,8.58890472877998,2.23113263555573,5.54580152395483,6.08535348511735,7.06895392631834,0.929512148095199,2.01730152372807,4.34139059214138,1.04875871125983,7.82100335706667,5.02898826129909,3.15049566832621,2.88292006465082,5.22309086018404,2.62049219051302,2.33474154179421,11.460101525516,4.31739250876329,2.28078533879169,4.53971310110535,1.50773884032367,1.87437838725559,2.43795034910209,1.5209122053393,3.16107414714584,1.80718144714049,1.54298256232939,4.44478360703183,0.351433833431238,4.55441954631671,4.72059487384523,4.00181122076837,1.74473763554939,0.746675810259063,2.09826180385866,4.68246840566302,2.21120230430982,7.06417378003664,2.44578702278827,6.63106507980161,3.89777409668365,4.21608443607449,2.22368215689761,4.2740453935135,2.24808330545731,1.58485488285486,6.20937346149476,7.21223396903076,3,10,3
"1565",1.39050977816134,2.19635168102837,3.96218126300283,2.11977696361276,3.71870742492903,6.37784648026366,1.77394345638107,2.79311001768827,2.60269299885868,6.87195598686662,22.6090482887342,4.21942658916044,1.97554702525109,2.16695252221393,2.41752025645811,9.75193434475052,2.29960933480933,2.35586032363689,3.30009196023324,6.64204681419317,3.49401048292053,4.10988946693366,1.08015743745098,4.59189037201581,4.3994258049907,2.00992699287517,1.41179120254953,5.75733165026253,2.26977228343545,3.2225368844817,5.55469190307037,3.63820090625243,2.91915435285088,23.930055422303,2.18493464484382,1.11816451992066,2.55183382573133,1.64022862229318,1.00078212868034,1.67176911574048,4.84331691272325,3.57090931595165,5.58255118427471,2.44102761497077,1.98480171443773,0.801802662674978,4.75440729273578,2.33167319946632,0.84020251516102,2.80665468296618,3,10,3
"1566",1.24568201936817,2.60370974856197,2.06940983106331,2.62842906170706,1.58617628361927,1.32270887011301,2.25013536734961,3.09532283489146,0.746215899560199,5.45322192995206,2.44427017488165,4.6348946498468,6.63711033732765,6.40539067603409,3.00617253298411,3.65416881469212,0.979233266973811,3.75674430191704,1.42996736659564,4.29287393465907,0.905909142085515,0.974186173655133,1.44489961806787,2.49012216049605,2.32683970914604,2.8399790881091,2.7912698649075,2.52839959564148,7.66310145513582,2.68877153184718,0.627321967066463,3.74397725050285,2.55519086151713,4.04331095983691,0.967428948921342,0.489712025502958,3.17297137222346,2.47568168938449,1.5457328216904,1.81956599187147,4.00853673503323,1.59776954135323,2.15006230393954,10.3129494227618,8.18879774600597,2.37021377159781,2.4816899965744,1.98177818259866,3.56172862825553,3.33451499903746,3,10,3
"1567",0.558982822652153,2.11835265081092,0.685529727511998,2.2980282446563,2.64751456118502,6.16859722411716,5.74128583220157,2.54149264891731,0.677981692210987,12.5523457153969,4.77767463066652,3.39100984031792,1.93931376518173,5.61868318533732,2.74597682126238,2.86762212136635,1.22300189044112,0.508940220406213,4.36083186209675,4.08272659305757,3.09569543677063,2.14887607421048,1.66147355915349,3.40467682438908,2.06117384084679,0.679986913025415,0.345252371959554,2.62507087326161,0.87049920578248,4.42780135895962,3.19485655314397,4.40637342103602,1.70825196592337,5.71296830757812,1.98959499255381,5.34458302500048,2.92420235288977,1.35844903195945,3.64083305529231,1.51468903442183,0.54846223412271,3.11097792312243,1.08333596150276,8.40296997344336,1.66804529980666,2.35008243044879,7.01159483093981,1.0232811282635,2.5625619776355,5.35628188718868,3,10,3
"1568",1.57613863491121,3.07411661443525,2.33389419695636,1.11339740359625,4.0798263251936,3.88525363558255,2.42810359079751,1.62571023315125,0.393089442512715,13.8653073435703,4.73664794743076,5.28505951624397,7.22061371536722,1.93071670833776,2.68056956763818,5.87064021613474,2.89961208748548,1.7346321575017,2.67070721911276,5.04937093257214,1.45936917789925,2.21677519980514,1.39041307305519,2.13184675529894,6.19001542479511,5.0304904224106,1.87409058202968,3.34425149686637,1.10999400430637,10.1963961434904,1.991482049855,0.990614246162926,6.24987055905745,7.16884982413344,1.79233713852079,2.66968049011011,1.28005876691975,0.780647416276257,1.72543682676742,2.07343024742107,2.11056432786871,2.79651949814767,10.7825216644468,6.85329391343564,3.48168052459205,7.54081786315492,1.26143758063146,0.295668277636413,2.26600884852788,11.05754521355,3,10,3
"1569",2.51491714028892,1.98089735946188,2.02806945740307,2.06951687198778,2.22290857306217,4.08361484254324,3.16315501349987,2.09728938527445,1.12592660998085,6.52369671332101,4.35853197299089,2.91457487935859,7.99790447575008,0.829583151963479,2.04033578215148,5.16854478675945,1.80468457001761,1.87105053661537,3.7031868981862,10.0171413973318,1.83641022671497,4.98933638814648,2.0962444871217,7.17549815705472,2.48320071037658,3.62804397677447,1.75984112932521,2.13091109132145,0.854072564243385,2.45823999081317,0.917592397137482,6.73706037793667,2.18469396921912,7.76438902332006,1.37390166174916,3.79160668123532,3.88154653837305,5.33501344281191,0.448686578098859,3.53427601104732,4.11488502739663,2.18159653522259,5.35273693288927,1.24681482440593,3.89848602403332,12.266528340705,8.8668781405999,1.20486405692283,2.67537100481227,2.49324000306229,3,10,3
"1570",0.850047638368247,0.426803647212641,2.36787993975645,2.09488824093595,3.96863831273737,2.05071371870369,3.18778305873423,3.07218111174554,1.7742779835305,7.09621978804056,1.41345779115598,5.94584678887905,0.738005286158461,3.51220001565611,3.9104399931698,4.09263424405399,1.9226676333252,0.478365103052767,4.50893540229953,2.61958875520387,1.6985408689066,3.09887019931923,2.91006412935143,3.13766555931245,1.57195230669565,1.6473688366156,1.86873743413183,2.22967848203764,2.52634283447634,3.74295617480713,1.08541294205043,3.34031319046919,2.62529231930588,3.87101891981462,0.955793776743464,5.03204805547109,1.81805780074201,2.43087978217901,1.38994190107494,0.277042607512142,1.45670893738658,1.77508067469355,6.25587758566898,21.4549921073345,2.00752412336004,1.58003616982566,5.31423204386122,1.10890183687509,2.05338110992432,7.39820354101607,3,10,3
"1571",3.48100391192675,5.31861297254534,2.65198781712158,2.59226888692236,6.00927767917551,1.53046560725369,2.0475020098631,2.491491507705,1.20642802589589,13.1864329361012,1.36175596886897,5.35529452651178,2.38322769664726,0.352277482503696,4.18914630590444,3.71234778644347,3.59844969617115,1.84295693435585,2.07866216899431,3.84821330914678,1.2694527051658,1.04301179149482,0.414267852886098,2.53852695315822,1.82539118271272,2.89473586405781,0.838798022595279,1.44100992401322,1.14417424446371,4.34342132105032,1.04767826093892,1.71545454059505,4.20303606773909,5.88248937488109,1.9155295593981,0.482468142010934,3.73817957450678,0.896352504596812,1.5102339137021,2.28698238379162,5.19877943841161,17.410389389715,5.13270529598146,3.07248552205002,8.90471379977856,1.85293130259112,8.626854044629,0.262166472067512,2.33130716166203,2.74731196021628,3,10,3
"1572",0.231777856112332,1.28751559523446,2.27597790846896,1.69209685853373,4.98926223807925,10.2620949511293,3.78221367316083,4.89954946863001,1.70681056986197,9.46155731108405,1.27184580436941,2.1372905420716,0.452233654003498,2.20359419130325,1.73269729664849,11.3209514604926,0.963255174424347,0.633479890868496,2.99934451657179,0.651280922626418,2.03106655977842,2.18381432471072,1.06247837927555,1.44736185802122,2.33443587069354,3.94037524564249,2.2454081213841,2.41782448610305,0.914196258758107,7.05434323040867,0.186351284614282,7.27818396781372,2.84270840825539,2.15156581092634,0.38016520365283,1.32162191709844,2.7371056608857,5.14100954430691,0.151184677901992,3.53056242437048,4.18024891407083,3.51253337564379,3.78554907782373,2.07127726313616,3.22539620947563,1.8903043850941,4.11359048738959,2.04076350328951,2.05655470567388,1.80675433874566,3,10,3
"1573",10.350813200133,5.91392574793316,1.74066362857547,1.65914531504225,4.61636978836707,15.3120402615658,1.67790767842614,2.68913616767183,1.39929837706411,1.86234352298487,1.65003809611471,4.80900049243793,3.2875780008657,1.99415932163372,2.08891664248575,1.60165848268928,1.87637213992151,0.79564284273615,4.17825446238104,5.16777196113115,1.83683666053991,1.40848166750056,2.05647560821215,2.40219128940707,1.64060214094069,2.67192912449339,0.857937684903345,5.7692348057343,3.39486817792154,2.47801508034963,3.29569508877308,3.62782031384705,7.18626463669286,10.6380730703915,1.17065746163803,4.94074754302492,2.16440136720739,4.0607975444222,0.626795991577062,8.13712867588718,11.3015540634172,1.62857885217381,5.469510868069,3.94681695106493,3.35394009568333,4.82782999535933,3.21341365507481,0.4355362724043,4.6834890701369,9.26514774769421,3,10,3
"1574",2.75466976933393,2.1260578919074,2.58350947018269,3.48376695565487,3.46407142603347,1.6444969352623,3.33655193467609,2.88771301392726,2.58556194941013,7.06834006248924,0.948207446772313,2.6494415729932,4.46636544566688,2.31838427126761,2.00903902701851,2.63653709040046,1.71766578501001,1.25769183663114,2.27826309650966,2.00604590171694,0.917805380862989,3.38469747961537,0.747733645078595,8.35810240844693,1.72809615415288,1.49060752001988,1.49475626854768,3.60218095480395,0.873265339624931,4.70913104402214,0.315636790949456,3.59996812218601,2.61770274621509,8.18556464431238,1.21047502822744,2.01742763333938,1.02223530354072,0.906777449605025,1.42465735229724,0.452879552008205,3.32645730336811,3.53485653146014,2.8817454190755,6.0141070439498,10.8805844153439,0.976786818419858,5.07467653592393,1.28993423144615,1.5523553359636,3.92590333643836,3,10,3
"1575",1.49089912514814,1.6256855178529,2.24196527636508,2.21085398028741,3.27650784915446,1.35516582204518,2.02761892997778,3.22761788043325,1.8665959702613,1.82736169295752,1.77790556049924,11.1189663440404,2.35540256337657,0.886715235274128,2.35029263712638,2.62519780163554,2.67779811156737,1.50348991599555,2.93094670489651,4.67645741415332,2.78860190390019,2.23324343809035,0.168533694544863,3.6349255903356,1.7104288041247,1.73677755808857,1.18852421445729,1.48822794884147,3.37809279823735,5.54235371162685,0.622439745142361,4.16178559382759,1.61705863314676,2.89480872390846,1.41945730187642,2.0636045070624,0.79488520346586,2.74628837057675,2.32205065894037,2.60592472453461,2.77601327939434,2.13129871955908,2.47171286031123,5.65008796841718,3.30493405662673,12.0769800396037,3.58363438188227,0.975615793217181,2.16886720167912,2.76549311740823,3,10,3
"1576",1.97715012523962,2.95879844205615,4.24797003775963,1.95608394818111,5.46596172987854,2.3143645950192,10.7944915806487,5.04789516231555,2.06995360396705,19.5211288275564,1.79630165100149,1.78686754080789,1.2211814695245,1.13655535288312,1.99189821505597,7.17400718412241,2.02684708383602,1.75050211477751,2.69358621817173,2.54961299688197,1.51233524723771,2.3251345309352,1.3908472691744,2.04445017837066,3.22558642041944,2.99178569949824,1.372826737275,0.644202128991791,1.99277650425373,3.37044368639919,0.158237261050199,5.11784424236774,2.29432233963268,8.55962704334122,1.03599013719881,2.62234353031787,2.84527813189426,1.15759550553212,0.726769716807739,2.39515261039836,3.33275820399085,2.31663090148848,4.17449336675635,0.863326179343401,3.69571332486297,4.65302438732589,2.17571056118249,1.34216207046721,3.38426668537122,1.98072456593882,3,10,3
"1577",1.59755741875784,2.07693437590582,3.62345825893617,2.13569149351165,1.97106705084464,2.26929022092674,3.29872366295023,1.37327664955835,2.06488328802172,3.07233579255925,3.04334199517622,5.82231224665646,3.61294668094344,3.23892591012756,1.72418539885061,11.2999594682286,1.02035640259523,0.33131510818454,1.33166013574031,3.85277285888116,2.13474902523368,2.41346112698795,2.50633270760279,3.44900285219488,3.40304986267446,2.12734434506009,2.46352606731723,0.544549927299853,1.28615166622716,11.817191422087,4.46995423164419,4.67916809589869,1.65649254428601,3.66008372858236,1.05167599198178,3.1426782651273,5.68835564764242,5.38831859121279,4.27353724737975,12.4687014512031,1.13720135121705,1.97808143392673,4.02564735525239,5.09451358187169,1.71180685264252,1.13351672191595,3.45957568641489,0.137332938143231,0.729319773610636,1.18801692575257,3,10,3
"1578",2.57106703911297,1.24697989644191,1.07261100815268,1.11009515523902,4.44591705542004,6.27422224860746,3.37520058597765,1.59390965756051,1.1124403791187,5.24081937471859,2.71244708757136,4.53708873234286,3.21038620123318,3.77297071695758,12.3091834544549,3.7025337985109,0.634172393629129,2.68732577945112,1.85261958372654,6.55355157831993,1.5727706080214,2.95228740922661,2.50702663763727,3.98637060868058,2.12588179476061,2.85326562883961,0.757559746671732,2.7487303120315,0.913506106068023,2.10565424873432,1.91614556870692,10.7367055855618,2.92054688982794,4.3504268460832,2.00570846476278,5.43475563221682,3.46326184711556,2.43817009201067,3.48446485032585,0.592315618316104,0.982107377088282,3.71817386010185,2.67850827094959,8.44459193370773,3.37335703573142,2.25918458772235,1.90415276547466,0.902655035919156,0.982118068920855,1.80847830473014,3,10,3
"1579",1.58930594346568,2.1547364711303,4.29888718070427,1.9270384246804,1.79650893947236,3.34881044993727,2.24272080207919,4.34290033956019,1.37312605043999,6.60464886762542,1.93574564403553,8.72149771489663,6.88196812866666,1.83622140212374,2.25975723056621,13.0960423549105,1.61289355925541,4.08452425261387,6.26751081088476,2.16255533153835,2.53648486392492,1.8046285559575,0.913322915112059,5.72996916161941,2.10192950548,3.45522765391275,0.61751859034872,2.48650470262801,2.48744519395172,10.9370494521236,0.52712364252729,6.02677107331769,2.65132754394918,29.0602497459214,1.30475535412217,0.263761510389583,2.91579331707492,5.38478206222617,0.78644384895111,0.979225346247129,2.71836095459475,6.47760238262666,5.39274229769955,1.70051161366509,2.19806305518534,2.77605991783575,3.68506509804641,0.610990582321094,1.56222114792365,3.01946591262506,3,10,3
"1580",1.25590341706973,2.90941740471274,2.60909833457503,1.03242033996157,1.99497213604781,1.90972590901488,1.08546538050711,1.58633625237457,1.37917864444704,6.11723793095283,4.91405788523781,7.65424163791381,0.378517837906279,2.01411857102874,4.0521467551083,3.3993265060886,0.771805655135623,0.660406178506996,3.39390943351481,2.11681279477899,2.09030691712062,2.8685554191915,0.871112575270972,2.94586034983453,1.63378182240519,2.18618769498075,1.98898752607503,2.83816529045893,3.91200817127678,2.49865658690916,2.74277290499721,5.35678721491415,5.69636932770765,2.46238567665769,1.26862368181216,1.55599102999447,1.41943223869823,3.23560266658999,1.3786354945416,1.25113956409995,1.9074778308731,2.54366054274652,3.8323484710865,2.89101619002301,1.20213608708975,1.7855582446088,2.20296802324598,0.352050586546933,2.77652268281463,2.6588975321804,3,10,3
"1581",0.710399668932343,2.412093145965,3.16439676490925,1.66844425647322,3.09351927560404,8.70041295791527,9.32480382124358,2.45000539154031,0.73512143416106,8.5633414082109,2.43891098531347,2.68917153302329,1.51177296298077,4.98952331081308,1.65170285208404,2.69726312865009,1.54124307245447,0.654021224248719,2.94935129082112,3.96963686140811,3.30117484923571,5.33787753625743,0.937220399124951,1.22993344628616,1.46634742381703,3.46034436039311,1.15574670066076,1.24902341100631,1.75470562981162,3.804744454042,2.97174623756164,3.21003556866852,3.31046639239928,1.52096922794285,1.06059977322174,4.31213817532506,1.81853991730565,1.71747020117814,1.65320602548574,0.486475990659945,0.789118595347466,1.82967518682258,2.24104966243875,4.03287431405156,4.62930329147513,2.2853831351448,9.86024119215661,0.884504307589255,2.95478337572104,12.5701950218046,3,10,3
"1582",0.391320786090717,0.806838536760163,6.20134534767685,4.00377808324467,4.35655878120043,3.29775125692183,1.8084311953725,2.03947526047526,1.79888708149443,3.37147572869343,0.63927250089788,3.37005264032725,2.98650020623257,1.92193765810645,4.40414633963869,2.21054529499001,3.14689799099821,2.03112654640336,1.68273331638173,2.512132336202,1.56219305342775,4.93654174542479,0.932482427569022,4.41202162518854,1.79078161961716,1.79433475847083,1.97370551360068,4.00879578177128,3.03718133370474,1.87913131069144,0.165022337557287,6.40891912206678,8.78424415484299,3.80851293221841,1.42337148502372,2.33524176727735,1.99937334167534,2.19260122889406,0.442335734521771,0.971217613409491,1.61814507988438,3.19887709547307,7.4873931095626,3.86112442434086,1.44339395267427,1.54496055908352,3.14118702117752,3.08505631823379,2.419190158001,4.06397765648358,3,10,3
"1583",6.16636469880595,0.836356217186344,2.40225252635757,1.20584894892948,3.32140119715435,1.60720815546172,4.88879278706531,0.851020756027895,1.15548611237026,16.2889075918642,6.48537951168047,7.07165305162427,2.34242299624661,2.93027626983142,5.39933728969304,8.36950208273183,1.69760799294408,4.96468320179001,3.79529684344829,3.67320472118039,2.93061617068328,2.91553268202974,2.40634623676428,4.21189240630733,1.69925806742223,2.22897125465285,1.15223562266993,6.25952615102293,3.43753481843031,3.95546875201877,2.858630786066,5.24356985752005,3.88521432142719,2.13862197994266,1.18280365549088,3.71368584400549,2.31471692057388,2.99508670096192,0.553022481218389,0.943053389850748,1.71710470128204,3.74612652999666,1.97445163624804,6.03310922495378,11.6691415114607,4.82580814794831,3.14285960536055,0.913281625537232,1.93826779970505,2.1696286957368,3,10,3
"1584",3.21410107530199,3.48581179185593,2.38133222602122,2.08286525000944,3.09942538388276,1.33933265356682,6.66290705269291,3.59941416295103,0.81273092333055,4.89454572153557,2.94533237257118,7.05776796145948,4.43185040147309,2.15773088935557,1.95678858822251,4.01728774552522,1.2927011785393,1.49223908530277,12.7500305952545,1.36963884970695,1.005189780294,5.35599495874588,1.01813987080332,3.18942547894503,2.20739527243245,2.40346797201833,1.39007487462081,2.30196834604702,13.1874087936932,2.42213857172255,0.168565375770461,5.87164817897619,1.90450942195566,2.73771162546201,0.727308466808754,3.86329991983727,1.6352534981712,3.48426936625852,0.20284366489047,2.37180275276099,2.4576450417983,2.67838412864953,4.1152558018515,10.3788661608023,4.53438319684426,3.83765001564221,4.03420132099036,1.52609714311627,0.276625268935974,2.31900603966864,3,10,3
"1585",6.1857006661093,2.03018074040652,1.63869332500878,4.13768294410505,4.35256240751292,4.7698327950088,2.96522825444431,1.35426915866267,1.5414548285089,19.70906618228,2.74149419390333,5.46797567430968,4.2589681982038,6.79411506506787,1.46084444793757,2.63794679736041,1.18338686273607,5.08961043918438,2.85750802229928,7.19374823053036,2.06541775327107,1.97815046006773,0.410656935105713,3.25252374893708,2.03307394446722,2.20913907027551,2.3615281759379,1.81243838727145,0.614195562997658,1.08495917943069,0.583392492859936,4.00988814261011,4.31779734635955,4.61905826286776,1.03660783617592,1.94224315525826,0.554474589761672,2.56100909482393,1.25940045144421,5.4535379998495,5.51305530582953,5.77767849442519,4.64182837059161,2.18723014769932,3.74468917927792,3.86921479368503,14.3743673020119,1.57210376425886,1.60280805617248,1.1957121334947,3,10,3
"1586",1.70543401244907,4.15338326583815,1.96608941884236,1.11671179092829,1.38901333754648,3.2032378659283,3.03262518285222,5.83290938823941,0.755495678924006,4.34433802604972,1.80372644133933,5.67774358438577,3.14836242516005,2.87605733283049,2.7536222530828,4.74777614342654,1.59972198925484,1.76078248968789,7.05374568361085,4.51932663147726,1.4625090083896,4.31251063027125,1.72681987194904,22.4693681185466,1.53553993366776,4.67655987149275,2.23452768754389,1.9379146173147,0.767584350267719,2.10336842389396,0.550605012696738,2.95621671852454,4.9950972668152,6.41258353351707,0.635718584289785,0.858709490370655,2.92699648048075,1.60762666269878,1.24300698623971,1.44017133058584,14.832800755698,2.94103988301166,3.75853270539988,0.911068972806187,0.778582895955929,1.32084142488573,4.09550517453432,1.13948331187993,2.80571829870101,3.17065295489133,3,10,3
"1587",1.94504289787549,5.5131848763559,2.79091068543423,1.7548962044143,1.79243628747438,2.89909414527613,4.6492887209656,2.76742914567466,1.66058483617143,8.03769386315409,3.20312052815721,5.94650652207091,2.31626948835504,2.00005707658547,3.41041238462611,7.44034538920208,0.657393942192433,2.99296488209524,2.01743563492867,6.2341760044828,1.48500161588329,5.32811041012603,0.818325582075525,4.56759726077105,3.24493582752231,0.738972237210617,1.04868702770557,3.98323618964241,1.08687810719153,1.02879922407893,0.678023160631139,3.71835523010033,8.10835628696155,2.54889816428889,2.10959403443268,1.76066566830931,6.01401586259127,0.837887727025828,0.550972005482865,5.26458504955893,2.68610150863585,2.21620564275128,1.75530431108815,3.77126388743782,1.48345522322541,1.18054457822287,8.97176095631006,1.69972195050499,3.17102924639337,4.49499703557549,3,10,3
"1588",0.654915351548529,1.23823458086416,2.14687313391086,0.959918137790633,2.63659814833793,2.54777439689648,4.58243488540621,1.50560852009325,1.36134160678613,11.0158149060227,1.08478472289072,7.4684100043688,3.99605176760509,0.757950481275365,4.33755805035676,1.60356658348511,1.5946552561748,5.43556912005158,2.644501855945,7.91808719492772,1.78115437014426,1.89331804840932,0.70860294715169,18.635200077822,1.94670706665711,2.3731371024249,0.51629273872819,0.654378969160111,0.511900877119663,2.01034355409829,5.47485496320916,3.3545286686998,3.46735896102138,3.94656953117341,2.33649824952896,3.47919023102268,1.75975560923701,4.05301890928787,4.32596294626304,0.732423533969791,2.67490241481244,2.45495338488649,2.07019571149807,3.5169971595296,2.81880729464059,3.20978120644545,6.35635788281909,1.88654659098508,1.102210914552,3.63966596957905,3,10,3
"1589",1.14333158300461,1.02909307992395,2.09334923882282,1.74514103585178,2.63940981487568,3.63011869522332,3.76099313596224,7.00993544322768,1.94135791779754,9.56486342879522,3.78494577115034,3.8470372231415,2.44923007943012,2.74160234268371,1.24763739775729,12.0674457450934,2.44786310673468,2.2324239512794,6.24138474669465,3.32027131677082,0.9761824020056,3.18607485138863,2.67878472293239,2.4085189220618,2.86210253536199,1.13713556212479,2.08609103491368,1.59714301937832,0.681722611774406,6.62847355574832,4.84271567862782,3.17424745240737,9.64522592950632,8.87700002147843,2.7823131449309,3.68312350815477,1.87278400206887,3.24934803302877,0.254821107831782,1.56814333455655,2.95313329541829,1.30867839073023,4.59146652662941,2.81315981130677,3.28785036097969,2.59318069182967,13.575728039939,0.799076862740691,3.76589197426973,2.54513369019444,3,10,3
"1590",2.62140499967969,4.12666436390843,1.00537532787864,1.23412403552971,8.16722955520504,2.10872359309196,4.03945182937908,0.400710026982587,0.727416599596395,9.91688002160526,0.356600998274627,3.58008035498849,7.41839700667431,2.38002308150933,0.622998660529599,6.22839416369185,0.769908362395416,1.18254113870827,4.50488698136128,5.29958478385831,2.56389482311935,3.60307145398403,0.702368060682058,2.94866388219987,3.33654631479723,3.98307980550463,2.14388814873389,2.60539852087115,1.35139978081499,1.63209422650277,2.78179861086747,2.8827580644771,2.99202770570354,23.6282699910796,1.08457814420683,1.71219417382268,5.39681386525456,1.1520737808745,0.543344945046318,5.23941694254911,1.14277642445096,2.74665735971398,2.97962258987216,11.1883325806758,3.51796875100458,4.47860645689761,4.36705919200654,0.384724289862841,1.52877428382456,3.00418356217759,3,10,3
"1591",0.577191781248988,3.63110650690473,5.72054433349973,5.37785486063807,2.17915983538779,2.99407950222915,2.24469636392659,5.1317345585363,1.64436540766968,12.103554999216,6.49731193697115,4.38182196584069,3.06961293485193,1.03583030668153,2.36861902524949,7.99005739820197,0.734859040053726,0.64631964774301,1.24248322866605,11.764776469688,2.62325976266268,5.23555168727757,1.33886494920502,3.86347331546188,2.31227198141619,2.3726054302981,0.835195749375157,1.35008112744231,0.964098258575023,1.06677618792048,0.767385599403324,2.32625130587752,2.82926777033351,6.5543192338702,2.33631350414788,4.98912113346205,2.78120322889443,2.96062638360553,0.868253060862958,2.34071749415664,1.59695075766066,1.75590954754932,3.39569831404546,6.08005707508828,3.10693300881118,7.75793660368705,2.86563791871632,1.22497914518834,0.604166239174283,5.06144558359147,3,10,3
"1592",5.61267466490517,2.15038870798002,1.53767319939994,1.89929978399602,4.35373541529814,1.3657674729604,6.28274274004723,3.87539558771446,0.919556865688501,6.08335947157629,1.92125112880916,7.97176112938449,3.75636529757608,2.61000648837837,3.841135668166,8.94980923584721,1.9083962239136,2.66916355093186,1.24801442777541,8.91447375094677,0.310889898002563,2.49752295891045,0.143590534761389,3.26828885076794,3.36184838802341,5.29778288814159,0.997800744670935,2.61605732887545,0.457891526187622,2.00020073568897,3.40950855191402,6.15056586359071,1.80047478404501,6.42277383399736,1.05884564268525,5.92387991523164,3.89769412276927,2.5214751401526,1.32946478097819,2.43039658396399,2.16192521964676,2.83407523591544,6.04139567205583,7.74833731695896,2.52279198270637,1.37380779553027,2.03115744233957,0.107650986553754,3.4675547203797,4.38806761174108,3,10,3
"1593",1.50551087726577,4.31599151227559,5.08981144880465,2.67447859171548,2.42252405381851,1.79227160758748,4.89603111826254,1.63394706463614,1.11932794166415,13.2356281879197,6.07452451285417,38.5597975832962,5.35361674832946,1.42298946361751,5.69482146115539,1.64209212964481,1.56871134040774,1.75237608697891,2.52691033835357,4.99043678611036,2.80533399924475,1.7803128915049,0.727726744070598,2.07185653169371,1.67218870238294,1.40398827498063,2.22578239124316,4.12268217459738,8.45116709671049,3.54097369754851,1.04592190736593,2.37609384574348,3.29885114088697,3.55079481422863,0.397757243912879,3.94447866950364,3.09939031801248,5.1806487413775,2.46209509201758,2.9089642822649,4.67319325400873,0.85527146180025,0.459603301677471,6.71965057051046,8.11778782943346,2.87229141403698,3.26592581345815,1.44680748206371,1.04256922792424,6.31381207359117,3,10,3
"1594",3.78193796153564,0.326710752952552,1.89870275982825,2.43683373325059,2.86763177520913,2.48717060684306,1.41477943905959,2.90421961363312,1.22158908005049,10.1582140162748,4.9735315537224,3.28590374493456,4.91629515798258,9.11361176097973,3.66072532709151,9.09683559956384,0.963336946507561,0.767843018837135,7.49678536496962,4.27897850831071,0.364649162349201,4.83089844549419,0.477606673087469,1.46499453202588,0.727635865468364,2.04391425938698,1.35550260726487,0.710587136361585,1.02585522018573,3.69308345449256,1.33480137210831,21.8843792774648,4.46282413480606,3.40327598877095,0.965594807811188,0.524016462766117,3.41727594198286,2.15310052966933,1.18772478019493,2.40654487290524,4.02720054261357,3.49027446012406,1.58957418500788,3.01522347201128,2.4895295405674,1.66383447732047,5.32386973850188,0.221921821023607,1.6062430625568,3.06181427705895,3,10,3
"1595",1.71160418412257,1.86394902050702,3.4311989810177,2.48647496748299,4.52667622146634,2.02627466984887,2.08914541682636,3.57836480094415,1.49247150558148,5.46695836710993,8.78454682798254,17.1713083714757,0.838818693265652,4.68269723577277,1.76042304736385,8.15547220454633,0.67689564682764,1.62775737292819,1.4513770827248,8.42000758582616,1.48794085390829,3.51529667011193,0.524038365253637,2.92736725837352,2.52708245023135,2.36622794711043,1.78143409275268,3.81971039251126,1.4736818436089,2.74689187538255,1.20467358905279,2.13504357345031,2.60815991417509,5.58662606564056,1.24308099420628,2.71497701953845,4.47410435696275,2.42352757373719,1.42328222368675,0.194479762287667,0.894622485183674,7.48827126926855,4.88910752350214,4.31769478702661,3.72233267557706,2.45528495003888,6.59703005741052,0.358673197537677,1.87978401528134,6.86755647431798,3,10,3
"1596",4.41895726630989,2.56322505365441,6.69960074304612,1.78741472677665,1.9785002624625,2.8994869928022,4.72725026402978,3.88695804847751,1.32629740087422,5.94818070266015,1.1042051489853,1.85871651214553,4.34970417386256,2.76217235888524,1.81364405035832,2.61828690613058,2.15389910895199,1.28489931936793,3.37623413734856,3.23572390141765,1.68267764643386,2.84226691904523,1.74911953759214,4.62393673580993,3.78605574924272,3.07913318637078,0.486490979031509,0.669985851846476,0.608791906387552,4.64964591793073,0.608053945096235,1.07727165107844,2.16973428227189,5.12661163621733,1.92500595747043,6.71584955660411,2.71431451689334,5.33377209983247,2.52597888217036,2.02384172578565,2.39371044996946,6.32642378054725,2.11722558729283,2.42080844870952,8.73723923214514,1.40925654624631,4.95102555019098,0.583656379806735,2.39141692017398,7.20426258378116,3,10,3
"1597",0.726804661480204,8.89795459389244,1.95898593173452,2.69267695569907,3.73652511695258,1.51123464087687,1.60501156054229,3.02818124867976,2.37576243162733,6.41880042839145,0.951271755667883,7.15502650934384,1.53227155453038,1.01100089334932,6.73127029932142,2.60351259870806,2.21975318145503,1.11397232222194,2.23900582482255,2.48176075367155,1.92680651177192,3.16738402234663,1.13155397369897,3.65078939183105,1.57771038657145,1.83470789266664,1.12445287894176,0.787287964459983,1.63497621505381,6.53194058147655,0.227113740491577,2.31968401972179,4.37181405592779,5.88666513090561,1.37801006050178,5.86320050775779,1.38628062068968,1.16825764261456,1.29101164077746,1.1084855992835,5.27697373928733,2.31816153851796,5.6539117382577,1.63793420014816,3.22336736142463,0.919562032413148,2.23441045547206,0.662035326545931,2.5547315980581,1.21839938449257,3,10,3
"1598",2.0987917864365,0.799526905917482,5.60591678983999,2.0152902631464,4.71831034329264,1.13124235025488,1.46190119352507,2.69682959038143,0.838969787770678,3.89932867322841,2.17413417592717,6.98650478640434,5.26030183770635,0.631038560557443,2.7394012447129,4.18391734555904,0.696037124938712,2.12512763945626,1.84868050552023,1.89543551770539,1.45704987968999,1.30702299593035,1.57818657021135,2.83765809540299,1.06843600564,4.25380356541469,0.851735881698903,3.36422101950911,0.916906483379085,2.82368025018579,2.10168455426839,1.98197898192189,1.94418072314734,3.7091030532788,1.94814548557381,3.18913991636189,2.33034211462818,3.52527840472613,1.84476325262491,2.10335039111422,3.82587667917678,8.1040755954358,3.76777439560717,8.24344185168836,2.23916464782749,2.01780018547046,12.3212361634631,1.88717667590303,1.86839935504955,1.72990644057818,3,10,3
"1599",6.16757895567951,0.534494634352918,2.26920418129348,2.4683155313333,9.46833516441841,5.01422722767703,4.23922606868318,2.92746818067818,1.26119841814008,2.67326887744803,7.58511437161633,29.4658403574856,1.24042168638789,2.59965996554451,4.55695749530856,1.38813441747023,1.35415630635604,3.38290094298928,2.68520439618864,5.60659807842054,1.70894173204206,2.77178134550692,1.8038125380655,2.12153663906839,2.17342722260843,1.31140882251568,2.82286966900586,1.82694419649038,4.39468597044111,1.1885194577013,2.36057016289738,3.05565480955674,7.33396148194026,11.9110282316182,1.63292361187896,3.96012760224688,5.43577285813703,2.39628399642759,1.19623510677364,0.924351158769926,2.4025139386826,3.90458933593221,3.07075905101232,6.64641371934856,2.38412020701778,3.33494551064958,6.99542591076074,0.598438811545559,2.19098968988661,8.29272501814482,3,10,3
"1600",1.56855904978038,2.100606822284,1.63775902256152,5.24489353408669,1.50382508701025,2.80431707742602,1.90595763050551,8.02426898072974,1.44523218519716,4.12629311904297,0.672168649764647,3.69754222863698,0.758562977595185,6.23338628474763,1.8078977304083,5.12913578724488,2.44694101974369,1.21905120907696,1.66871192905031,3.59129984896686,1.91429716797933,2.39506495767129,1.14726675511914,2.96938340020584,2.74701229953893,2.62078768387954,2.96760244178695,3.84559583532728,0.724848642716917,5.02415650193968,1.16481314292312,3.42315123017436,3.64440232514827,4.89633496878535,0.234969133323145,7.23254226625176,2.65462437147442,5.15751083471819,1.03761338308959,2.73280201686942,1.21626135789987,2.48392189004789,3.45975258772063,9.5558572827693,2.09412783724072,1.26270526152485,2.24948787720875,0.674570513869857,0.964163243300601,8.61962704378159,3,10,3
"1601",3.01069749883529,3.24712936098977,2.12400699102882,1.83336721651081,3.77728722466391,2.49221424738069,2.92885337541493,2.04294127495167,2.20039368462274,8.72267698066945,2.89160860399333,4.20096875235383,5.82570522681959,4.96637137175416,2.6864205171838,6.50754130442135,2.07354331297133,0.194998594537668,6.06637635211313,1.31182856007568,1.17090511041173,2.91351414143821,0.761771649243438,2.15809359199162,3.15047298859079,4.76170826447993,0.843624538848643,5.83953155908403,0.751804448228757,8.60039856210281,1.80672612982686,5.67972966936275,3.08768417109559,6.54621179698516,1.72798647383229,4.09953099849515,3.59906596140562,2.47514770497141,0.779769258584862,2.90812149150347,1.40679074083879,2.33441611128348,5.5458857357142,2.90989283093564,2.38446130824144,1.28832328626526,1.75716216708559,0.388981511178299,2.26051022974018,2.4000364040118,3,10,3
"1602",0.78621046411434,0.680320707313416,3.63275180720234,3.40938151002142,6.48847982688116,3.20501284708272,4.13455110642552,3.09994384493055,0.772641942774426,5.25339304704703,0.805578787225794,2.56723490399178,4.3910288922665,2.13936336389824,3.3703534221257,4.15095070168041,2.20596562746325,0.374405662840339,12.6194929315429,3.88842047134909,2.75179031397033,3.58208683097935,1.62481814518823,5.99031875225107,1.46111717500209,2.46124539780342,1.20889827705814,3.69282627691293,1.03400459769743,5.69705969274739,2.64678607299797,3.04101593458078,2.58376529509681,4.11017073668119,1.88502934183082,1.93236727580343,3.58419930361577,4.90929731497765,0.907424987396856,0.309059965288134,1.50467450774541,1.61528570078508,3.9959478413319,2.61957626191077,2.68879323293473,1.5651250556728,2.49384586207229,0.0839667459324481,2.28134497109181,2.53102173937512,3,10,3
"1603",0.663630360876503,1.05063115894389,3.46806250619528,1.65183728630868,7.19108044139292,12.1794340135749,1.48829652705031,1.41083644235266,1.38141342933674,4.25005459929019,9.66754026650522,2.77455234489268,3.16072792328425,4.21618368634969,1.27406607974966,2.57341302942906,1.19230869130515,1.77503844827222,2.31140626982334,5.50486901983688,1.79622400393019,3.2634617649088,0.535050485132769,2.59665296543627,3.1219876675204,1.90094709373854,0.879873843017462,3.02377706106656,0.765703341346807,6.49382573265123,2.07920625938752,1.65287428700915,3.95812299207183,13.6027714121772,0.82458699733575,1.56533366932862,2.56699863324356,4.18184989637743,0.248851043637999,1.0449798914419,4.21629022272989,1.22843311949789,4.82121199229751,5.30063774003198,1.73893355784528,4.89638953897698,5.41211066257053,1.14855619840869,3.9875717896961,4.14947873999399,3,10,3
"1604",0.556708654153999,1.85652556879684,1.27752269867964,1.65603757333314,2.81002577879625,1.89210848347539,6.74295807987237,3.91127030896727,2.48146901994909,6.64315422208254,2.16691128703612,2.4305436266088,1.14528710593064,9.19470708864766,4.77353824326979,1.40212476822241,1.55172314286993,3.31804948665843,3.39838924755584,2.58533464661636,1.71499436245076,3.21708146468276,1.56406087122692,2.49316951106858,1.11893905494999,1.88336439089724,0.843844007130441,2.73131216396604,2.17093226157544,3.22358886954261,1.00630836785445,4.6436762299596,1.30295784161383,12.0527215683167,1.2364447700416,0.70513327869068,1.6123277290934,2.54556905936879,3.06864740685241,0.296314266538888,2.64348210239963,3.13251192717031,7.3310853241949,10.4654616810901,11.7706323538298,6.03185307225433,5.45261740165841,0.83320454864931,2.44814237000299,14.001642499717,3,10,3
"1605",3.41999780023164,2.24027916074289,3.36814239235027,2.50687843967805,2.02463340942288,5.29060250079887,5.61248003895297,0.759442225449302,2.48805957220457,3.92922041341562,10.989289931416,7.12552827365506,1.40515935754881,2.55480255016274,3.42188856030534,2.32979109044068,3.33069946363036,5.16301423408704,1.90493895003527,6.84782934504898,3.49772788887291,0.972963162098701,1.20422591748057,2.49841949040276,2.80976027290835,1.7870250415254,4.51567928512563,0.875265019169405,1.55912447561987,10.4092977376814,3.38278326323089,5.57118892560094,2.78801473273799,2.53406014769335,1.69200392439861,2.93106133668332,1.32800156391946,3.21934317141365,1.07875003451471,1.20140556567829,1.01218629501601,2.45332622481743,3.13428149194411,1.71396147095644,3.86708955837599,0.736381659526118,6.68438242036624,1.00390475657329,2.42367788719309,5.98070266772627,3,10,3
"1606",1.023679501386,0.909309370051623,2.51144755111446,1.95549328795655,2.27480069046332,8.0996228981395,2.13354642955754,0.739578315304804,2.57982278820323,7.02270005201271,7.37187338230696,9.47997520891456,1.9814363412375,1.01200711303666,3.59651523528513,3.19472252047858,2.41414897060716,2.81832499589686,4.18329015952691,4.23576030361096,2.24445622913097,1.90484905226388,1.12015147085488,5.0172858003328,1.16966014920038,1.76590017937076,1.26375847752757,2.52560600601192,0.8503384039672,4.72278787566106,3.44499035186914,3.7030639159858,2.80497623483463,3.86896604052107,1.57405192257062,2.74089886441656,0.559655338397314,1.42371652166127,2.00523621703264,1.7033272071013,1.89370482147582,4.080660027744,4.15804976492334,10.7417035997576,3.08290305130807,3.92925931238186,6.92275009356186,0.292836481623076,1.79136225617887,5.71703317586761,3,10,3
"1607",1.88217630894947,1.50560334834093,2.95853356734411,2.60703433440072,6.18650112977203,1.04485692673661,2.23373670720749,2.79633491664564,1.93750399085428,5.77689605731741,2.67703276473326,4.70908311113679,1.76583852528415,4.76493069426996,4.62837840083492,4.65079991336358,3.32374775877078,0.784298936517713,3.79183724358787,4.76339204660994,2.12339883590782,2.4999292031225,0.694765964589787,15.7192446965523,5.00048134944629,3.6423881523061,0.964229100183867,2.94411090262302,3.43252048995002,2.26623890252768,1.6362783066179,2.07154683615469,2.77287345902982,4.58027731395209,2.21131573093749,6.46382528881294,0.796679174639824,2.49254312154052,1.07747531364241,2.43595426767344,1.8574855128921,2.04712386633204,4.47467050190229,4.37430143713333,0.56726878403786,11.1237708596534,7.48826087852803,2.02045639145497,1.76929705400354,2.94299526444905,3,10,3
"1608",0.641832133227464,1.622883535945,2.14157152674731,1.34512692140496,9.79412033111224,1.43938380158753,1.0506706625542,1.83790863013689,2.89272219892464,3.76360384377502,1.19216455875372,3.84659618507831,3.16130647069805,1.81203907242275,1.15833218218074,2.72115251176531,0.991550155030797,2.72552563204346,3.92326417873074,6.43541702153789,2.25299548149091,4.22850086878063,2.85064791963324,1.91819836904816,3.93023770857926,1.96397704089321,0.57551270522954,1.59773107497615,1.79633428833182,3.00733320859244,3.13289820139705,8.74675019405163,2.96770533833282,2.90559791055166,1.58308544932373,0.42830523777565,4.07878438382855,5.12587357921643,1.88091571490905,0.436195292151754,6.0898700448437,2.73592542765246,0.458572136571245,4.38645431240794,2.21630956336361,2.35837221145036,3.66740369990904,0.955902189791243,2.82166132142894,2.98513629844171,3,10,3
"1609",1.05235620119033,2.41840269463101,7.83456870938445,1.32876281207512,7.85741565969645,3.3183301787775,4.47817981720405,1.8840019975665,1.53711088559113,12.9597613990246,1.26036097759857,4.91637581829935,2.12536333651968,2.15452300197752,4.87634554189006,5.89419327132722,1.73273079572223,3.04305105305853,11.420799786521,1.95269497199517,3.43955373908039,2.602207086495,1.3347374633879,1.3842890295639,1.62581957100103,3.00741888956638,1.52749920332155,2.23776437393563,0.712920219080478,5.94581250397319,1.73430881184486,5.07184377948758,3.12918270993218,8.51699942661905,1.57814555162742,1.45948870992623,0.719161333242267,3.91398761672189,0.597951118920396,3.56473897608333,1.24707445626696,2.24873776033759,2.64574170749958,14.3262271294384,1.434765836982,2.46974849291426,10.8484631291092,0.383169663345141,0.821147850779246,7.08121967534572,3,10,3
"1610",1.93939694670372,2.55799901385317,13.4722989614646,1.2286911341377,12.0447336468194,4.24073338577018,4.80088952155084,0.62578051020159,1.55154313798227,8.22988290432119,5.31689220466056,10.2332506297061,1.59310093243369,5.9982857649518,4.52403659304843,3.89309538033477,0.403489906377091,2.35843235889531,21.7635010946571,4.03070660148835,2.35770964934144,1.95719798663875,1.14433774234855,3.70318763804691,2.43062188235247,3.79360912363595,1.86422195639293,2.91766523692015,4.05161634014624,3.16850056067877,0.464699468768717,2.20855231151327,2.78997442518644,2.96788210261561,2.52683419291754,5.73789122133806,4.5745712227897,3.57803918054344,0.980090908377112,0.534519961044466,1.66673688519649,4.05145843456842,7.07358496697218,1.7406523110813,4.46844302769047,6.09643815653949,2.77729821456549,1.35475913984793,1.92199367124181,2.73332980879358,3,10,3
"1611",1.54092227583378,5.09913395680189,4.26713373108627,0.906060851127481,3.75104205876441,4.91389924123012,1.76236746526166,4.4115389409147,1.76443093618096,7.27620341790469,0.99091414758587,3.8912773145011,1.29616903759658,5.60535805869989,3.92179566401377,5.31497034165896,0.253432085727975,1.89901315650277,2.53439714137405,10.602143394863,1.81449506714583,3.05237446401568,1.56042587152513,3.37924191205299,6.86289601958372,3.07639898151565,2.66041583621676,1.96275744507608,0.931924774503925,2.90475652758285,1.1415285806703,2.50711415239928,2.12171998877689,4.67902694382051,1.67672564909315,3.83622045992933,4.11238648846198,2.1716657614038,1.42966095884754,1.73424485132573,1.73850083387466,1.7635364040987,2.86939234806564,7.6237655635685,2.06434552750168,1.59365943959847,3.62580095724695,1.51394574392636,1.40695441037113,1.50835951446461,3,10,3
"1612",0.665010750084618,0.676615294507392,3.16288970336955,2.19038783318719,3.88361116098851,9.00400390479749,3.24279767641688,0.644139329760242,2.46263278442832,9.40575375541043,3.62743459553712,4.94070589783677,0.810906851335452,4.27076887925763,2.46074702509406,6.06891850331321,1.63305496205761,4.74261052465356,7.008066778464,6.62548606686829,0.600961200810332,2.75358119375883,1.34617626016483,3.67746235885241,1.91833761941857,2.90840839184814,1.31977263192676,1.33936373848413,6.15562530772118,3.60558114701404,3.07985433826272,2.25195407855419,15.7745437695804,4.18602496269524,1.53833787345276,0.658066903469537,0.73379982458964,4.93379862836423,1.06906949677899,1.23293203112545,1.53439125616465,2.72067405647703,5.64956525250534,2.54127424335521,2.59645611800798,1.21305661423643,3.00085522257258,0.420149372945416,2.54721314847476,3.97955183007801,3,10,3
"1613",2.42917490200231,1.7189190198184,1.74729555436837,1.93139390869973,3.27574002438619,4.46585891659238,2.6404990987467,0.553543906822036,1.89580524850864,10.3978400597455,2.96664414362528,1.89488656218957,4.43766173598231,0.936448908460559,3.00112567208533,8.52820347461023,1.52573350226503,5.46093651385214,5.79840672513101,0.853170301109246,2.08236708753419,2.27321014499201,0.460060732559364,4.1721790395094,4.02812074236419,2.15430871344793,2.82469261644573,1.92818942761989,1.1881200974264,2.60149621961736,1.67726684276441,6.98620982217413,3.80757119815692,6.27348730618532,2.03547685955696,0.565455570223018,2.79443019221849,4.50427349473865,1.64731073713971,1.35967635646201,11.6660971571487,3.17163695455859,3.52835522796511,4.4202291431868,1.51722452025501,4.28313954063072,3.27671792618606,0.869753661772486,1.51156249851469,2.72030345644357,3,10,3
"1614",1.27157127381284,1.4752260384952,7.55397223588898,2.02044580100439,9.15943523787463,4.86617281092768,2.01239681217922,4.06588177774078,1.30610905020967,9.34141252595439,7.70304834239581,5.99479286203189,3.06671394805663,3.7695720281076,3.65592709345816,3.77171410130315,1.9357335118432,1.45061794660143,1.32780971700153,13.0270314217271,2.55894674255201,2.7368220964753,0.184856351258847,3.30286622824865,4.72108193261703,1.94457481298457,2.86890091809373,2.98740026029973,0.663351550786258,4.8567298811102,1.43275416106111,2.81449627361659,1.92142757305568,5.06701015256418,1.70975948163008,2.0379092327873,6.19219264332242,3.01910061560734,2.26025422745406,4.07823696033713,1.05425610483558,2.38466395028471,4.77879511128595,3.77736225837207,6.53364221475665,5.01424183896579,4.36615980870621,0.359941471926714,3.14480188130677,2.66541929892744,3,10,3
"1615",1.40856435578038,3.22536721432859,1.54485166178605,1.5067039251815,2.62974551103689,3.14594169078025,2.42105622191938,5.28891504741382,0.398867765280054,7.64662789848399,4.72245996122896,12.2551520979375,4.00594358711253,5.32541780054013,4.35598699431603,7.80601830205577,2.76137825642862,1.51894818241541,4.83392369836242,12.5748823595063,2.53266737000789,0.98025738401755,1.99546393237074,2.85441359968868,5.1608177935934,1.78714501579278,0.900690561060797,3.94346439189465,1.1883898926728,2.54032264930531,3.3149394228461,3.34851944308106,1.95860884740177,3.92296364187456,2.55663852455735,0.538688524258633,2.80717035190518,5.2643422719358,0.949029883624719,1.66328328502529,2.41605991763658,2.86574522947618,7.13897713686468,5.92294235000492,3.49407290990095,2.47402130311532,2.67407147180437,0.178237774708347,1.01601566506867,3.04581019874783,3,10,3
"1616",1.32421536496704,3.79034095195883,1.59034420551553,1.99584263406831,4.60647577354873,8.35582640473446,3.1168587452606,3.72995562782592,1.61970866465417,14.221407344569,0.54466154637852,4.83339051335167,1.51247499581222,4.7549644020559,6.92837862224499,3.15970160779272,1.48443081895393,1.11259194279028,1.54098335958072,1.32588852958345,2.20040269998765,3.21487063647352,2.36966893269721,2.72334944748765,2.86722219968419,2.64173788490853,1.44639544940668,2.40102029969576,1.20400232696745,2.75215775136664,5.2658044248754,1.5248913690072,6.26959456067905,2.9027500496823,1.20567317925664,1.38918149275725,1.42079861223724,3.96757215544448,1.81672260850698,1.40226484427582,2.79162885839195,1.77222991533229,3.80270554209843,3.05991989049672,12.3901738777832,2.07714061809379,3.95366252207939,0.438146048576384,2.52706222031612,2.63621992936033,3,10,3
"1617",1.28124577025572,3.17894399055203,3.55618360635279,1.03656702030584,5.01441293873661,3.51138841984329,2.97041145114277,3.47447762029514,2.46018696675358,10.0209452876507,0.678412834921515,3.8852757166976,2.67798627828514,2.09738540335632,1.40020277030765,3.48927555530806,1.23918725122363,2.08796749230165,2.64557771318462,54.360092393104,2.12609315393715,1.57634574237353,2.25056549464313,16.8910714093829,1.46289372605307,1.27342397124994,1.07165524550214,1.59506330096295,0.979434457404306,5.57114884126796,1.47317730451363,8.76063943632626,3.3557573382834,5.46582978873689,1.03236822111791,2.42915982962154,1.22066672352194,1.78645958405505,0.655562729040902,0.803561947909117,1.91791258565821,5.31932693243445,2.41704028253249,4.53006781608275,2.60192177936083,3.19183281596951,4.30072452353069,0.392435830160854,2.21984860983995,2.4476075083884,3,10,3
"1618",1.81053001411504,6.81578247950131,1.28192902449122,1.61156109754963,2.79067513261875,15.2852700816777,4.51538134231974,1.34613006698666,0.880427731415531,29.4828674143989,0.722888198141485,2.65209140060377,2.1358556823821,2.18597469379349,1.44054267016356,3.49352255416506,0.398541609614784,2.73120942535328,0.878440216708607,3.23811430311785,2.63336805163695,1.11060158003249,0.639084944836414,2.31263863519408,1.13601000723357,5.36901942198526,0.975144105308121,2.10485497544924,1.51073066462663,4.24689289591075,3.70602207159907,4.29649247701161,4.53275785881188,7.08859939465997,2.43297620475818,1.34548458469276,1.75891533432779,4.51649071661685,3.37161969880821,4.35944811580474,9.49921224992864,2.99307344999084,3.54911424317689,2.6846489467212,1.78693987876212,2.39322459560421,7.41776831000434,2.93332521371246,2.11639310863301,5.89919155939992,3,10,3
"1619",0.554457319068436,3.76574303778075,7.81758104049507,1.41074378021664,2.79872578864156,2.69632804788099,1.46512927409961,2.06685734256214,1.18051466402525,8.22454645738464,0.553910806724717,5.33054083395707,3.0130557932855,1.93506230895139,4.64145019110775,2.600436058376,1.07412512585763,1.66489312743902,5.87065484354923,7.18632801110619,1.91262937415168,5.05218802507011,2.05260641444896,4.92183226836581,4.69281312117589,2.27508044917788,1.78089258894236,2.59390213411087,1.02489940810375,5.34845450091003,0.953568553782048,5.28457252280365,4.5267008778491,6.042102440888,1.45145516782442,3.22310110562942,3.51503781714184,3.50151116014801,1.20230066144467,2.57417769770656,1.05427517150277,3.62569656900696,1.99930853003217,3.38314267114797,3.03515376517883,0.943858605792936,6.26632818554906,0.396293187489789,1.11330495258129,1.47318556403398,3,10,3
"1620",0.855717540730352,3.39712787438028,1.90606891779818,2.63706393726981,5.53260061691672,1.87376978615072,4.02910245230392,1.87653193787447,1.41588144911426,8.15165386416533,7.09456739327812,6.3764890926548,3.67576928439135,2.7279883024117,5.91214601391561,4.20035558451081,2.68349661511801,1.752252844796,4.72473294791523,1.16738265027,1.90010096087016,2.63609517442574,1.17034282498171,1.9927905787698,5.17682181817417,2.59515393878232,1.31833166822854,2.35231617927941,1.31158825517016,8.29741377939184,2.60272356249018,5.81290209616968,1.38564240018911,1.98171425747695,1.97012874857664,4.07514434982386,1.09637118206112,2.81401317846698,2.48647396758994,0.90443667966854,4.94406965369765,4.23973340398397,3.9673673736956,2.02755654379028,3.41758702075084,1.40754589250682,6.65710287784996,0.280787224486439,2.28895515940137,3.04662416186918,3,10,3
"1621",4.3702878608719,3.94967145743748,1.70982574913713,1.26812709185065,2.06505003714644,3.69345157277412,1.50006038220554,3.9004732526454,1.32278934318319,3.17674639873263,0.641657738354314,5.58800887081254,1.94194073650865,5.55717396949878,3.53717094338399,4.00641399691573,2.18901016749482,1.6095303396286,2.7545107063744,30.9501666072438,1.29877875564368,1.38986594776078,1.1294216972464,3.84257500969329,3.73468368085191,2.75814937519571,1.33013004992176,2.24062908027004,1.25203211891755,3.17087986805126,1.57863893248956,3.4348044426653,8.56054171626763,4.35655559897059,1.47672691816571,2.66321998878488,2.57557551901418,2.44152278477399,1.61831914363479,1.63517391392587,1.9667408071873,5.10838423731114,2.5599228588031,4.97312007369889,10.9048300508168,1.43054987013362,5.41775107533388,0.531706402018134,1.59037357084232,2.13360290797803,3,10,3
"1622",1.19770461017689,1.18926749057959,1.96097238075637,2.54777455394457,2.65483675864955,3.66905951079287,0.955163810164214,4.63262157883297,1.48206366098217,11.2886461416413,6.75453888155353,2.82684168976873,1.78651915479214,3.68484362318179,1.45112946897964,5.37667172987949,1.26380130443346,0.381811126571763,2.90260035110601,4.54951152681307,2.27184036628905,3.63442578842284,0.638330714777523,4.63210854468931,3.02288964272619,1.15603864314675,0.85249466827844,0.518052643911756,3.32246145205891,4.10690183877544,1.71685363139778,5.26131235459737,0.599777589002652,6.19845731357871,1.14461603333814,1.72529401457073,1.72247087594987,1.63887031634587,1.01818427288973,2.15844070693106,1.58117855819097,5.39147998625729,2.98939351474504,5.63067436670423,3.18151502219324,1.93288046707129,4.00170001143568,3.55171754169199,4.41359161475703,1.5603005140396,3,10,3
"1623",1.84569899678078,0.88420289608308,1.79668638894836,1.71873606544466,1.27493365603483,2.27448106494383,5.43437703833973,0.931751238363202,2.34968513029088,12.8473328679275,6.9032290341519,1.59514394353735,2.24170437422788,1.20667324856232,2.24692353440231,3.34881444830316,1.39964742190401,2.84677304905544,6.34472916087824,1.16157469419252,1.72329808230748,1.74639454309551,1.13757700132704,2.26333557159755,4.03353229837916,1.85643154821297,1.56434338555654,2.15019855423097,0.873376068596904,5.75928939948632,1.78793023138291,3.18321184868627,1.97938993596287,5.71556727357774,1.07538745219099,3.05093322560127,2.9598222392669,4.87302818769668,1.03399349175758,1.44858209633385,1.40601476044368,5.2267298878908,1.83448354885799,2.18080508997571,3.77246934730379,2.10085435226792,9.26439209133456,1.55036536744118,3.0222415440251,7.45658251476443,3,10,3
"1624",1.82334449066057,4.06687639719328,3.0072249053835,1.63552400640112,7.7163147570768,2.62341605135816,3.09002630793299,1.26904313203963,0.780006540482126,6.55980967825745,2.01761205854072,3.0110405122538,6.17304276502151,2.64543748914015,2.6972961060354,2.10923584436351,2.30292484321328,1.28179964577544,2.96322072230976,2.80944449294363,2.5941841935583,1.92167483750802,1.6864114064001,4.42943731674081,3.78599710452836,3.03644039544601,1.04071289494888,0.560760169145799,1.05860869440916,10.0614489788655,0.143266457389602,5.23080332751223,4.5830701361525,10.2669387960837,0.791204925525086,1.57321435365844,2.04478707684166,6.41838683169851,0.674231251642918,0.593823506170129,2.96730156358063,7.63726202636111,4.85987168436204,3.65915366423361,3.36445095997706,3.75285382798004,9.24180903237608,1.93759704136958,2.58450989373452,3.62503934014667,3,10,3
"1625",1.93308518929594,1.12162578691507,1.53364272855055,1.75330363961002,2.68840030159315,19.1718324475856,7.80254072263443,4.66985277399127,2.64686496134812,11.0367699257852,1.23982639093492,5.33357337350886,2.68163616228122,1.59574106222018,10.5183423799412,3.35844774459216,2.78217259966976,2.74509332457048,3.74815348701309,8.86334932226439,1.85972283949349,2.61754682867385,1.29626290613053,2.54496244951373,5.89632816430154,1.67877624752613,0.759067044833482,2.68417402191198,1.64090027835222,5.68706846182879,0.319070651427467,3.06036548592868,2.42948090386759,3.95501704928151,0.973350143400794,0.255518974770654,1.25818451671059,3.2131783200229,2.08525161310655,1.39153804497758,11.8070607077486,7.19742929617929,4.0551999325192,6.79230066754876,2.45800556167997,4.86355590109382,4.24564736617517,0.920543383703705,2.47666875734131,8.33363761967042,3,10,3
"1626",1.15944605831722,1.659915530387,2.25333099973775,1.18324160170235,3.73779170537538,2.74496320051191,2.71139293076773,5.83414967108278,1.58025816697257,14.2180839930561,0.981255564537886,3.44476809515,5.16584087403583,1.47441692296082,2.13439515607023,4.49566853893063,1.52762416241583,1.46043432193564,5.58056746539643,6.35900312568077,1.76612146053325,3.74414622899425,2.07527324243337,5.61787544647727,3.52976350025185,3.81204193566318,2.62904398882749,2.78911665471504,0.914125187615955,4.58657936936504,6.64283769066475,4.28868218623744,3.36699672571294,1.68519086287702,1.82067798025685,2.68032640659171,2.35223426211181,5.44823864535326,1.08536833821412,2.06353575472383,3.77456978716828,7.44128545139833,5.21992904006739,3.08404259985543,3.53254038804018,1.69288470730887,3.45346120287536,2.37916852568464,1.73529667357929,3.07278017446329,3,10,3
"1627",0.786125172883389,0.92916747428553,7.17793784733146,1.34907818229227,3.58578398581968,2.81400903955937,3.97688573002803,2.1347896574344,1.81042899948555,10.7080310696707,3.12647044125327,3.31077473945747,6.80558550979,2.40799723193943,2.26164542458788,1.67053193792132,1.93795855229857,1.37359365005024,3.92397588123665,12.1384615615483,0.804347227213814,1.03503825381764,0.899979020135932,5.33395728821585,3.86954580863432,2.27344994890191,1.27910218544874,2.18054360692078,2.08373888405318,3.69260616864582,1.05762512294936,6.45072544775853,9.12121786462737,1.97052770430566,0.69060324667677,2.14340489006392,1.63175482871526,3.91924502482345,1.21791953796547,0.785882794724778,0.93273209191146,4.15815173188109,4.09389846101633,7.47533440532195,2.29911238523249,3.67433197807485,6.21061417965987,1.95225143117154,1.98073459179893,3.17410932769842,3,10,3
"1628",1.21791136490013,1.00471210916308,2.4079289143679,3.56735827788065,2.24040094455885,3.93873631939428,2.20457438802907,3.84924484109303,2.26413583454441,8.64477786640993,6.10356537569058,3.12315697637663,3.68628823469686,2.8476437543729,2.03073417111781,6.98407427317502,1.71110033001091,1.02022446425082,2.76575641428056,6.87913003972266,1.67470211861184,3.50479061480613,0.23798401469667,7.60175924724574,7.63777421904291,3.123950323654,1.67366412787624,2.41563718642948,0.732935831055313,1.34145715768206,0.557121900019374,1.58465453255165,1.21522556282862,3.43433801390086,1.08190450897698,0.789426635880322,0.358124866358838,4.3380167541583,1.10136432217566,2.3205545452657,0.782234967577323,3.04042762859831,3.49164213709844,4.32939586558852,1.68650915231211,7.53284795577542,4.07403320724795,2.60176323400513,2.65865166552672,3.69095165747263,3,10,3
"1629",2.35535570023753,4.70833901887184,1.38969961195512,1.80863132924151,2.23003388090542,4.75927514929765,3.05610425645146,1.40501070180521,0.226138806382352,9.3172224460646,7.9345257156037,2.61659368728255,4.79602383550346,3.03177914808869,2.73721876108677,4.35678988393709,1.46299621995481,1.16229091355219,4.2340945928533,2.23917607377545,3.14661402223959,1.36733537135463,1.65303222886489,4.76667760408335,2.29968235671284,5.24413248703963,2.15058770582939,1.2676800217834,2.25578721156166,8.49696395040298,1.69630475263873,5.16992089792426,3.9007146619744,3.90752808512393,1.71057105505014,2.19705141817246,0.764806399673462,2.07282278858588,1.32076415657245,1.23307957315863,4.05724186495971,2.99755668132869,4.83078098520228,0.946721988305396,9.33519025577317,5.51560135987105,4.04341613128269,1.70109620192949,2.66383409703867,2.92993415194152,3,10,3
"1630",1.54537324378646,0.895726249681163,2.08459346204744,3.08506693663054,2.96408109558579,12.5930955784653,0.972022864886767,3.21612879864821,2.3041366069446,3.72495238916618,1.26074491651875,3.59549620926835,3.76492892212718,3.97081242984027,3.0668147723551,6.67330410281747,1.6622393787337,0.19540090553692,6.51806561057514,5.71686161680674,1.40883944679114,2.2322077155698,1.55291678016448,3.48179539333595,4.33265553411375,2.57184021871585,1.23763623864215,3.72026617955158,1.1937782866606,2.42195038507987,0.323882598682942,4.01069338308321,2.3777526123431,6.49995535266176,2.03989196794462,4.26767675908238,2.43737995265005,3.08044383827447,0.963055458191135,4.03367607826526,8.91296519974848,6.58252696861543,5.65927368000569,7.86450443811765,2.78666280855022,0.792157221350309,4.18802161534689,1.92755774990729,3.2944137551985,1.03609415504105,3,10,3
"1631",2.10963758084382,4.19774298673994,2.27103671892005,2.07430312563637,1.81615521426791,1.37329763338329,4.89479217565411,1.02027164898838,1.40812760668302,5.76100183298916,1.53371410093276,5.40728199108832,3.94248042343372,1.73621099017674,1.49264710235307,5.7444824798494,0.637052411680294,3.84600079203727,4.68074787334314,1.24718951277001,3.60029222975413,2.09112834586941,2.08928114502424,3.96010321385052,2.95821840138695,2.70378989874803,0.832789850142269,3.03176787432685,1.32293844754713,3.00153014188469,0.510669505616338,3.24128649774334,4.80452013803735,2.43752809048445,0.521687466556588,1.72321919830783,3.25245765241419,2.23670865978763,1.18422874596659,9.8960682990438,4.80146987872283,3.26541168249535,6.65200625812248,3.63200832722038,2.68645249631061,3.2608271956113,6.19712222355459,0.813690787043881,4.7761351661622,3.35812206234329,3,10,3
"1632",1.68902523758426,3.60082842533705,1.06621573714787,2.6738452716894,2.64129080698007,2.26104438082791,2.43020330159057,3.79868120980669,3.16969412755393,9.8745144014149,2.29231336961685,2.44580636079236,5.3323846393082,1.41633168799539,2.51603185014613,3.8629254718279,1.09542429782446,0.753875792482186,3.29933869957378,1.99825660747149,2.37013507609927,3.70846462813546,0.651527197317688,4.26325317488506,1.5793636755981,2.23715839452302,1.34694499118418,2.38922723400101,1.23184154446035,3.12266199479828,4.01544455775268,4.64602026435731,2.8264256645885,5.03533098449666,1.43507440976389,4.42939226019402,3.43220684286575,5.48912044347495,3.35041989844437,3.14213420514888,1.29859822036476,2.0254131876201,6.13054309441699,2.32001596174064,1.84348420513231,7.69948630468869,1.8306008126579,0.505891096839532,2.17488637078644,3.36108872726945,3,10,3
"1633",1.18138564809326,3.15015309945806,1.84282650683572,1.70224426220617,2.66148894238532,3.28426942191644,3.0683374562828,5.61870202614755,1.86800422407759,6.612874339954,4.48035107331146,4.79037006773259,3.16732192806661,1.93328758917838,9.03299848605349,1.3149024674537,1.09152872952662,0.458024036278052,3.16788152094487,2.1124871330208,3.0960706419434,2.5908531656152,0.410220518847473,7.55845907969822,1.76413181100376,2.76374278493613,1.55144228940693,2.95829662538443,1.21053911059365,2.91106914519139,0.471073275182099,3.8296364154612,5.28122723928323,4.97950749841508,1.13119104645809,1.02888943126569,0.999306155199692,3.82074104300456,2.33958156253637,1.0343960954754,2.94468053875908,5.14036337282576,5.25478434052217,6.31322070019381,1.32529859203513,0.885039290662133,5.09603077906524,1.28953198789097,2.24759585622902,2.94133783971934,3,10,3
"1634",0.816365073578935,2.17260358041036,5.35169727826719,1.62233341293116,3.03237090654692,1.03295474632302,1.64932561483181,3.01195889191315,2.36482304408528,8.96774936750249,4.88192963537518,6.1096037104193,3.27646143603449,5.02335538700585,3.28816011710371,8.44929110639071,1.46587587079248,1.27812887999498,1.9836517189573,5.11420777846609,1.59440050340031,1.70488466061927,1.49421442028999,4.42190187068862,1.78613550723499,1.86350205224867,0.38804847632987,1.65691840232678,3.93120992909214,3.6650350615992,0.898163333576605,4.0651477533834,3.0709524519718,4.00096391638162,1.35887631671261,2.64043758738718,0.240347506546849,4.65789774240769,1.86468413368979,0.665607687211969,1.0261980480469,3.13283501129682,5.44277756584248,0.65647314175566,3.38044378809418,5.68011147526181,7.72976277243431,0.33364824574204,1.61394868610305,3.41246318583849,3,10,3
"1635",2.89751896856108,1.82991097584819,0.750487299283008,1.0133633778326,3.71814644810763,2.52415733181424,9.37710731010868,0.403433279377038,1.98296684581323,11.0866759124221,7.31227185659739,2.67509362349542,1.67550700250139,0.649602971150541,3.93311602657354,5.66111748107503,1.62714605395809,0.384152429772951,7.21960821065585,4.06654494059455,1.92666791951123,1.95168631754404,1.45951581102092,1.38143067416381,3.39899441569567,3.83849077716321,0.792321785814207,2.27772971583091,0.876642840922597,3.71137506755796,1.44783368116143,2.14326198395353,1.92562763817229,11.5035907992589,0.373982199701458,3.93685806078764,2.85462613950697,5.63837279961552,0.93532632914261,1.389700498405,1.37848155932305,3.43839267016901,5.32120952488533,4.92466830259136,2.2394887461824,2.20052019146719,8.88356369931253,1.01603553866389,1.53249186194081,2.70230734510314,3,10,3
"1636",0.421544982477695,2.22350885540418,3.66248991686385,1.50135894757913,7.24509683930392,1.94568971086822,5.25144576677761,2.67972279524382,2.58708470394568,4.88159915561473,2.09747937380134,2.3730419486278,3.62824674451944,1.74935022610662,1.95515912995538,6.41379331728217,1.834402090542,1.2427934207743,2.90309645783012,1.17526388466947,1.40659143440125,1.79453333739365,0.504091874494808,7.49134181072458,3.89964580892175,2.69359811860851,2.1569143050088,2.49104828648278,2.56641735171961,2.4258820826776,1.11264816422053,3.41561310392209,3.9495721106277,10.9197097404607,2.98317447111442,4.55269472869939,3.40024833414967,3.05830196689017,0.946635133770141,4.20629515559788,1.52343332406795,1.40204922344958,2.13508018527539,1.34436832372887,1.82385588752389,1.20707555731945,4.44295652705262,0.186131750572338,1.51400841656596,2.29666322655379,3,10,3
"1637",1.88893409680892,2.89832281537615,2.0637541850677,1.46608903813425,2.70338898903368,2.68541828189253,2.85617087336959,2.03009880497705,1.7955080871563,2.53924558531421,1.38393574717278,6.49768707249537,0.209991123548246,2.70331295102896,2.06575002989488,2.55560502653182,0.619378943969936,3.57412135267697,3.28104259979381,0.408101142360852,2.76381449444,1.93319611724441,1.77249903671245,2.92513011959776,4.07500396780928,4.53634247003403,1.08482342225069,4.28467206577144,1.43121211469579,2.81893193233009,0.713729195146781,1.93807387947384,2.88155922336721,9.97203669243779,1.53377880402889,0.927724411821496,0.976249241356017,3.11878775527916,1.595538670243,0.196574496077807,0.93715844149554,12.2569862854015,6.11852815830571,4.38285305870005,6.00285478461512,1.60816408729345,3.91172857885911,1.72893219558427,2.17108017196563,3.92397927360387,3,10,3
"1638",0.607751860839087,2.17407047260413,15.2131848485688,1.63847459194546,2.12273269628446,6.46343708410923,3.43799833495676,1.76982324459195,1.66324071561463,6.42448764879056,4.51745798765744,9.72451879366812,1.89969049645521,3.13094088621778,4.06282210066728,8.19275877845114,1.50257767233881,0.698074249936167,2.16389910985384,8.31133946350615,2.94458077255667,3.58340405579257,0.923396520564494,1.90498259902849,2.14797694946452,2.6547216071259,4.62275811464246,2.84178195354779,11.9107448781711,4.80258622164962,2.01675948899155,5.34894987791508,2.52911957091409,2.6409978734679,1.7603008926389,3.3615904811303,0.72542316845067,3.67226907113601,3.30560719733052,0.562480894849763,3.83065424601295,2.04353324058409,4.27461758451282,4.77067442380309,2.44261030450195,1.57894850087341,2.42166236217369,0.370429254145192,3.03870068097708,1.87000061696936,3,10,3
"1639",1.53916807790892,4.45029338141314,0.950951338250826,0.656898571441851,3.76831301823661,2.95337104394172,1.99002513831598,1.34745359328593,2.07607305315286,2.26501215377606,1.46216549425388,4.59215290996513,3.91501874326427,1.85288366241985,3.63836956312532,5.83802193439083,0.714727838489815,1.38197926578639,6.31742588214003,1.54104180738815,2.51796906700586,3.42644259642527,0.719362395240347,3.08515518020263,1.56881525361242,1.11359729825281,0.972695567242294,3.84824397327858,1.62714021753633,9.7516266372751,2.54421919139458,2.08377381270954,4.67053900745036,2.35236112770714,1.46861453008245,0.290516282533688,2.19871874569487,4.15505110184029,2.21061392860611,1.65513531529103,1.04309204767318,4.82753678925449,3.35194973362858,3.29326893899708,6.24980859518876,2.2621227624181,5.67654416274202,0.846226457181731,2.84433736202101,8.30178250463674,3,10,3
"1640",0.655608699307222,1.58117517537763,0.862002132452467,1.75593005540109,3.59761013293598,6.3404071654869,2.3913325267954,1.19112966875199,1.27692827729805,5.50098004481316,0.841651946863432,3.21865051406733,4.29997819629103,4.83961111297144,2.30565387171581,5.93111249918072,1.4465380265361,0.996962297285832,3.88444202274259,6.9702493609805,2.53628497093267,3.28648550756777,0.334367023276178,3.25916131770597,2.94714073699633,2.35313439373622,1.38140002179626,2.7580697073429,0.855169611870521,1.30199374668748,2.29703046888837,0.991987114644912,2.63103782847243,2.77709580962175,2.7214362456012,5.60884346124196,4.14014147628565,2.51435495029411,1.08459755603245,1.85944019100249,1.10307066404893,4.03760365091233,4.83372620194371,2.04012045028232,2.33402701002721,4.14363339017511,14.6622208356056,0.296839404373066,2.12442858488522,1.0948047826261,3,10,3
"1641",3.24421213140124,1.34600572136927,1.71367561023919,2.15486594828055,14.6775603700022,1.99958928861616,3.2263739930711,1.79930589821595,1.58795884596598,3.56912354491183,4.73369761518483,14.8812322474079,2.71478262642968,2.51955563683109,2.24080238544417,3.49657282778224,1.54321132858995,1.23150147329231,7.49089665319106,5.08423537131469,1.39743014889234,2.99511842341287,0.849230119596754,4.55034355252752,1.27608339734892,3.01888887820639,3.01822966370657,1.22654855032679,1.27461459614053,9.17466939278075,0.533749642844426,2.4493084334943,5.74664666197641,2.67565957308154,1.70568403420466,6.54827194183054,1.96267118287171,4.16541091514845,2.71114431326439,1.22700856611805,0.951509480479594,4.03702501856536,1.57147585498869,3.74937631359748,17.9588151208137,5.77356340364402,5.02319595130121,4.12582611475375,3.46866679463198,1.03216608774013,3,10,3
"1642",0.644214679192645,1.30872659653799,0.921227679378036,1.05353264386624,2.59982944389999,2.23911869416877,7.22566772463351,1.69281994293109,2.27133582989011,6.76808368101876,0.77417460520984,9.90737446330835,0.807995431025137,0.91543543454092,6.11034334896132,2.48788989387516,1.63545775253627,0.443038749999373,4.58889543348343,2.66315908645596,1.81947001925454,3.15865055501351,0.490342330856836,2.23010954026917,2.80048317567734,1.74910473719206,1.77247180557859,1.65321227232746,1.16707451579037,2.03104182536659,2.09103116249068,1.45250492648295,3.15747172550142,3.2729746447989,2.16623197405358,0.629587049462834,0.672464107195643,2.26346237834372,1.91306358262978,1.4024877542876,0.945478225828801,4.0860094935875,1.58111866034835,7.23716918205758,1.8539194994936,11.4701283354022,7.89892704651868,0.712389442672726,2.50161582298662,1.44980851779973,3,10,3
"1643",2.12410787979632,1.64257371588621,0.649118903535831,1.88063028188738,3.96283886441726,2.69459261154565,5.23820906918598,1.84062466659885,0.918013133390289,6.92727681515337,3.00754332765151,3.93820914976859,3.05654536819848,1.5143032904871,4.2262811321776,3.36540037400542,1.05118217301511,1.10198347536552,2.28401245008541,2.62626781316734,3.21953715296589,0.85343905587735,0.242540757571044,1.13434298749433,2.58716750318758,1.93983991643893,1.57396926377514,3.22268102600802,2.75612915371392,5.33569967614699,0.199839118396926,3.67391096894134,2.10221617970882,5.43472373728706,0.751039045958049,2.34843409827416,2.47917146554084,2.80154212101291,0.430723707323472,7.33901141561156,3.32410381610947,3.63971913164261,4.9772869732653,2.850114408612,5.05284876868484,12.0432041536382,5.87734162915572,1.03491701969292,1.2648494912506,2.9172812983121,3,10,3
"1644",5.43121848878349,7.97691843630829,5.54693305805464,0.698891120798184,8.97298907909991,2.17025450133553,4.25712660979038,4.30026594334364,1.13421410090983,9.10217308892197,4.44231084787259,4.38935731200905,6.85728627638298,2.11085373050359,2.13124406160328,8.18947922402369,2.5004048856785,1.06811080657382,10.9052402142986,7.6527262854281,2.19112954482037,1.38017515584186,1.9187572323199,1.89026160788735,5.67924185411517,1.41854104568941,1.38356189443992,5.12545552518299,1.53720356564949,8.45426711525663,3.3439121530982,5.48950352648606,2.49897265114986,5.95130127658746,1.22694617485606,1.8914615483793,1.38604006280998,5.16114992973898,1.08168650715051,0.886478801955919,2.06956896978768,1.81256221895672,2.19537745896275,3.8386820637626,1.74206136287413,1.40711581218823,4.3034810044039,2.21457822665629,4.95898524239974,5.25333733851592,3,10,3
"1645",4.12047190382226,1.26745421208104,4.02361028227892,1.73244002173846,8.29142622889275,2.40541433241525,1.87008862804266,3.02677039379119,1.15302192094645,7.65027577408156,2.62763992549741,4.2430139074734,5.39438748735232,4.24019832888459,1.00950938518595,5.12951867347041,2.08477885726294,1.75704664761432,5.35135289815185,2.73127283110731,2.0204582973742,2.63112713219517,2.21025331681278,1.79770876354104,2.61657895355884,2.79814281060403,1.67898958836332,2.03669577253085,1.59206697047633,4.45266835921038,0.388509737794807,3.54891257194768,2.29257213681314,3.74485002278497,2.2878452153176,1.00469161496548,3.63894398674443,2.71663592127261,1.64940618767431,1.51915172431539,1.47451109652938,2.60489292197194,5.40284327780147,3.06890755395065,1.04760355491485,2.49773356779747,7.11659748824136,0.63005657543831,3.22875893720768,6.76758425130366,3,10,3
"1646",2.29015493243294,2.22567667187585,9.85147610685466,2.09971075315597,4.45420710296157,2.04754004084964,8.86373807996016,2.02282854634156,2.03853971007579,7.31008628484238,0.67513989406399,4.76424764280066,7.06868514224367,1.46607358613171,1.52462403440699,5.55330784176201,2.00413685900279,1.84926621730541,4.04753769993818,5.9958744387343,2.52390699365382,1.54315205803678,1.24200865370733,2.14140328299661,3.91426113437123,2.34380811653093,1.61397166121108,2.601106285068,1.14881285986822,3.69895899283697,0.471288174628839,6.03880137809197,4.78893413388143,3.04347988506079,0.907259099251579,0.744985389380404,3.03536997645208,4.15557216992387,4.60095403192728,2.24704462815255,1.84961920133742,1.91310733244637,3.67758235358888,6.42714574525719,2.05395333072528,2.03967659505184,3.23619335677519,5.63873436944966,2.29062811567211,2.82356187753508,3,10,3
"1647",0.612123347320971,2.7832449766935,1.49459172211676,1.43838514540133,2.84434541403105,2.78619617676088,5.3922553286364,3.54699454258248,1.63223358513705,6.88890413050062,2.2345506727293,7.146629161095,3.62508166496463,2.38293160277498,5.30789763749654,6.20491122957356,1.01808349741945,0.413052835234922,2.60013596667923,8.78470827764832,2.23624918454766,2.06740496266711,0.221121700470063,1.22839845829686,2.24079285202337,3.27416048213222,0.820212348580605,3.34753119660123,1.33144388130877,21.5221324333893,3.62802891591642,2.11651517563008,4.54977979146392,9.07629334228614,1.30078378625641,2.06144959433052,4.77973124117881,4.75499152014484,0.534369740342696,3.12178231661969,1.99538762335305,5.10061410037027,3.00386880667364,1.87068709659925,3.45416580466142,1.12626524663076,5.83817181592688,2.67252483559825,2.1591343629408,3.1746809475422,3,10,3
"1648",2.82750769065532,1.57752772891207,3.7145007848467,1.46354901749525,5.18515661084535,1.65848609373428,5.20724216235006,2.28060260278468,1.62665087729023,15.083844039983,12.3464650292194,8.67264536042449,1.63818688244117,1.40166676159004,2.05929486515059,4.96458041586006,0.743587015111062,1.06090600220659,5.34452929698764,3.90258830824305,4.42324911922039,2.46288186329743,1.55394360669799,0.834118426836325,1.19190135564987,1.63038805486639,1.41074229085981,1.70230305406789,0.80424805880926,7.9654622551569,3.27177966847644,2.81800963904069,2.28344951441618,4.81824755191876,1.40732107272232,0.460674430985508,3.28274813306438,1.55479009746011,2.26537818182246,7.83464962933585,1.44254257682877,2.90734576947029,4.16972180689941,1.02198473550199,3.79291627111044,2.74519302380553,6.23637421408061,1.68386926507054,1.40103183868921,3.76351933091522,3,10,3
"1649",2.84910231631821,5.39066759543055,0.597482391461574,0.780838272745204,4.22907553080239,2.73860704437024,4.51407135095726,2.32815159934089,1.63230117833096,7.34358254158817,0.728547920463726,7.70948664394835,4.62771169211544,1.13157785778675,1.5991606600576,3.48105789718578,1.33570829837523,1.40599297970797,2.61761880572283,5.71930111564911,1.72664396469584,2.65593230663261,1.71818643477993,1.93439800974025,2.85046765782548,1.75353181937555,0.927419244979575,3.89559315600225,0.658533946687324,4.49445467515284,2.57385807182423,13.16019944711,3.59124307318143,9.55278952566059,1.25114358232495,3.72314713942231,4.421949402632,1.25907868205636,0.480225456801894,1.49390244617553,3.89252061267074,3.1159789905906,4.55213138211105,7.44864872656609,2.96983192882105,2.33463305742846,2.49919872192984,2.33689525333729,1.31500889701943,3.14614277506789,3,10,3
"1650",1.1309387599952,0.917589017541932,5.16105512963811,1.6522815649095,5.10356618051888,3.77673780539457,3.83160146415355,0.808200484843746,0.930228505014157,6.14733205670511,0.679410380195807,3.49007185611105,2.8039007808454,1.31599779346198,1.63032217444872,3.26754713689763,0.73624139071059,2.64182445273379,3.80162214831791,13.7757176810508,1.33239912812937,2.41619380334576,1.06725629043977,15.5078346239958,1.18449735023717,3.16386221399991,0.761237776604954,1.56643807525217,5.37118896492661,5.76311877407942,0.768326499472098,0.834788826165885,2.74143759954471,3.74130349828083,1.67898595994232,2.62212894923573,4.00519725046303,0.618227204324934,3.8548212295455,4.31089900616517,0.804602771159609,3.49687072474721,6.36191158189613,10.8209164625114,1.14616859045312,5.27306347336969,5.44171566773358,0.153786900859868,4.78541968443352,2.52814638515083,3,10,3
"1651",0.508572595151293,0.901523494757773,7.39796805095108,1.59410819612145,3.27035574319665,12.8833277855128,3.11950032726032,3.48153308185359,1.44084117734241,19.2402694668554,10.8558541585903,4.56839351530019,4.6877538158837,0.826458722513864,8.43182245837646,3.13801958310061,2.59294218240479,1.81309966088066,2.78154259998759,3.11030081808283,0.875594339032506,4.03563404554915,0.567092496174765,0.836973760468561,2.06731981738858,3.1123428549551,2.67738894029808,3.04423503689201,1.44112125230929,2.08203176365055,0.406408344317245,2.41463165558182,6.19482543702955,3.65259371739798,0.837705665850902,3.50355747957957,2.40923767066829,2.23457102691888,3.62692689493785,0.843443817857466,1.30711171256874,3.58796243924423,4.16219741838746,1.64735527645278,1.95613321859132,4.02373291472114,6.7151263242313,0.237880861186318,2.56953119982543,3.95769509778854,3,10,3
"1652",0.959797569804216,3.97256830035119,3.16115517272361,2.04155476259362,2.66192995705422,7.12866850616963,3.95110156748773,5.07498557373591,0.999223397090096,3.35026437878328,1.54548060025446,3.25836098162993,0.796359950911444,3.46968329228121,1.98407844495341,6.42984395137555,1.37523539456902,0.530018975189646,2.87418455930807,1.92851187972071,2.07884761059758,2.65320701135497,2.32766173227443,0.997313027789601,2.44463640027266,2.75186858938872,2.49615210161887,2.6209840138326,2.11274654014116,20.5361470221504,0.812732807378882,4.99412922239272,3.31655235632026,3.59259220116385,1.0382177244847,4.13456502747138,2.18411768481464,2.29888206955672,0.90931701633032,0.567873378522813,1.2131988385645,1.32164609753899,4.18967083306042,3.49281677213832,2.935072764546,2.02366303289576,2.42390719128656,2.81214116733727,3.00964839475263,8.57781442748959,3,10,3
"1653",0.874019922976592,1.10148466106359,1.29233536650545,2.15173674632453,3.80480841807528,1.72612227758538,3.83023187456495,1.82713576311545,2.29982445338312,8.59032412090904,4.11312495596854,7.46929497174078,3.18558702022068,2.2296823955277,9.16460834114226,4.48178583350874,0.752671894366561,2.11982330633112,5.74791675051912,2.54435589110015,1.20886826504421,1.96417636151863,2.4844726060533,1.67666200933046,1.93556955607479,1.56587870266117,0.541386959248989,1.54273849136734,0.91563747581194,3.7976005897081,1.9088112306328,4.08918757642586,2.51612578590523,2.12034118488574,1.4596901801056,0.663176565561923,2.4035903121316,6.86709324143757,1.13139970721383,2.01870662015069,1.23840430777508,2.90007722198489,5.06077737191243,9.06138024076448,0.946739743740514,3.77142150925772,5.57405175291411,0.26563013813252,1.28869831730645,2.52458499515939,3,10,3
"1654",5.96025593621351,2.73586711871943,2.57465436384486,3.32407156293314,2.63028492861237,2.23402957253305,2.08766119363943,2.27683575609633,1.07955271597751,4.2498929810388,4.79875749179901,2.77355495917408,2.21055386258555,3.54367257917698,2.06569076353727,5.15144313787725,1.07338753480233,3.06752205570743,3.79507420897259,5.74226995750754,2.90253507985736,2.19378966250172,0.777256005060827,3.43250827412612,1.31554975342947,1.69294090424082,1.38674151302001,1.67295029871055,0.697644164385935,3.14418665389917,1.52168894075628,1.66463057794254,2.41136676979237,8.49388676570709,0.759354617739674,1.46370052656769,1.49656759508398,4.25385017261941,2.70229854811307,1.38385360971476,1.2421585385263,8.02038786263243,3.00765420473379,11.4232336055618,3.16703041343295,4.77246728492581,4.85617229963752,0.699377392765299,1.46010376941309,7.21906568450983,3,10,3
"1655",0.674890704398695,1.9291151618537,2.17874176636783,1.95539900218301,7.86364064450338,4.19185100685657,6.10287557783838,2.42265308262095,1.01649954559404,9.1099856207998,1.23403591801972,7.49462062762614,1.5292241406791,1.51592760331549,3.72218637226114,1.58390775190686,2.1791139645566,0.730172552137251,2.26965504046653,1.48437280521163,2.33934305293489,2.39630549254858,1.38275747476263,8.58133558726315,2.87009158224729,3.0514564745722,4.57330521604119,1.56369035210634,1.03222123922102,4.02507472099543,0.57272284784624,4.40856630575351,2.09146262633526,4.60226162526763,1.83218149474435,0.444473845599637,3.77254579529553,2.84672819789202,0.656062606655682,2.88960413934169,1.83143047448513,2.03946152044109,2.06647514855617,5.70037025416517,4.90176349452459,1.58001049668942,2.30866341507953,0.495399731814446,2.55963576260832,3.871484553289,3,10,3
"1656",1.17112100285004,1.80229489013141,1.92979144483835,1.26685989137237,3.31296282873796,3.58484232305306,3.20469632208955,0.801548354088526,1.62569690202564,6.24696351332498,0.762959652327412,9.98183835190297,3.98008255491322,2.51799150775884,4.84748941228922,11.5584265506424,0.550124811352964,0.58184772975797,4.68378291926726,6.04216225107302,1.88665069035263,2.66348546200096,1.34465736243385,4.57317732218097,0.934934327301443,1.80571484756998,1.11241453075744,3.35020357999035,1.21986063818718,3.20482685281513,0.827664990900014,3.2439679269966,10.0767367923201,10.7228698426696,2.2071998604015,1.45325392832817,1.93534025095167,3.39487869140347,0.89633842820447,2.58081364493596,3.29207525959343,4.86820051946207,4.51611625591223,9.42770284961732,2.73157007571828,1.51324331350558,5.72687378294431,0.961153514502619,5.6590628515932,4.36558696900443,3,10,3
"1657",1.24638882265794,4.13219036936838,2.9791976768235,5.32486288962837,1.3062287294487,7.36657118258582,1.78718381654251,1.2048069764198,1.91444764582052,8.46921885314991,0.584834053199233,2.84067070056483,2.44556821486554,0.777409768504998,5.11398521536447,1.93320738769706,1.74452986677971,2.92293566389338,3.15287405827373,2.25746474479348,1.81817559836107,5.90603022987893,1.15458933231669,4.95071761721877,1.11966002258593,4.73442631435373,0.387113275470049,3.67144245233926,0.591061700547251,5.52346242553243,3.96399376614244,4.25532511845294,2.56756205587653,3.71563663082129,0.757574149470063,4.32927367272558,0.358629368445883,3.48320775544131,1.93932526145444,0.59667584927035,1.10978292601057,4.41268994494979,4.200525388845,6.09030795624173,3.52520444672061,1.93655883356771,5.13044128507269,1.11046020190569,0.853663370204966,2.79759046601543,3,10,3
"1658",0.461553639008995,2.19497802264747,2.71068012270271,3.43218028426489,4.16827927232364,1.89918342752345,1.82721952847938,3.70798323043224,2.1990423644601,10.4065960407517,2.08109436537316,18.2339245924953,2.36069786929712,2.58893668808545,1.42686996820006,2.63073188248394,2.40361996178152,2.65857494075904,3.11186596072423,5.91106979057141,0.39846164520781,4.21958732924845,2.0905041906133,1.50631019334048,3.68178519027352,1.79894186824411,1.44792591348692,3.89433220791002,7.59601924314834,3.70469589899657,2.1251324979213,3.52169346000271,1.09717520117377,5.6872444692735,1.43976630777997,4.80824559131957,1.49809750794786,3.60017552997854,1.00432328219179,7.97899679767182,1.33952995193872,2.37868833104347,4.34975611636174,11.9934066627262,4.01395615913741,2.78408254662843,3.4697432610705,1.68133873861697,0.20081766297286,4.55726447733664,3,10,3
"1659",0.457424383455969,1.46997157916599,4.87064247360863,1.76162571398462,14.2422044713215,3.16549990020614,3.9539122081802,2.80916517383878,1.15321913402079,12.1401352591368,8.97871372260427,3.48569194537931,4.28739153983586,5.18352909690655,6.18497821758434,8.2630094695728,1.45416615101919,2.16147001198422,2.41993831034628,1.14871270947204,1.72923345000022,1.91517336635445,1.57117969509352,10.7785764091361,1.30415964993204,3.3023943290406,2.20402553881243,3.14140897624268,0.770732814341376,7.96481663374962,3.63773803510875,5.46024032461553,2.51200243430169,2.56395058302903,1.35123119490993,2.33922236445937,0.769085279929585,1.54340195681735,0.984135162908141,3.06364814559708,1.79456504539382,1.55799398407917,2.85612951913901,3.26870353296043,0.620914529816157,3.64314618780561,1.3866595278547,0.328686847476278,1.34357299858034,3.09520945050957,3,10,3
"1660",1.74416185251229,2.92851985365386,4.14943629187655,0.824850866407077,5.37641631760125,3.49256952251213,3.59716674602209,2.30467852215053,2.5029466425822,6.87988524707068,1.36436647009136,9.44018112797737,1.19061398752252,4.05006523301952,1.9804977133142,8.13839024982548,1.2335422568723,1.95661327397232,7.18950466849666,4.22233903865846,2.24314437783485,3.19442097227346,0.6964762675703,2.41632353401358,2.29168181300127,2.69161392113011,0.961204594765185,1.64165291613584,1.33911074134202,4.72111721540616,1.73704033241687,1.62911728038414,3.74686629841459,3.98241491361857,1.74526399566674,0.659781898913636,0.965117258248544,1.17625606873781,0.152855285612185,3.61703409584934,0.88754004587083,2.8333972032386,2.8896255835329,8.72685315656559,1.68238180732795,1.34468810898021,3.2644031128966,1.53295558154491,1.83516704073612,4.96244467434355,3,10,3
"1661",1.20369244759293,2.68096349516648,2.01318863992931,1.64333329830637,5.30608000521213,5.70443779550793,4.52314283176148,1.3414947749535,1.28132722374343,9.00507799053539,2.33019119972734,10.0155189900346,0.566007151104114,3.06248066633398,8.0018481634156,9.07575697183637,1.5466685349014,0.784025593564159,2.51004489991804,9.44001590734759,1.99987526125601,4.71847647640481,1.74926646258806,4.23711603777213,1.07255637194825,1.66842025883188,3.10530916167313,1.81888961945092,2.25597770580523,6.5290261336762,0.462343847460424,1.32816730598544,2.70251121200129,6.34293223819374,1.32519503136685,0.705072983386056,3.58179218952623,1.23889088389292,0.924471770044286,1.3829045692027,1.9862170205815,3.68301321544088,5.50658169463057,6.88764288765457,5.33389931817515,0.8778853241581,2.01168179641469,1.42494076369409,1.1518146351141,2.53199565891579,3,10,3
"1662",1.92935725857822,5.77899032662017,2.24114679323634,1.34780184595739,4.60442795353872,0.869705086731387,7.0008827398259,3.49446678470051,2.04869066731226,3.94198257129054,1.81397225363599,5.33026464474592,1.42061563751099,0.930302989579475,1.85092483965143,9.64606298054963,1.6537809430614,0.299401783919823,2.36010422633065,9.12059249752115,2.11389685959684,2.59391709853102,0.295988054554505,0.762805715797664,1.44051271390355,1.92166389785243,2.7429526258695,0.562349892788963,0.819340010700902,2.70125197614076,0.897827006706818,1.67387768240862,1.55021772545288,2.55646229552229,1.50688088688313,2.78653850508873,1.47382754767416,1.13299818289292,4.34344913410028,5.88451525431479,2.44483128385826,2.95000385511279,2.17776142036339,4.63005853896231,3.2798979763938,3.24943246852029,3.12475424280935,1.567510513971,1.76633891879092,3.47022166924088,3,10,3
"1663",3.15890781863202,2.16176796096478,4.33368615744804,1.57941283859258,1.94230587438505,3.4494302317804,3.53784573646501,3.78322804213657,2.38879540228162,12.752631611552,5.12871453509413,5.02663390947542,5.73960742192226,0.483723295880263,6.92853856762326,5.0146376617692,1.51943781915519,0.370013355555266,2.28475691122876,4.23271248285496,2.05523742886731,4.19318424492456,3.28675144775182,1.60140689925652,7.59122679645163,3.72913397625891,0.488184749973116,2.65242825435318,2.57351152077211,1.9984595541815,2.36627577866383,2.88666342510859,3.90927832274767,5.3773994976578,2.7431991813563,4.48173124651878,0.672457637829724,4.70945354782737,1.80115958213009,3.99247185238119,1.8371654145979,2.27184261722032,2.81050114278658,9.33945267937693,4.04258982651885,2.76280607932216,10.4177585000076,2.21533385093362,3.30709287300043,2.47365710301952,3,10,3
"1664",4.62579786569869,1.48682534949428,3.98065544454239,1.75872694950541,1.97365652846966,1.7332733048987,0.829898172173855,3.53699920581731,1.33300118895616,8.79089123364069,6.14811681946465,4.00367565529921,1.384512776242,6.15102699862399,2.27438695234743,5.08986774190122,0.818556956025841,1.81054696581191,4.34159551772334,3.35773765501131,1.11559410387092,1.25914592106926,0.337171757865359,2.53741115751238,1.84880931802197,1.89834007187019,0.884231957605324,0.674708631394042,1.00452844286774,1.47785232697922,1.4243981546881,3.07308073428338,5.07130812189263,4.95499856721302,0.541513664721453,4.40306605816336,3.57365232828893,3.32899610098808,1.52532213537976,2.10345638378995,2.89504662895644,3.98723350623018,4.47904431407901,1.65216937097635,3.56322963503393,1.20110555088234,5.01216837407,0.77642593522686,1.50720883506093,10.3098557642258,3,10,3
"1665",1.81495313255612,2.24645243182707,3.39785574208708,3.51381698800996,1.20503855598162,6.5486438063597,7.7592838347687,4.60105447832353,1.12824021716531,4.70909880976643,5.11906199894194,5.45349383707105,5.66743269991443,3.38714098469173,2.56875592630197,5.09774799477796,1.2937613056192,1.61340723352889,1.16900870419559,3.54354019518826,1.92720344861398,1.53220877522242,0.402768717345262,3.83507272838136,2.07921800360694,5.27204582821847,0.869847389651662,1.92818773058197,0.661723380940539,1.14170824069857,2.89298079132647,2.31397684352972,4.12017349391665,4.49615186292839,1.11351983360164,2.59231049778702,2.2681282571513,2.97262963899979,1.18108849660686,3.72252560539982,1.01947824950258,16.9353962564022,2.94950023749493,3.52648662232623,0.501091478779569,1.14939315457315,3.11792902565019,2.32472336926306,2.32952728343925,4.60096048764147,3,10,3
"1666",1.02139361942763,3.51730794813404,1.93407861337542,1.62745109828541,3.71706412512739,7.20518716256479,2.73321926921133,0.577962737920033,1.65394102753036,3.19744842531974,0.676149189795651,16.1365718471924,6.13620799992091,1.56146414194168,4.95009484275228,3.98578690425938,1.25293079370608,0.685068773836341,2.39455782568192,8.77779352852649,2.31913819385688,2.50427171439879,1.437496054544,2.67446024648108,1.96824692256281,2.95577669135039,1.02239123270123,1.14523203873995,1.55158431162406,2.97382661264392,0.242493378440555,2.69166603236195,3.17116941793445,2.81861862178837,0.959923180402407,1.91094708797741,2.5773602522784,5.42503749560238,0.273685310231075,0.576537770239382,2.76348742914178,2.34937057272753,3.63119603662847,5.54384770023571,3.31103044795282,5.35813879708665,2.31543921266583,1.37529316036708,2.26191585854614,3.23742814057448,3,10,3
"1667",6.21560897084747,2.45787932382776,1.3076275309293,1.32496247880625,3.43322174630855,1.66418175448347,3.10731804610288,1.45959607064683,1.07477399128014,6.76267136367135,1.43181106883829,13.1179724688647,4.71274758193285,1.52990974377511,5.74329482353438,5.47321289507796,1.89953348741479,1.18708982972036,2.62069326164057,6.06104501591158,2.29394895488382,4.70686808384061,0.729814635641836,19.1788779764637,1.5761365247604,3.78654497996482,1.38948477577217,2.60060644493525,2.01570849259021,5.84629605871512,0.209686196818537,2.11893684039063,4.62344037608906,1.68778982775773,1.01528390411895,5.18660638937852,1.71054426879592,2.21661843145784,0.383292693328318,2.67073702650373,1.60834635889028,1.92484732855396,7.20906371231506,2.25196780897861,3.72985956988669,1.63725413201583,4.89263812987925,0.136271703819813,1.65566492041421,0.878479685485222,3,10,3
"1668",3.32931732332697,2.76372872879128,1.72949971047199,2.76182305346455,2.71980814787119,2.00812038519267,1.24600847428145,0.690481508723328,1.57021655627195,2.65156416069125,0.914141590264783,6.82928117843986,4.58133889995381,1.58135610458842,4.64764530378231,2.72099904991116,0.400812352831461,0.676497532612558,2.75305130689425,5.13703264845386,3.09360097306544,3.375761656163,1.19384920580498,3.92026155202001,2.61818265904877,1.70135064636211,0.398114102276257,2.15567660671272,1.68802868222983,2.41717355948003,3.58678460695857,8.2526019252985,5.13191787062732,5.68675052019665,0.456084359572638,0.352432346774134,0.78694804921658,3.09857667427694,0.912221071121206,0.398299866416044,1.98093033294157,4.18249590562493,3.31546417313703,4.24792065017859,11.5201180201894,2.91034308407593,2.53970175130634,0.382531198149456,2.74098820023983,4.53376083719047,3,10,3
"1669",0.554447384979303,2.553074957771,2.21508983112409,1.89466338588964,2.00422360176176,3.5378105139082,2.32446758056852,1.06127952475677,1.7348165278612,1.76165931091776,2.51126541474012,2.22002076538199,4.42324771399522,4.47206350710009,5.78355047100011,3.8227556590879,0.806774911520837,2.97447255389634,13.6938953250557,21.9657393899627,1.01854501764208,5.83773667000224,1.27642591608615,2.68379417895135,1.58585244634455,3.20013761792554,0.96901885525173,3.33369784519349,1.65025262473646,1.67690092402763,1.31060878156709,2.51241939616215,6.06785622545201,6.09729659165633,1.71178200160666,2.16075560979609,0.748500431146182,2.30140742556761,1.41507069093252,1.10732926194704,1.33812587463412,2.01322246837798,5.07533785772608,6.8308221092024,15.2783485433789,1.75824437652162,3.89011513168839,1.28972424572893,1.82452333588796,2.51344022185085,3,10,3
"1670",1.01508952241784,0.406354856974877,1.88024005764861,0.882138556189427,4.64369379800079,1.78957081307104,2.99815705914286,5.40149408418064,0.917126248630389,7.98213460008593,1.63916878471478,3.55543959781502,4.18373308047302,1.72667819843383,2.24920365613186,2.10013156049193,1.78924505066538,1.16733684425738,5.17866860294718,2.70620050223838,1.76135261705891,2.70399669030942,0.75946985730382,7.25702052473776,1.04372237738594,3.15603312958287,0.7624455249763,3.68131738534184,1.98792084712063,2.13375689496935,1.35758301027148,5.95872507928444,3.05339539340569,3.67329644589834,1.24617963205297,1.46812187189408,6.21630003517366,3.28871794412954,3.1736158229168,2.13182277287997,0.677590499478556,2.0221344415396,5.39336001207216,16.3677662041749,1.68374832969286,1.54813249465956,3.10584553414955,1.26700797150696,0.265989229071077,2.99456934723919,3,10,3
"1671",2.01610829027134,2.33307374994991,3.10478163765043,1.06785645732221,4.90527096487991,4.93527175462883,2.44104711930311,1.69336346895026,2.73742994584756,9.05072205053225,1.9937280767063,5.84120652237714,3.84776136597318,1.25641073085209,2.07532795999563,6.07303564262094,2.07966298134546,2.14732908422648,9.09870650478816,2.88583171278175,1.49174390040023,2.51680089646812,0.892574285891747,2.4951209964211,1.50393419660566,2.42170863895425,0.789753989865919,1.945546768378,1.36826174227758,12.7416937374704,1.52480326554151,2.50411943525935,5.17699559272762,14.7233474243555,1.30835545399128,6.3532250372302,4.47477987304265,3.59091388337003,1.13355014199756,0.506801831808036,3.2102938297628,1.81881451433313,3.3415151442162,2.82872724221133,2.20368357351369,1.10980333357394,1.78910823173346,1.3313741514826,2.10879135648846,9.02324507853285,3,10,3
"1672",0.984417739184061,5.30234892114771,2.35066776634589,1.6427070258558,1.38825146466478,1.44052868107026,4.97229610617124,3.83107357732258,2.3784725380718,6.08238421308758,0.991784130147947,7.11744635917614,3.00538157562501,2.05782399502313,1.71889972652509,6.98250182752326,1.93003812697607,1.25086819814312,2.53800544748262,2.28871683671944,1.38510984672125,3.59872553100959,1.41212825135075,1.62271750823295,2.25714207367699,2.23743350518748,0.918517372550556,2.03414844988934,4.51858171091333,1.97707080250835,0.981042511163467,2.44213542926764,1.98362162956228,3.60290589867052,1.93436306665452,6.29510797367781,3.55419881306408,1.03268355618972,1.6873004185014,4.34196096488079,1.88974919931723,6.03562619471256,3.07069619920183,4.4576697773494,2.02819203139618,6.80630424102235,2.55045914021244,0.594835856035629,2.73257929444372,3.35009839566503,3,10,3
"1673",1.24558673844902,3.63909087378372,5.3619484883938,3.45360730158116,5.19887963879263,2.42143206667093,3.88524879807061,4.99339089658081,1.47392579127688,17.2826453574403,1.57692705750433,5.86764202400728,0.664422694342463,2.13342110651951,3.59812289010373,3.81651808661288,1.95210476255646,2.58208950230293,4.82547773259102,5.6056967744062,2.29576057671684,2.20793746069259,1.25847414706796,3.63840403743389,4.2931820625642,1.50063308422389,1.38770461269241,2.52102154215427,1.73952018303231,3.81566185656752,0.376498451795677,2.45707741687736,8.65847396112161,3.5080154803022,1.09153149454249,5.34704017337185,2.15426203755076,3.22379194931546,2.15943111826008,2.61418600527751,2.97900339367167,2.69381464437845,3.28545637663279,3.92380833990929,7.9277956697405,6.29396364899841,2.69519588038033,0.640123494040606,2.14246168592965,1.53911258095799,3,10,3
"1674",1.17321696482877,0.971695723121483,1.15611365851879,2.27156617423216,7.21797882986663,3.71359796592421,7.35256212672044,1.03794186018072,1.53160360151598,9.58262468949034,12.460023288157,3.68921501650553,1.54605979611056,1.59081376574226,3.68229190992193,2.91552410798485,2.3441957474986,1.15248949489433,11.7133566803984,3.49409156789687,0.74735259991044,3.73824616305232,1.27163023546345,2.32507748121432,4.46047971287488,3.53708827462011,1.20345751340824,1.7534248525105,1.3449985802386,16.0470413739463,0.394392495021549,6.4934784725036,3.81064155710914,2.52417191980216,0.940079909549972,2.59742787416926,1.26445511761403,2.81226426354842,2.15262882134775,1.70662399552279,3.11327832927567,1.92597019612563,3.01028968242487,4.93965243054367,4.49163404745424,4.15541699115323,3.76070643958397,2.2941263449556,1.90053247730192,1.6203780971053,3,10,3
"1675",0.757267914168936,3.56896776090867,2.82647337858142,1.74296160147837,1.43219735003228,12.1896271513705,4.47714031298639,0.584960427915069,2.62532722345652,8.89666513619037,0.539886984661953,8.23286090748943,2.21376430373992,3.42038700180226,2.30997858102257,5.07450613760575,3.45377770928284,1.08497080505235,3.72940917661077,3.9300169910633,2.30681585477752,3.58646580715031,0.466232001705094,2.36035169491506,4.68064477912681,1.60598663053459,0.97819142782124,0.917928584428826,0.662000259306759,1.94500661041929,0.880302848495176,2.95791225592651,3.16787627176795,2.68697212675806,1.4589433954545,2.67912204128743,3.72882849901209,1.97458390941648,0.236147498570245,3.07598479760217,2.78226998931588,2.69809458065228,1.61532821774096,1.55583851212189,3.08324255651112,2.87518516310139,4.407919966838,0.424519766973979,3.78681006707486,1.21633459542126,3,10,3
"1676",0.913754173052057,2.13404724254781,1.99569315987875,2.77274345263147,3.19534192273156,3.29030959862863,1.63422132010906,2.05547050121517,0.999779723459697,2.08566501186075,10.2969495715462,14.8027074374069,3.14687136793105,3.55873187964393,2.97072195435718,6.24030705677149,2.64258736219532,2.27356023576253,0.853484138735067,5.983415557517,0.778425202904768,1.82423386865333,0.907165496505335,1.59861929255546,2.88148590704272,3.73135562169853,1.03380620546456,4.07407958970644,0.622837069557678,2.32413833730986,0.3497483802345,4.01753030343144,4.10876796252565,10.4813691027443,1.33187774536605,4.91852657982674,3.93416518950378,3.15532061139991,3.07347744461282,2.67292613062154,2.10664883650784,5.13369433979899,4.02924609217056,1.41303205696665,9.18682121276073,2.05230030545662,1.72628677227133,1.54261704900673,1.22056445545041,4.3128984713737,3,10,3
"1677",0.526031356463421,1.70748268019728,1.98526540243312,2.91459596288616,1.68248665697154,4.23092421732907,1.14556313121723,1.27060756703436,0.913596380262581,1.549253749419,2.97607935167602,1.67245803174733,1.6101157220202,4.50379748575237,3.69203550076534,3.45025584933476,2.74266683861837,1.28925866610085,1.43089188231946,1.3353309570236,1.18080979882193,3.25390725908802,0.957142624146842,9.96054464917536,3.2649485013747,4.25813890250642,3.56858687431271,3.44410137215106,9.01976186052044,2.74083985547389,1.11013508833123,6.58568718140572,3.2941961553007,3.85868354945521,2.81213928490694,4.36786843551217,1.07218892981076,1.98962249898207,1.17495166495999,1.69753285027494,6.08422071090363,2.32218153853414,5.36748571833864,1.95061860743135,5.94511817589573,3.60546661095347,4.26705879263648,0.40305005742243,3.67753005428118,2.64835493758128,3,10,3
"1678",6.51640730439962,3.95294356877893,2.08950147245486,2.03270440355952,8.56322459317212,10.6001063839585,3.05209300902443,0.876514057718281,1.87146623276941,7.54757244692504,2.59874903433903,4.73012490434348,10.1955135478906,1.39103306028347,5.91223950312805,5.92246571722679,3.45883968939507,3.84647904431423,6.66352947810558,3.12586915272542,1.47678996660132,1.88093973928692,0.103419319137373,3.86703049470595,1.44776039552596,3.05110441976855,1.9548202748401,1.74912213268893,1.10197540478181,3.88743346336633,1.19076706546027,5.11844714289362,4.10426552909401,9.3751639063234,1.51029954399556,2.63456760804996,2.28979813173149,1.82169626383723,0.65188162485627,4.1807731489505,2.23907062519412,1.37822517215218,4.22487958268397,2.35757999115731,1.79504482279363,1.67568489761141,6.63256538387418,0.292871668105182,1.20585727520037,6.15265998172757,3,10,3
"1679",0.874127243768042,4.03723310826392,5.54506820076688,1.76199847301436,3.04110892647113,3.60852754458609,2.5324519681322,0.291201750869537,1.85288637158792,2.90681117910796,5.11041745986829,4.53777090198152,3.35569107891155,0.58063604961424,4.57685256889702,6.5187721028578,1.82484726541367,1.11738332084825,4.66810084192828,9.53822505882043,1.89686107147841,2.65018084415788,0.475511970437578,1.80219149733168,1.22428575260327,2.50231302612415,1.34857257448386,2.96721925711491,1.02720054904636,6.17940337281527,1.59195347933694,1.96250688542556,5.98870003971427,12.4013339667112,0.663841932236974,2.61233694344434,6.40650092145508,2.26460154164456,1.21829807422907,8.68170913827819,1.23477403583882,5.10718205546973,2.48686464352117,5.76363198101302,4.11489144673235,3.41657301942155,3.66882907036318,0.682366752644441,1.96058556424696,4.94139300423668,3,10,3
"1680",6.03975432269726,2.08912017062207,3.26377542522921,1.60300331409811,5.69464313709351,3.19582408038814,2.18400620313869,0.710835966040148,0.78877669451419,2.96388574102427,3.14814560975188,2.31233430735714,1.35751134195832,2.13642435846665,4.9059745554135,8.29193363076092,0.955781274462826,0.805725676764672,8.54634719667668,2.73515211719977,1.17824214160365,1.51706087309482,1.53617961119608,3.56262655724845,3.16581926712047,4.1474678270267,1.5610345821063,3.18932403478414,3.6038146153482,3.9927686760247,2.20140384424009,5.26520787125693,4.00822961266232,3.65538246120338,2.47285707127929,4.02262803136077,4.24079459260712,4.73009669045733,0.505512366396274,8.26412666119237,1.58747341676711,6.00713964198903,6.92399347941757,4.62850728806001,1.6651977651262,5.54429901178385,3.5540741651709,0.66044476912718,2.71335546596228,2.73064552141151,3,10,3
"1681",0.501257687683788,0.571178808540462,1.35533337272742,0.814217931070563,1.28096709186699,5.48533797330225,3.50016102585279,4.4274546334306,0.966364029040438,9.81127677466847,8.87600057102597,3.67656114609959,2.39414714630106,0.532421317819857,1.6523110053754,12.3079507776375,1.88299567865423,2.31141240349625,3.35495250544474,2.3674654136427,0.855613105392424,3.49454694270429,0.445178863366439,2.38918837902049,2.2987197282377,2.79684611114819,0.888288045884235,1.86645304314368,1.49321172240936,4.26131738196799,0.34869548745674,0.801972951843138,1.87100701908212,3.32985341695138,1.81791447409455,3.45801742971049,2.37934148111477,1.06900078361523,0.209125734630101,7.57194059614287,3.83958437271759,2.52975770822428,3.15416312359834,4.86302099991273,1.69408170917097,8.67761943043109,3.24424814219606,1.0928034791474,2.55111258354943,1.57746442936401,3,10,3
"1682",0.371918710605457,0.301260079503763,2.42009284107844,2.3574919341307,2.63245249294869,3.01383202584339,2.71390421445012,2.85345694232648,2.66446692075785,8.57426043771589,4.08492693325054,6.37369683142679,4.71591609010098,5.81109640504632,2.26462062529843,2.09645372089058,1.04268024986315,0.46210755066515,1.01946265272355,6.67068407381398,0.963914383581375,1.16718739784902,1.73737687423189,1.96489345763414,3.6272492236621,3.44305493454878,0.738327606320642,1.47516659923945,0.763607103048117,3.03048682082147,0.364692147799374,3.50800849011263,4.19673348598174,3.51132360367943,1.89311534485831,6.45464413409074,1.91220281907121,1.32678264311302,1.18295142971516,0.620957729793866,11.4291124696542,1.49997556477854,2.52773624676927,2.56648530775991,3.59836757651756,4.50872230650336,2.50844378153707,0.273286631516617,3.90962372036245,6.70502903272662,3,10,3
"1683",0.359143473505697,0.748957702726008,2.08718921934396,1.92713003498971,3.34064799845106,2.57087172653091,1.33812374868145,2.14725406429694,1.06172898367548,2.55538647657601,2.75074935997467,7.30147645137677,2.68288372050703,0.609572213598039,2.35093874875108,3.55521609020391,1.25902350515315,2.77324551189804,2.52518377922344,3.20427222637067,1.60304674141264,3.54255091366021,0.253567339594167,5.79959421560563,2.93857316875573,3.00742170098393,0.966044975813507,2.28250599909074,6.94412899925483,8.43744922285583,0.583021442918206,2.918984370053,4.7146151013279,8.33104227624612,1.89932369287185,2.70493145111931,0.593926433401671,1.61553994716851,0.881621515540412,0.699194628246376,6.02219678520605,7.76637510630514,2.76781950465117,8.99915262940524,3.5721655576026,4.12112332724715,4.70856228916781,2.21581120680207,1.98106227911469,8.17739208402473,3,10,3
"1684",0.969840818763377,2.23978447728905,2.74393199748559,1.85608539194271,10.6279502120661,2.1503079476317,3.97414471525399,1.45199280937125,1.24588086195852,3.95198748435492,18.6656553804838,5.42605745752658,1.68466188838405,3.53394957741836,3.24937265575318,6.03532053897665,1.45878162960058,3.11479399232229,2.19124663502313,4.50247431946542,2.68181847858139,4.64300676589813,0.684090449647939,7.09997924086186,3.38357763130407,2.4776280952427,1.34915255695149,2.12300295927715,5.43215259864638,4.12753149566798,1.05722529071079,5.83703347261119,7.57403340173125,1.64007848805619,1.92824007823702,4.78919795409218,3.23833870759834,2.37639257640499,0.98727689858793,0.973586275466051,2.6455225127915,9.35798608559081,5.85520629927209,8.31750441793235,0.654235258863126,1.76374159453059,3.37416105468995,0.844218514921936,2.47782745263915,3.71415684092311,3,10,3
"1685",3.96238817844655,1.86318040944443,2.10009074880696,1.6035918990304,2.8024227007399,3.27169281240796,10.1169336038094,0.42805171516821,2.10573270623693,11.8212579504358,5.03943356577351,2.65706727174845,4.17074843570137,2.01285441893367,2.06524444089772,3.51492657535425,2.60362715317519,1.87979660409591,11.3568733960802,6.39629095545712,2.26107231809262,3.29183311664681,0.945496340898331,1.37620262951661,0.699118056060414,4.25214892634913,0.662889485568073,5.60470315002374,0.803733081102055,4.25253796130358,0.670727860480539,3.5052642009924,3.88329307608521,6.03006902709298,1.7187982143642,0.760047399706452,0.653014978523574,4.39467221203797,0.466450838580738,1.32916956995812,0.883373812923671,3.77133625405327,3.32317983685399,4.548894297586,13.6214637162782,1.80291150992629,12.8347362031935,0.238810153573572,1.24239931785993,8.32546898273315,3,10,3
"1686",1.68080765150259,4.66168348818471,3.93173537900634,2.39320490529555,2.80534425987791,2.25242457727517,2.94844552038953,3.40924790690478,1.24748450428957,8.00308748915128,8.4363553303107,9.69909036192849,1.5723103419283,5.99628005774737,1.8970069972691,8.98041636347045,2.77251217413992,0.439816083620477,2.62373541244683,11.0713329140019,1.02744055814452,3.65190063127432,1.18988404903662,2.27140430407778,1.44772099126891,3.93028550348562,1.19910558499619,3.15703278973054,0.742453193979069,6.12183636710971,1.70033516995138,5.31571126053631,3.648202746207,6.15003023897715,1.30166792734235,5.27175866282501,1.28679331253905,2.20129385104973,0.601187649678092,1.14176716680065,4.22251266204714,2.29444436565292,0.726880883100446,2.68543733143795,4.14407347924216,1.59728416424991,8.75231214084746,1.09590120091469,1.64287840955749,0.524450359889835,3,10,3
"1687",1.23191509886933,1.22783604610886,3.28911085788077,3.83785845602612,1.53878872241239,2.81654172842755,5.40235348538917,0.654209260057696,0.819557611085885,6.25682283578854,4.9792552652799,3.24225082639292,2.90477818474607,1.57464396493772,2.99325115087174,3.41709237071991,0.389480484562085,0.167883933561725,2.16754255853352,6.48531624251001,1.15097968318497,5.14760853036841,0.923860993950495,2.44705844664312,2.32278373149187,2.72935634967576,2.44932039515242,3.96654969276645,1.21969095381242,4.19177362816993,0.350005528711723,5.16253551913487,2.34844136022959,3.54126346668529,1.67719252382249,2.76467217933523,2.40701740847782,2.69104517548884,0.436013199597224,1.5621093185779,5.69742174125227,2.86928142230586,1.63026698468365,5.5733853253834,1.96943204645894,5.33280921902752,4.38028645318346,2.07323352191312,1.80574532298936,2.98700314117152,3,10,3
"1688",1.75833843733418,6.60515982642806,2.54182528337482,1.48046643831747,6.08046825531776,1.52939894326503,1.44812783632832,2.81824132152662,1.97385698015171,5.00407246354884,4.97679376802388,3.71704971664193,4.23668952118651,4.75234304499486,3.07388250888868,1.49667798576152,1.01446412934897,2.8332162548518,2.59871543262027,3.0027514782844,1.22564044319853,4.11380490729486,0.887270724661761,2.13059768291165,4.96017297231048,2.35605711665939,2.48076662297702,1.01403503894942,3.01400496280139,3.43729314285807,0.313234806289931,3.0549210675573,6.44026139233775,5.10701839551998,1.9865023882349,5.63058267743423,0.535088984348416,5.54263926474852,0.885421413130681,7.11150557957701,5.36430360624756,3.06042202131152,5.04811676120196,9.27329859759464,1.22860251740579,1.40428640649475,3.08519954083701,1.26319838397399,3.50596293216366,3.64560522912669,3,10,3
"1689",2.04351184158915,0.924038102524107,1.39652362313906,1.37898129354762,3.87802014754251,3.6187241894587,4.54803633264271,0.597877353966851,1.4947188625259,1.98620937164157,0.82547307584308,4.13922584945191,3.29290922778371,3.57567843499308,12.3655824480938,6.87282703926448,2.01304779073323,0.717882787930149,5.62685564889811,11.1012728881038,2.21766217298766,2.50918066393471,1.28841204106428,4.77638938947384,2.86141597286503,2.89272834724668,1.14383562479305,2.70922514348496,0.753746151998445,6.31450080448777,0.273554055866588,0.673003224780456,2.63116491194034,3.17303367246921,1.13474196209591,4.28151431654857,4.96263349299786,2.52475085025748,1.61769271227605,0.876032580954615,2.21566903756718,2.56973211383778,4.4745835229657,1.06344492929461,3.13917265670253,5.68582737494802,1.75677357139072,0.937333385006035,2.03865136751975,3.34439969846102,3,10,3
"1690",1.61278587065708,3.08803268599079,9.04183656935317,2.3658595145654,2.71114130715907,45.7684695726303,5.10227054810367,3.69588943352719,1.4878210156494,17.9604571736547,3.85091263883899,6.96760314429233,4.45600978871651,6.38838518483937,3.33503519640695,6.02570525218893,1.62471252429711,0.926493332858059,1.80812258581984,2.12766182539522,2.84837562650127,3.58458584663052,1.78154593675383,1.50115432242406,3.95968276836184,3.62802634203195,1.97855798001562,2.36876945368848,1.78391992414179,2.75720216779218,5.20138963105397,9.12844173853411,2.00393844975667,8.74572850008199,2.17593296099048,3.82517937460857,0.41077832000757,3.88518011474139,0.999530238648786,1.09835592686012,0.869917194569563,5.04762153500568,3.20177327984575,3.04535230526403,1.09365231948027,0.795346686386128,5.04864690448643,3.41027637651421,2.86304796196032,2.47091278673707,3,10,3
"1691",1.81399697847998,2.72095939090941,0.816323246776238,1.65597738851294,3.62519520065827,2.1073666294846,3.36906569898894,3.18108002318619,1.59319998672039,12.2539144540953,0.836004604191418,4.15026196715744,4.17020512883675,4.84178168221465,6.27113226405486,4.23972098938227,1.32953064089008,1.6819370486916,4.21741251075207,10.8542564709413,2.83868372883294,2.05705626922762,1.20394148973462,1.74562800525009,2.70752515331201,2.50449620519616,2.68482287720451,1.56611509870319,0.96830693743829,11.7600389448966,0.193495555878681,1.8760764439185,2.13569802833179,4.13793827561126,1.09009962644432,2.67404954859478,0.574814217447484,1.52714547080742,0.328524382172249,0.952675265190959,2.7108941879646,2.67681384905623,6.05771856359792,3.49569433148894,2.64518322573735,2.73811737742329,2.90021736178526,1.29804530939587,2.88254811176927,9.28695918671136,3,10,3
"1692",1.36107230645687,1.30170855900821,3.35806875604108,0.982666617789122,3.45953918482169,1.83831100376752,2.31558429864697,3.99214885895441,1.87318560989408,8.78144505043225,2.9683459269341,7.08440331533636,2.84214595029553,2.54559454016056,10.8709230830434,8.02051830614647,1.96972869207213,0.853491838036389,3.95374634263028,6.77346406484267,1.70634193345065,2.85380113898628,0.349833970479466,3.14511788623673,4.38639465467718,3.67959048929497,1.49342527086249,1.31016115966538,0.998844600097611,2.99074475608184,1.9674602555027,6.02988208999944,2.22785362584121,3.8449395037376,1.05641448933848,1.28532081595388,1.52806663024773,3.57283529981294,2.95127735612395,1.24644555760111,5.00549589983742,3.0668972426939,5.24243499435241,2.51902239383683,2.41430742224658,6.27659697220354,3.68190711080485,1.99653944655548,2.19853560077355,1.53055688383208,3,10,3
"1693",1.4399182927109,2.26262377562667,7.67087152829784,2.49294898351195,2.10983797622395,1.62784306457035,1.57358577514446,3.01565104359243,1.42675973459775,13.8870570684643,5.23761875100334,4.59069311001121,0.292918709926517,1.85816982036764,3.01961300736491,2.34647144021924,0.381785813750581,0.914425234168081,1.99802198002658,9.17613444661837,1.64552108052077,1.80902859312136,0.742506801156224,2.23036484598675,2.36509222693383,1.65037556189883,1.13837788320251,3.01203639364747,3.26072382322062,7.31130332439489,0.421440547675105,7.82196155846559,2.36875477595008,2.22336011937935,1.22813334398917,2.19371723509697,4.82710667370075,5.14085424976311,0.774691218494666,1.25533377782045,4.58396900575393,8.21532413840643,5.13478411389982,7.87352717697721,4.17163401718724,2.14951899422356,9.07049970758904,0.416961158136452,4.2872567947667,1.37538537957317,3,10,3
"1694",7.24227281729931,4.40004641915458,2.12061178098468,1.76444856185706,2.60182869772013,2.39664575924126,7.91572349689433,1.32642986646226,2.06291546214559,6.09588379154962,2.94909314420439,2.92090544597623,3.28630772627397,10.8581784855971,6.87213161236379,3.32129206143706,1.00544632386149,0.69537157239452,3.0578542311591,4.00803508900932,1.97827719555714,2.43231218284684,1.0254521081118,1.71071038839375,2.73310770108303,1.46121717029016,0.839764826456437,1.97344455235329,0.71493063202822,3.80849740967309,2.66584134499954,4.16967084354898,2.39516437321357,5.44847860809404,1.19996161208265,1.88034563045001,1.67840904456448,3.30272467996249,4.8980209235522,1.04577472900906,3.39940076481335,5.58720811019419,2.61261829262118,3.93835347573053,4.00576273784003,1.55126730321298,2.94520689080474,0.44692897704838,2.73582115637181,3.2731164346628,3,10,3
"1695",2.62467304139014,1.62689266829244,3.78025064571721,0.983041121967052,1.9309003772064,1.9213345774401,7.81626261465259,0.135098254208198,1.0409210158977,5.72546664017942,2.27500803347799,3.63550777283324,0.793608112987127,6.63773744937141,3.34780164003051,1.40253549574792,1.29918097213216,3.34362225426563,2.85919533530237,7.33352976269965,2.88384012118128,2.7182112127368,0.33927226490532,1.91398556799265,2.97176314113067,2.10760076152965,0.366806443113718,1.98095207192183,5.10987196611128,2.08804611295152,2.35280025723936,3.59727365161778,3.89926071912744,3.32294249423981,0.428329711167933,3.08007044923363,5.61067830095098,0.43722288105299,0.792246987189985,2.41737886725906,9.69117028368387,2.43688533036385,1.61270113433958,3.65956697254803,3.4041883448851,1.25282771779282,2.02795926111983,0.226093362639909,0.947090304093579,2.72567403907908,3,10,3
"1696",0.974857478157121,2.44374150577629,8.01718605482851,2.52517998211349,1.641666600473,1.77696289498619,2.41650134902266,4.75635994067665,2.46328203964283,13.6362212484747,2.72902122765789,6.94089306726111,3.9816154454289,2.00031642908652,2.64679593599476,2.72453073879302,1.42440189725363,2.90170894882194,12.7815296832206,4.30517858610643,2.30159632248921,2.48058759137056,0.70275021578254,3.68897445903313,2.35617030947396,4.38101667832921,1.69864292609356,3.13980946580959,0.89889737463665,1.30358825041165,2.06966804846476,3.71162132354711,1.59171834300825,5.9108226835872,1.24927966699682,2.93779864169488,7.60265155759236,1.46926761919495,0.503602966231821,2.07016439059561,5.25694108775246,1.83770763911599,6.04421594423932,4.37090537105405,4.11462617391921,2.50573330587136,4.85719597197149,1.51408669482838,1.68577130244765,4.98709615633751,3,10,3
"1697",1.26960472815374,2.20798357835271,3.49415183040408,0.951388966685952,1.70581456659447,3.39150389356211,0.443235925985949,3.56027668177665,0.870032422604467,6.12722330343756,0.983886644985631,5.76054462911387,2.25833655039833,2.53407220646339,3.31265810000324,5.69036540697288,2.70149385802037,0.67396179941564,6.21636073460832,2.68002141308671,3.1194714181398,3.55445462860992,1.18030429316596,3.24410270411287,6.22079973330241,2.18873751971752,2.04913050797431,1.69865219247273,0.791796704710309,2.82781856624842,4.44558564384143,1.825395028376,5.59065799732374,3.06169162024857,1.25496487680188,3.7588280048249,0.284991190357413,3.94278454062906,0.378620345732927,0.696352610238394,4.50079157676679,4.4339118333059,3.08836242192033,6.33105858626944,3.14419965923877,4.33935222759039,5.20473924680893,2.48692822683406,2.47420510940626,2.41807386640797,3,10,3
"1698",0.648390821648827,4.35676572966168,4.79814510928936,0.729271708377977,8.43622387700787,4.86178723591039,10.9914124028087,1.4363818452846,1.62532663111082,11.2883345920779,0.519984836531071,5.89282781799879,5.3199644256489,1.66111036438116,4.65925743194984,3.18174901693786,1.69040647475412,1.28773612971101,2.16768005822625,3.15701332323383,1.88706270090907,1.95842228467463,3.45677465473431,3.24752258080282,3.16155246960187,3.21499954255435,1.44833628063329,1.92927381248623,1.33167010116965,1.866598748227,0.321765167178614,3.4901643303491,1.08121656181266,5.08605424481191,1.494031612549,7.59286909431197,1.10922543397253,4.73799618488203,3.79481062442157,0.451828903392072,1.36495390197973,5.03872008368357,5.13537752171711,9.99722267237182,4.09286864463614,6.8092146992485,5.67199901886686,2.17689388859339,3.22870575246008,11.0365359316958,3,10,3
"1699",1.17999591889075,2.09854317499416,8.43881003555228,1.23452228140576,3.84496217013963,1.99426077877414,2.35337697922214,2.56201627365374,1.12168269978345,3.94836548077674,1.30736861046786,4.98483161806563,5.28610474351355,0.533372709191525,7.76081162634046,12.9877814754757,1.83704818414406,2.10113836666806,1.82844575002756,1.01492104071696,1.70988045994108,1.13857631667288,0.703052079531309,3.74586099379864,1.69638050564696,1.74971177399532,3.53411129869566,0.628834353414648,0.788697666882157,3.24080684819903,1.76908016996739,5.83903018114885,4.31136409898483,9.2856889453183,3.17431704087297,4.02050251970264,3.64182206374566,0.892285858349105,1.31856461396722,0.879148580822848,4.51343985766882,2.18859443762703,5.13549912150404,3.95682748716793,2.12665821535441,4.29643402858312,5.75830543030021,1.04817210891304,1.71784134033513,5.10182030022422,3,10,3
"1700",1.58286995195775,1.48149132329558,1.54484267159648,2.469837937011,2.20442195264017,1.00465872029498,3.12975769990038,1.29050760779685,1.15244006835264,8.21235390669289,6.43218744136985,4.83857491086903,1.82736635263623,2.25677781633466,2.31523958142387,4.52965118875076,2.24621850822275,1.78897060711343,3.36513516021745,3.32747693490997,2.96203576030845,2.20547588766987,1.30366205038783,2.45256288769264,3.38226001540643,3.93607717817548,1.3762978257173,2.42110039028822,0.560960024542865,2.19184175027786,1.37987514211426,5.28478678535334,3.78962549045134,8.15563904780019,1.97341005194939,1.42767049173974,4.18137037366609,3.17300353505479,2.57916478911344,2.48010516951809,0.997273291954529,5.68132062063924,2.29969530155985,3.62798292546581,1.22214574344483,2.78851111442551,8.36248579797067,2.72326910262526,0.14071267856428,1.0345754489992,3,10,3
"1701",2.06326829017401,1.88536182812266,1.04663019984551,1.61597212384853,2.61498084456723,2.27203542766879,2.28625259483169,2.83507922753941,2.31687283053057,17.3125283418489,3.1898371538707,3.46545070157414,1.70940089977034,2.38876780265381,1.44642472923015,4.46891648338656,1.97744771367403,0.407820466852717,4.91568212514152,2.87600721008859,2.82194715832168,4.33398914153233,2.71892764036803,2.99164985326327,6.88487227054651,4.21046867008115,1.20488993377664,2.89298818166762,0.577487479916534,3.97101090085235,2.19025297371151,2.99119024995236,3.62577006798448,3.76476319861063,0.826276714243592,3.23762741270968,2.27969964344871,4.98738331427221,0.76979078531864,2.12043705774603,1.00104045787288,2.96550610439334,2.65033984773162,2.31609324446353,3.63141068591991,2.27184971520404,5.56645694019285,0.423360372378655,2.99055973453589,3.02161776777846,3,10,3
"1702",9.74551445793813,3.66054092278476,1.31482330557665,3.30875155907578,2.40693889314703,5.15749319842013,1.7749479239468,1.04300696652102,2.87881158483068,7.572677447427,6.26582073469257,3.54943883715565,1.88243548706197,3.98771730549209,3.32864847649269,5.1481346516548,2.56297289637489,2.83153185693535,18.2589634865414,2.17314083160481,2.00311249248228,5.58594229443393,1.13220377792513,1.81482968590651,3.15490520382063,3.80590614575922,0.60261495455769,1.92643733086142,3.96940885011543,6.00646608123388,1.26495076971449,2.02346678287361,4.32480310041895,2.73116856237662,2.17692155514922,2.30409279498619,4.56310773694433,5.07774427889878,1.16942567318159,3.43694434944715,1.09125088602996,0.817077284447721,2.22160805884758,2.85372378178467,3.71838590339716,1.01105499745711,2.4553387840389,0.393474992884263,2.35276995519742,6.48104228905139,3,10,3
"1703",1.45771393245086,2.07816558716997,4.92954409455362,1.53033766874824,5.50675663494755,10.531173474439,4.50929796876086,0.804470971782945,0.876165366321361,3.5730429236797,2.49897903157077,3.32122981603425,7.21888896786459,5.69627882830195,2.32639270437823,9.84772992773242,1.4150099428683,0.710810008059193,8.29870554539865,3.2551069490327,2.08666919756086,2.15989766601137,0.798274338358062,3.00137313158236,4.8777083758005,1.59202127803257,1.930847477,4.06198420701001,0.532324991222736,12.3131776287268,3.93496723967112,3.61909841127598,3.99042494743548,3.6496395823614,1.45654814566469,6.26973715794038,3.90637221975943,4.54007151800124,3.49953707402451,1.62426669918022,1.6425404717627,4.99681655899045,3.77644478291716,9.37855736115428,3.68080208010042,3.60293427200999,2.28021562048759,0.400627304558457,0.307238068498358,3.36655872503523,3,10,3
"1704",1.26291123076746,1.3457104682113,0.672511849297067,0.68140269860202,5.30672278443384,4.10609843122024,9.6163301250822,1.52573223082274,1.28212558671232,3.09082225533205,1.59419918536811,5.58012662135094,1.69715704715607,1.351447025964,1.45866875332704,4.2353800969939,1.33025856885065,1.86355678358958,3.66544112072512,9.79263465348931,2.88747793064196,1.12461397629029,1.06379277418522,6.9478977295725,2.53549132727158,2.69915536898424,1.07955998165186,2.60639158273157,1.12867790220578,4.80564696566455,4.1234157692158,3.51458089859166,5.5924072736625,2.14935913669934,1.34225322818141,2.51274248535659,3.61678052705248,1.88416258814028,2.31705916521003,2.86323893820505,0.933840866526345,1.32395653119473,5.38381646394031,3.48243168117175,2.45425076278547,6.7947570324657,2.13825226422085,0.226812640258645,2.33470561072415,1.3057089822933,3,10,3
"1705",1.51783861871169,4.82490798802815,2.72818129035234,1.88985499635624,1.48744956141523,1.87072501378456,1.44222919522364,2.99968643025924,0.408595669903829,13.4787590475086,1.09400393270987,4.07116573721596,0.60126274091381,4.38156417636202,3.85747987118224,10.0208010956305,0.562491299093353,2.70369854420885,4.84177886463301,1.02126494542389,2.07054478947238,1.64601121641277,0.82944544355772,2.6712819676111,2.32239379199481,1.48377468653146,0.936843304006731,1.15536752194525,2.25900576477627,2.44589308750653,3.17515087413106,1.76394682696414,2.10892159500044,2.7231410843446,1.68795725259425,1.72143072165976,3.19510577676847,4.80412116646657,0.234722896328363,1.50040111488348,0.703480254005893,9.77448187841589,0.521496488990855,6.05043869990216,4.25674897224063,1.26101586300046,6.21910827698511,1.28079857934597,3.19022086197908,1.85122439266268,3,10,3
"1706",2.17810448469478,1.70520377942236,1.9533667866471,2.0063598190438,2.0016333228508,3.74742339929223,2.56721723543033,0.54322848514737,1.53428001286233,13.6842631942054,2.26811430057467,3.44993252655444,3.02824823226314,6.07088788157558,7.75868955791453,14.2856894291907,1.66110201672668,0.974972450773253,2.81683090067899,4.48635384231435,1.77469973356277,1.92361379029155,3.44943163750403,2.54121412027901,2.91528168123637,2.62907381079312,0.920736761029391,4.25679561025416,0.644569380847497,1.003084062975,1.40931324419835,2.71676301385732,3.87874384444338,7.4624098303692,2.08920612199446,4.41790862817237,1.4138268730222,3.3491190374727,1.91110079025309,3.46603175654242,0.985504784744281,2.73296538870572,4.26512119974319,10.6421630575928,3.53594800519492,1.29907376279235,3.15800697904348,0.448699942065491,2.89789446459301,3.70007961298241,3,10,3
"1707",1.49939948088393,1.67180813724346,1.66479356790415,0.625166997043771,3.75085600715303,2.2496724990553,1.93906027351103,2.03091796375031,1.29736255554674,9.79326479683665,5.4461652896668,6.28823765463125,4.98058312204157,1.79499891334789,2.89352414024538,2.01640819886814,0.750204976215738,1.51269416498283,4.6152658029903,5.90593277751692,1.64934833354212,3.9514850246592,1.05754553136024,0.768243177770569,1.0190241905567,2.59935271918889,0.885676503679203,2.75596633860462,1.0692086546825,4.32005387864187,5.15150923776451,1.62811205773969,2.32039149158683,3.34545848213142,2.14076079657096,2.54316579233054,1.99068389940549,2.78407357411347,2.63648236493525,0.48352644117521,1.05435019889852,1.72297233850074,2.30676408377781,7.43793443751415,0.571982914984796,2.66805890167079,4.91551661821572,0.263290935061227,1.22582867557839,1.39654577770903,3,10,3
"1708",4.43754861911769,2.3506919449574,3.13588888585346,1.02878355805969,3.26861351824302,3.29189021752738,5.14398724716577,0.751052124133704,0.780741574748943,2.21041442319252,6.27247680575203,13.3737238842003,5.22237891929352,2.23565213425642,2.02142098692006,2.35241451185321,1.13595796587751,1.72975970636844,0.724968018823035,3.65104368582562,2.62443114840863,1.22727080054091,0.625077193632016,2.25593762519777,5.54464827251791,1.40467001979017,1.79511357544532,1.56338104320565,1.33804315472635,5.37191459219586,0.897277347111782,1.91801969380736,1.78528996752637,10.378656194687,1.16254221571378,2.66305597692434,3.96730643156868,3.90065375184784,2.69418315586751,3.22965870318748,3.32323581872165,2.0658595380915,4.73236161252378,4.65217836177213,2.72804966904066,2.00117884776328,6.75396715917326,2.53664850797019,2.6682275978482,5.63800451388395,3,10,3
"1709",2.02845305775151,2.36861122031979,3.66754675934836,3.03499392490981,3.72037699941842,3.37904811265553,3.47450458218177,1.47503658848833,2.48011466609586,2.82940462616448,12.1099866496134,29.7684416405377,4.40666874083096,1.98329455233188,2.9572785028695,14.7315480109925,2.52298541564659,1.01597495385627,2.75359023889572,9.78945603561059,1.00058682017714,2.84825139741812,2.62475616202602,3.48434333309042,0.794371361520297,4.01782835416059,1.07149320887916,2.68007967452553,2.05744255110721,2.88450035503564,1.68253262788134,2.68467604844423,2.90432647125261,4.67640936539561,1.73534879526752,3.74575393663367,2.92830160964476,2.72381590064102,1.12615429231404,1.31562412033915,1.19366930369924,1.98855637446688,6.80783500598142,5.34869073599125,2.40424412038016,8.12606873660272,2.72795222463479,2.50158666208534,2.05600394369762,2.11829165866584,3,10,3
"1710",1.22028943704131,1.53658638467611,1.33540426689086,1.33905527534184,3.27588072684865,4.38840791538824,0.800991626790159,3.61224752397595,2.10134895609185,6.44190405333025,12.9439893741269,9.81813308740855,2.47509533133089,2.42637694437326,1.21894903010026,6.25415634962985,1.37253928468717,1.63372293042315,8.79883693466045,1.23504270611971,1.93837415000579,2.44751260118446,1.77660785605894,1.37707804779008,1.60313123270948,4.37074518110895,0.375854211268566,2.26428886899277,0.508205849325353,5.76231938111643,4.38651235755823,4.42901940890557,3.58683946401343,15.1625191377031,1.32339780902277,5.30284579958062,0.993496367565248,4.92776998964083,1.04682475928933,3.5144276549635,0.687391458905077,7.12316794552924,3.14104503372074,8.84364822229985,5.00214348368403,1.17111839122067,5.42268905100968,2.72545561478132,1.96659546240598,3.96256818480114,3,10,3
"1711",1.07378436309109,2.91050737253344,2.91256364719792,2.63578449047889,4.22027195793777,4.26714989268933,6.94679115041817,1.37181347455432,0.602175955066183,12.7623328347449,2.67147692932502,4.4321814655615,3.02563724090354,1.59892441928014,6.55639980571369,7.32793655113495,1.38236305046636,2.29690419997977,3.18826306824033,4.18237964294771,1.96216063394441,1.94599805320074,1.20467839251229,2.31553869619568,2.15512516989073,2.55177054962051,0.974872769499714,1.9743984290422,1.20264605948258,1.32101803468059,2.73045872910282,5.5763709829245,4.85498924184807,2.29832426634328,1.63167831046264,1.02555939053307,1.17802570035503,6.04831457657169,4.5615644934295,0.631366573588336,1.20867240117631,4.76218697893204,0.982734698657037,5.42394118914335,2.65668860570793,0.813777219828267,2.50792640546004,1.06092451171228,2.14286225409214,3.79268804720394,3,10,3
"1712",2.46631882168148,2.9192710047986,2.60531823546153,2.36030793861801,15.3574567574578,1.52555857953133,3.8464924813766,0.494439402169973,1.35425903033506,8.44498470680643,1.52359300775372,6.9979908465185,0.82253554023485,1.02615530605272,2.64686461311612,2.57748227774324,1.42030602632008,3.2503395925341,2.13591312784395,2.55024650725327,0.800526264299967,2.66685380194332,1.81049580647205,3.50349727525429,4.04383198692355,2.86687191008455,2.72595175816996,4.00238653740891,0.704526123665488,4.48509491043106,0.543353958583204,3.59728801130947,8.36650112901712,13.6122653462487,2.26460328154172,4.7911262659758,2.44064420197159,6.17093707488152,1.63405797507877,1.5458909469934,1.2351742305274,1.69011034172532,4.16879426558806,3.0258666157454,3.42902985834002,0.832445107376153,4.41070043983017,1.61758482814202,1.45556007752302,6.71438074265628,3,10,3
"1713",1.08953026071077,1.73095053675204,1.30432239100149,2.01361452246339,3.13862202031289,4.82141615054221,2.09108319478539,4.16482097213323,2.74824100987138,2.24890218669535,2.54404327641545,2.21286921801158,2.77044284318089,3.058876531243,2.92442991562813,2.73812260339345,2.44840960428093,2.62330668968343,6.80194263180045,6.07923094918943,3.43472473230097,4.0171264179553,0.434911354362273,2.56626659746964,1.38636452001677,2.42044424117072,0.775294600276487,3.37577266008396,1.1119161836483,6.53466936181305,1.6188840567716,9.38102048918554,16.9712460121739,8.02991583307346,0.87199420972315,0.545951049112561,2.54518081681495,2.97023288721332,1.50029199666276,5.23920966854527,1.93088093399935,1.82652580546723,1.42684111745026,4.57583515485496,7.58305485099693,1.33248998953077,13.364915284133,0.232860028682984,1.91104594049532,5.29667338180107,3,10,3
"1714",1.1272489366451,6.77737806136346,2.02038273823488,0.770166342799823,6.56499727988083,1.64551327279104,3.66218231414318,3.33483559543998,1.1956116454064,4.070054447694,2.72298781290711,2.92565081012751,1.60771630370321,0.435360043953363,3.34596016839473,3.16919499272672,1.90645814778241,2.10839209713805,2.59794027879709,9.16007877248086,0.833111498242194,2.83610801038943,0.366273436643971,2.32366711251628,1.2482599703972,1.87298512103243,1.63028058613303,2.30099423147053,5.88252827587993,2.016461790264,2.53830795083064,3.73899325854556,0.489570801889023,2.47463923894737,1.49338438362103,3.07662346491706,3.39973726572737,1.83762744621292,0.351976132341262,1.48199050207671,1.49287864348323,3.61685151814241,6.1822371045753,3.6399912783695,2.14369077762895,1.66601638669209,3.17792523000027,0.21856309233254,0.978405012159701,3.5514023593524,3,10,3
"1715",1.8702763924482,4.30999733755985,4.00000819058738,1.87932745503713,6.49562586400814,5.13962402414989,2.86253386742131,0.835673538358752,0.582554382002935,8.08098114625386,8.71044080600794,5.10256227666145,1.17810457969379,1.5843265553274,3.74081846906489,2.81745605515483,0.752327644764796,3.6169987396896,4.8996395252114,5.03027236630164,2.3789851058001,2.15762527060992,0.717022126574554,1.78955240145471,1.57578636321352,1.97098321939664,0.866432386999161,1.16608214099462,3.03833551932549,4.52577368117351,0.935093182881626,1.93334319726709,1.58054153649023,13.0911503852455,1.06109710035205,0.620541117299639,0.980065598153048,4.64715022882392,2.00252152759137,2.67945104336566,2.64443699374303,3.74998294393739,3.98330938751115,2.46271525160862,6.52260835630315,3.15976714018829,17.4650254060681,1.10597544294755,0.316201714929589,5.98476214087594,3,10,3
"1716",0.868467184851656,0.868605465402826,2.891842851614,2.26409277942376,6.51741671377644,2.72405519911101,2.01788760252524,1.4753229987063,1.54645613310196,6.57762556993966,5.207481640483,3.20697108910191,2.67953162597458,2.39962125085218,1.61672929357727,10.3179670758502,2.36568093647461,0.486477694257813,10.2754980276074,3.73901218795384,0.365659861696361,3.28669271601702,2.18725326882275,1.85556569003747,2.57292116793299,1.76269767165884,0.898662832556842,1.65494795132013,1.08464463755441,3.73288369194631,3.36830009980446,2.51872678737748,2.32050122974224,8.77236869301442,2.1078501692406,1.55859902410121,0.999616628738547,2.54603135649003,4.26702868125663,1.23126768236166,2.54390461494038,11.8346002854366,7.82904398767111,4.11370769155552,3.55100723644978,1.65652810770194,4.5710514151826,1.19482278973974,2.22105354174896,3.04837342456423,3,10,3
"1717",4.46400525598545,2.03757204019457,8.40969398176753,1.35675890943051,2.87099075427042,7.07177120377522,4.40144790534202,0.851139421518071,1.60054046385216,10.7193151734932,2.64948085728834,7.31595261427368,5.14303264129164,0.719408594875673,1.8236952591081,4.47638444975483,1.11526398712553,4.57507247740513,1.33646540709613,11.1507643926245,2.78054609321488,2.10952159781691,2.00523332014779,2.45973851483948,1.63210546151761,2.36772752371868,2.37423288848397,3.04872577211309,3.46420953196337,4.3624434526779,1.77978891459371,2.74296729217702,3.89224766993955,2.6804343328569,1.11855234044681,5.43724702637973,1.74545253699923,4.81801506215973,0.272008166634337,1.44489432221759,3.86099532893886,17.6263904384802,1.90405537508895,9.50980669946692,1.89906474651229,6.8312260877967,2.1980909483862,0.142047961287095,2.74757413716056,1.36570052135704,3,10,3
"1718",1.94668270008149,3.00136220513279,1.58976951005051,1.51918528164317,2.38720360796989,2.15239997307694,3.37648389853227,0.914042272221201,2.19767443136116,13.1175266361864,5.08934987380972,1.9681631843768,4.79899153426547,4.42718880265003,2.83656072966865,7.82557012374357,1.05141921547803,0.647673001226626,4.74286752141649,12.3629415907741,1.34249256158845,4.92026858158327,1.44575785161846,5.12550800817736,2.13914833406716,2.18366538957295,1.18724027751314,1.84075918373242,6.08657894471,9.36738346823676,1.53486806714304,3.08353208621812,2.4756210503887,1.7869701940392,1.57595338717147,2.25234253849024,2.29802174499679,4.95184575505165,0.814762691151294,3.07553865220619,2.04687292650816,4.0531888862009,5.26814049470165,8.5598043086853,4.18298159215796,1.65992085475747,8.6195825710751,0.772721591633135,1.70303720340446,1.91465141244558,3,10,3
"1719",5.38312910207767,1.76661553551657,3.5189067375307,2.56964261121985,1.87544695744175,1.92881839949238,2.72196254345503,5.32176221322844,1.61463630843526,8.44588665698627,2.03304107256023,2.71048586492478,1.93476341080363,1.59561086775391,5.03720249757735,2.05648447032831,2.21409808121542,1.87224600975028,2.10861056861543,8.03873401182579,0.76864820213009,1.12796370254481,1.43508056380571,4.21986889815014,2.13485998300709,1.49620723231044,0.546527383765452,3.71953839157324,2.93116712689454,3.26253391484712,2.71074045513985,2.27104180339588,6.55580908754557,13.1089698704789,1.68185891402483,3.29129331935208,4.89099975477122,2.38836868652048,0.514317423395623,1.34986976337993,1.22532513478729,2.92116015128498,3.65120179329254,3.25008039077174,1.67169447920446,1.83899905760197,7.03130559942025,1.30748201604201,2.20980405967213,2.15264225541923,3,10,3
"1720",1.20738078839801,1.70313551596522,3.66350713884111,1.30078377628393,3.39618681047208,1.6110003466337,2.57320084397317,1.07188184918096,1.81735886907478,9.29634000994388,1.08253894874671,2.51211116203187,2.7724945329292,2.45898581266501,2.26025520407974,5.23561727188,1.21952950108138,1.63047256447674,5.11267240423587,3.22811893420858,1.69754859644833,3.04719761824135,2.1261039547257,2.42440374091241,1.40843005804228,3.77171189184007,2.08136368529619,2.05872912117572,4.00878728191524,3.56517057084621,5.57515862022799,3.59392553105315,3.26477494565798,5.38618138941472,0.567874187712855,0.323234268412679,0.279381225451187,4.06237952646074,1.84556633342388,12.4844228225569,0.694944606163912,1.68115424179644,2.9526882978306,4.45818254796229,3.63292423820166,1.67605362208699,1.95517081730786,1.17650329673142,1.66628187233699,2.31020802111758,3,10,3
"1721",6.08333713668687,4.87541205760986,4.91080169460641,3.01460286102352,1.25430488743503,2.92387875879379,3.28789725352954,0.526945985830453,1.54720808006766,3.47692304668454,2.61227531772832,7.00682138989182,2.31456388215407,1.73445344908582,8.95819682643862,4.02807532938365,1.25740702021993,1.82878565448247,2.85285291566749,4.33046631691297,2.46889960696214,3.95684472127971,0.649755674544036,2.33769522078435,2.09658417587204,2.87177319455887,2.68463620436116,2.81865070765334,0.34610944663555,6.81923581859791,3.76917856648893,4.80002932777696,3.05109472577089,12.6314759485335,1.9106339142892,3.14341022483527,2.25196926618359,3.10259297271495,2.30603407088159,1.96653315980809,2.86757077572236,3.69768168601517,5.40236107430486,2.23697808431007,2.71357068525133,1.06292209761142,10.7798199849226,1.09709122545978,1.46319574640906,1.62227378488812,3,10,3
"1722",1.45028135991281,1.19002113878938,3.07872200362656,2.30091700139342,7.16470190997465,2.9991740674682,3.28322319427875,1.07728021351341,1.34499334741918,7.02785595715275,11.4214060791595,6.02394589475203,2.07057732417861,4.20303986603321,3.75717101754389,6.68861180412828,1.40460826788653,1.19081481995248,6.98319840232194,3.46595811912327,0.96839811037995,1.54463618987078,0.713826739366505,4.51321167556535,2.33659711836688,3.12715523108054,2.03365229861424,2.45023512832496,3.44778253383605,12.4415441750348,1.58233871413888,1.60933880776395,4.80023193923643,5.62147269968505,1.9983326192172,3.66750522201025,1.38183807047323,3.27720568970888,2.17756671578104,6.33563634375163,1.17269883414406,2.36006148765837,1.47795478695635,4.64383221349325,4.76338765866351,0.535951747871005,7.59166750122362,0.515231699022507,1.95538435555623,1.76796540568471,3,10,3
"1723",1.16484865243051,0.149708282178051,2.17449290800748,1.5458415044083,9.85453305571022,2.40094916815475,3.31624046864827,1.44176856791494,1.73181988424553,10.0349870558365,1.87601082333706,4.91900275958211,2.39163697681146,1.34798108825397,3.08022891828497,3.82679459174914,1.09220916962626,1.81768817279019,4.81402164450724,1.45010046747054,2.68103170769115,2.86804398819653,0.883150535541772,2.1969550360108,1.53923414314758,1.96210394146034,2.24142159126292,1.63034661408018,1.6284304079127,2.46298590960453,0.213386764595994,0.677899267884751,2.91880499611714,4.92642100251901,1.52119051229685,1.88945404834231,2.14200199020099,4.60596317251918,0.662466804436217,5.69589257784286,2.23191217508772,3.53385753394781,4.47171486686755,5.305302431079,1.86658338116337,1.8596073350647,1.75767797884905,1.42520741340189,0.280641922638184,2.46397952536245,3,10,3
"1724",0.943635848894586,3.29727022228853,2.83031061353742,0.781961503727105,15.0080415412405,1.24071609162542,7.43391517647668,2.61149067940356,0.523866443657941,7.05784891126173,2.05131638556733,3.63931133731295,3.65656027983448,9.81442048467281,10.6698373507174,6.28370162787918,2.15282360155818,1.56370340091816,3.96132935845997,7.19975048576436,1.51506792649449,3.41840351963261,2.13561489498808,1.29583741211548,4.73527843600882,2.32357706898544,2.13168781275656,7.07634399661309,0.889373726307683,6.66463741842386,0.255276128829995,3.7145173989943,4.80144278620603,4.14316798639843,2.0654212942007,0.529218805975094,0.782477948437704,5.1846534589591,2.65753539339868,1.40620718550347,0.915884286014133,2.07935068303124,1.39571796196983,5.17311392222568,5.15732278995159,2.73684429346216,2.16366743297648,1.40592060579077,3.23660749731682,1.19883584127581,3,10,3
"1725",5.86579909703537,4.87766653500355,2.67627041525527,1.79777647383102,3.54381371336263,1.34741399680172,2.01505719442861,0.449070647993882,1.09094613284068,11.2934611056808,2.44844109969542,2.56792821180096,11.7174142352714,5.20772837365408,3.42810735464628,3.25484066890448,0.910971990856847,1.87997745654472,5.92559573737337,6.09988493506355,1.74515461840352,1.74055707396411,0.168179612291276,2.44886347147161,2.54941583961899,1.68287492071412,0.98143036579967,3.65496506009288,2.18972446757839,5.27885172410253,2.37592923419567,5.73723272339301,4.49938017213244,3.46268516575341,1.95134423518744,4.24512973625768,1.6121573015612,2.6987245906577,2.0370793689203,6.47786817092087,3.76502262226941,2.98376430597017,2.34098384155416,4.24301793607986,2.85546207727157,1.28672723336507,2.50733889905317,0.654845164969938,3.69580441362158,2.22281577885175,3,10,3
"1726",5.72490503318382,3.25974247637747,2.36638307154767,0.500442071212766,2.14168527866329,6.46566481634218,2.85774436842298,3.7599724874189,2.45923599337372,5.69360070179357,1.33106362675244,2.43839847008716,2.61775685676487,2.6710749196617,1.37787890758222,3.87851456921051,1.87000339839797,4.11713650212298,5.2179367678071,2.31074862441699,3.10133955840517,2.80806962412358,1.04417924879558,1.32473409628605,2.19954754437075,3.58513408750021,2.88625867613882,1.04026627071553,7.07754533792799,2.6927925831913,1.50856931161246,5.88226554460134,2.89731658492541,3.88081971148406,2.71485081167178,2.5880798278657,6.51211147808468,4.18034519460235,1.73143469369072,2.14313034907119,0.993638653195617,2.26692875174729,2.26993322312379,6.13741326224433,2.98536411649591,8.79287574014544,10.2381154235638,0.634185334566329,2.1679347613401,1.19291637216449,3,10,3
"1727",0.78757568787969,1.52381804385702,1.12878974418914,1.668273913267,2.6550651440568,13.4888372616342,7.07454065735262,2.27145913247433,2.13455493201727,10.945643817286,4.86053482018415,5.70395131187543,3.75202188382122,5.57465233374172,2.30803649550756,4.43419127626293,0.212001585386939,1.48321502789939,10.9159591607289,10.4015257786181,2.07147962690601,2.13702875736565,1.03006505086932,3.59933987126559,3.12645290608301,2.79886173657413,1.97466404632784,1.39079457591966,5.20891375967284,2.58563771267293,0.546061091546136,3.37105324433219,5.57130387780162,5.6190521018014,0.53523433873941,2.09346971263218,2.85512684830911,3.18046242301945,0.489042154777398,1.06558455193325,1.92020839182645,4.02979551054249,3.99209444896869,5.91206690797311,5.94908581076908,1.8801654141226,3.79971868578434,0.374105021366322,2.76628624049071,6.22409369073316,3,10,3
"1728",1.98245538729791,5.22676152545418,15.8620362068284,0.277226673136389,3.04087580268997,2.17814012004838,7.42172930070927,1.96543981374544,1.78381642379416,8.3272339186507,0.49773175931814,3.18764417535035,10.8883916625432,5.24850008399963,2.3111976799171,1.7804919535926,2.21432468497711,0.909266746895639,8.42134664433001,3.18584603399471,1.62099830810654,3.26074571287902,0.709587741913472,3.98088055129067,2.12099865231861,3.60443878530563,1.60852354307124,2.5896526258247,1.41001681340881,12.8342166173357,3.5994554904712,2.28322752121363,2.78472806459879,6.30262601311751,1.25837560110401,1.12346554228038,2.51334756269884,3.10356770434087,1.78024675649542,1.37783377422283,1.51779236625475,1.97941665598548,4.93911393330847,3.29941090729149,3.25894791556383,5.50370677068978,2.70596760605578,0.641947717980024,0.732881821290246,4.21978647244453,3,10,3
"1729",2.15797797364009,2.16472279549259,3.02833629939149,3.98053221614275,1.9804417202459,2.81543419261591,3.99151827094231,1.22954045319966,1.30465023878938,2.35856578370302,0.481030885862508,2.27601020269974,2.21359935708397,1.66568268069536,6.24502866125031,8.06252881847712,1.4035214810991,1.60927322088696,2.2701385243749,2.44396759798748,1.26352496116628,3.65175587498284,0.238898808433038,2.37283364954008,2.65162718260779,3.37612259594653,4.13501176532731,1.67342883362216,0.714163902848078,3.00057316469559,1.60121536153992,7.24888706181783,3.62215851446244,5.96910640058703,1.15587217655005,1.57069457757217,2.62873570392975,2.61205694686749,1.92179518355196,1.52525039603318,2.41524462831303,1.82350042271958,4.27133513485974,3.46049188019821,3.41921236160883,2.61967942132243,5.86829184519989,0.968099776321364,2.85325517617131,1.58198648774071,3,10,3
"1730",0.563605016193821,2.35338688422008,2.56400978223037,1.85024744868916,7.36074890522046,1.76486782865558,3.7276283588184,1.11178604154231,1.11475576849594,9.37535051670838,1.42151453337799,2.50148793627972,6.06151254448688,1.88152964807998,1.31092717619765,4.54870530949442,1.25144390964041,0.727954973051415,2.40782327761277,11.1946088829222,1.80189198548924,0.520345533706142,1.1556229735529,1.1630067325385,1.72169849867687,3.34279134995445,0.985887384814788,2.66075528191498,1.39575266646816,6.32385945578426,0.478084629963775,2.32649080432937,5.92609252114078,4.61871353262015,0.823554656907401,4.3879086439873,0.901315745028389,4.02841672834931,0.603261967981838,3.29297406497442,1.86043045533816,1.69871207124452,2.85755064644451,3.70019532316631,9.36876669611139,0.811542818656851,3.26905311238503,1.11569466387117,1.31520431766071,13.7077600573015,3,10,3
"1731",2.00102070742632,0.710762222659231,2.17679870662365,1.12858884432832,7.36458717443399,1.79836675023469,2.00479629142392,1.10476104350925,2.25380686850827,3.61252906812206,1.68943981742239,6.15031913146491,1.09882502596338,3.70436798310505,4.28063416206628,2.56847230738282,1.42894181402488,0.459767161371803,3.71179374195528,7.50946274637355,2.4696466563543,3.93597666743667,1.20124671466593,14.2737165060943,2.42546305702819,3.28070894384351,1.38665291260402,2.40542820061067,1.62466365469899,3.14476017860618,4.87319379164724,2.98722066274671,1.78360953096906,7.22136615316067,1.79660340285064,1.19272616101055,1.05677501144346,4.16887204178677,4.14405645651878,3.32922738247861,1.98772434909447,2.15309860156031,4.48011365217128,5.28142108601416,2.82565640028085,2.84910063722762,6.29071372382061,0.858774667068376,4.25674577581776,2.81413393330843,3,10,3
"1732",0.751779042951528,2.39716125748268,7.95858479953011,2.11676705390492,4.70957574045097,16.9149602699235,1.94599307136738,3.08457446150593,2.67017812330473,8.08666268002884,1.77507743633789,4.72661647811641,0.376611135694555,2.51214839309518,4.8030200781965,1.43397972364528,1.11504999130606,2.47520670804021,2.82338684572589,5.52906753838722,2.47528318924813,1.77913743720353,0.979804724902265,1.8326530413478,4.3656607325982,1.55176817462542,0.590312003754648,1.67980276685941,2.45006240010102,4.02087663098356,2.91607800679735,2.10543515474142,4.92039447007721,5.41453492449394,1.02397321431486,1.42213582683019,2.93883543883012,4.09567693617199,3.25733399829635,0.817659522673477,2.94115414990059,7.83863069380552,2.43597254220869,6.66490929993194,4.01172315734994,2.47606023949537,3.63882114870865,2.00517853712984,1.71982120325485,2.54123109462204,3,10,3
"1733",3.76582750837582,1.60620673868827,3.39286504013331,1.02568147308727,3.13039843027426,2.08647847758508,3.25893797719878,1.83849206131378,1.67898120556154,6.7891772906276,5.66757892945889,8.45054320639466,0.444002278201263,1.24579257591551,2.68227199279625,1.52227724638489,2.78672291821331,2.50423987427219,5.51364917665317,11.7122832470835,1.50148477087262,5.33885347460539,1.81322746058385,4.84769699575226,2.60669135194279,1.17861977678479,0.822262413419755,1.76602058883465,5.79528316920835,3.30732678519465,2.15097953675267,11.1087880357697,10.9422577348807,2.23106545391166,0.948315384302225,2.17324354718036,2.83678649763173,0.743288780491246,3.31977149334123,1.40724530191425,1.7016617709272,2.40289127252434,4.72164664011403,2.685838142818,5.95734255492479,1.17860448942874,6.03665134690931,0.385706806035948,1.0118071189681,2.52464369033573,3,10,3
"1734",0.872428759816239,2.6277535496698,7.04913067846445,0.551124301516184,2.32508006483383,1.29542073668633,6.13581892242287,4.13607910812224,0.568930063851106,5.81757061249409,2.60419826377753,8.94134077451219,1.14055119086475,0.648526338613504,1.29966107804284,5.27435929226385,0.960794345240524,1.40144677663728,2.64059863092014,2.30588976854153,0.827315798039542,1.30164329287167,1.56946243537797,3.06602034957399,1.83810794701417,2.08041328068585,1.42353465095412,0.743102212265209,1.6795064919518,2.14732074781754,2.02577788655589,0.544853247060063,3.85458323988472,3.29144749891701,1.82805156022204,1.90907542745967,1.02968051851234,2.13219915449308,1.71306945646282,2.49017082494485,4.0153715976681,1.72456974838066,6.0769796227901,2.5778823650987,2.98525949328477,3.29447993340369,17.2379316628299,2.1152740700266,2.89016982989477,7.98494710357744,3,10,3
"1735",1.64455428023643,4.55232249540036,3.45789645931117,2.41507366025912,4.7876266621641,1.05892792309426,2.10810859261571,3.90402009820976,1.96745700558235,2.10158553868214,2.08396782005694,6.87444461232983,1.38943099263445,4.22979890345475,2.92783336545534,2.50420107172337,1.46720926964754,0.400014478890325,2.92771661071268,8.76750283744353,0.616591431107128,3.51378868378731,1.38514528451104,2.56304736108535,3.97808330684686,4.29130895162148,2.10096746178093,4.14163433567538,1.60192453039821,2.24868021504534,1.49437957776499,3.51198434163468,3.83592763977605,4.91106833540064,0.0807314150163728,2.28148022193261,1.38065818525637,4.39373883090685,0.822787081692827,1.6006858405473,1.39716502362521,2.01169554185294,1.53970306461989,9.36704248883275,2.28543593903488,2.45190662956449,1.94433135306551,1.09896279685703,1.21641690835061,3.3917418586602,3,10,3
"1736",1.37462814167379,2.57804934729252,3.59913286014696,1.99439629273548,5.73760464664896,1.24627145617575,4.88114496269076,1.50101497753671,1.12611645791591,2.48835904809049,5.24760719544591,3.07286632580403,3.64722629030233,1.59317532273895,3.37143985497736,2.73442930242383,3.03473057795019,0.503247898626979,6.11136368091329,2.75127610946101,1.61235785368585,1.49590063856529,2.2174787146681,1.31288651913621,3.18367947985443,2.81071982754415,1.0437808160879,1.30177433378197,1.09196295483438,2.54345722182654,0.288063076860748,1.77970865525288,6.86840277086812,4.01773389420415,0.772733976143546,2.34913073379434,5.69005829975931,2.47431012003974,2.30419582304954,0.416083370961653,11.9855926192337,6.0759330104535,4.0797538440147,7.87229613379205,5.45661271247281,0.809430412706787,5.05256557934812,0.469666758312652,2.13257491273309,4.11628269856743,3,10,3
"1737",0.344606213577692,1.96059063489988,1.80849304277291,1.9492052994096,8.43853722851447,2.62037474447371,1.26965628335148,6.71157418613153,0.958963287767194,7.87077815032299,7.97860333144005,8.27546459077587,5.97533423999201,5.42268584012321,2.77997912138248,4.57216021759844,1.26652617068423,2.05309720081127,3.28545017963541,1.91021365387844,2.22258515779433,5.72698960825907,0.673077379030437,1.26517632869557,1.51622024052974,4.45307469377031,1.17153785122391,0.909876073736543,0.682583063385287,6.75813179768821,0.207446640969127,15.803466623556,2.83824081757225,2.7775188352096,0.994000664071007,2.16422569988452,2.02586527689946,1.15236765395232,2.23776433239088,4.54850984111052,4.6203019622392,1.81624964251938,5.33800468114331,3.5310455122059,6.21906783748706,0.808912827559497,3.45207635376249,3.40972023565066,1.05475035181658,1.30425658630942,3,10,3
"1738",1.49487117327707,3.83423261624736,3.43261588591447,1.80790720442533,2.73133339313263,2.74617668025573,2.37863881639619,5.10716861155565,1.55156233106113,8.43186517541299,4.29192580036704,4.85449384121857,4.51382528344793,2.75244312427764,2.74864286875738,3.31389825865674,1.76256482859876,1.1802667609408,2.16584530258232,2.54024467665516,1.25564767105889,2.64873798115941,0.650145366238113,4.21647824445233,2.59323489277192,3.05217305952941,1.04396427236947,3.23189720308362,1.08179619252075,2.54374277761849,0.707396333245481,9.01595339153126,3.93607267906742,3.92542646118805,1.49553560264819,3.34313144617163,1.65279172020867,2.49415347876114,0.864709629013355,3.98027584823546,1.387042762894,2.48503506668487,2.51504264292676,3.89969230750127,2.90779517037255,2.66028538793611,4.39640797967989,1.17301434258742,1.03112224476184,3.14468815611021,3,10,3
"1739",0.900975992943959,1.42608541175708,1.30166063736109,3.64829643462805,4.14955494207598,1.78001107847874,10.4252440339256,1.06554868913868,2.05830919400654,6.18762359651963,1.94781679122605,5.51081558568898,3.14674922251171,2.33932810121852,4.57608393229965,2.83653876981016,1.39292195827332,3.39473307427066,3.5997766906314,4.39646251466692,1.48473368042137,1.96171823343761,1.79550778378676,1.34936776758896,4.76667803119379,3.73070751720097,3.26793025233899,2.13269345722188,4.12594040763752,3.68651733334398,0.18224554540483,2.23013083934704,3.54629290567666,3.66611485920444,1.91399331376795,0.275039638593102,1.17458970680706,2.98515109630154,0.510626886023782,0.237718532155243,4.43118560250976,5.69779246902185,1.16752385487908,2.20238483480474,4.42028856266097,0.988515897588194,3.46187845347161,0.426080200927235,2.39773259279634,3.53283501048999,3,10,3
"1740",2.29423774256533,2.14147368847889,0.853498300635283,2.45779581234016,2.97847708026675,1.74239599710668,2.93187564984391,1.27909745122056,1.30412450844088,4.81710087219324,1.7780097806401,1.14663360457624,3.03774998784947,1.09370362281486,6.37629570012934,2.52928929280466,1.60814471670164,2.5073151694061,4.4793201292332,3.90986586911977,0.275715512204378,1.91512107069292,1.33269687892056,3.23828820692897,3.07561081942856,4.25004034135558,2.04232362345025,1.93963533583494,1.35643334425446,4.08680251930743,3.66403297375272,7.90784593729602,1.98298744483476,6.30939123626052,2.68737193420082,1.79835544173262,2.18171407591174,3.03701660714176,0.351830615436053,2.80197422027515,2.2849562693523,8.056654555247,4.39209209005594,2.42769071361328,16.5790458355196,1.6981498291235,8.40270630644637,0.381563423088083,1.39446235613062,7.61792243665501,3,10,3
"1741",0.560760170745382,3.58901541202272,1.83297818716402,1.57294020021754,2.3564762425243,3.16163140943912,9.52903966834086,0.240180324711333,1.77802651554638,10.3318426269526,13.3720429241271,9.30799327090287,1.79527164227068,4.40305415494982,4.28328397585602,4.57854226647587,1.0577163580248,1.77680886059954,1.69219684168796,3.15869397648832,1.38537100393221,4.23996969904751,0.185881145026748,2.07921790882034,3.32416401483306,1.80755902695705,0.879982206784631,3.75394987680002,0.357529688507318,2.44691632767927,1.88218305676207,2.43807736857351,2.74619788986408,4.21964571608857,1.57344818196214,4.65649847504745,1.35443914327599,0.845996739030841,0.279907802562137,1.44234377628334,4.98846899267708,9.48316434633554,1.93451419892147,4.26297685040544,2.82266070422948,1.9983242460564,2.5258039982686,2.19446752571189,1.17794211816584,1.24520745815153,3,10,3
"1742",0.452943387443216,0.828900959953449,3.61325151175016,1.31961390297567,2.91882367775818,1.4104133028784,2.87088844182453,4.28248066275137,1.56390699117518,3.53741082360968,1.79801099173811,4.05989919979211,1.97283443300153,2.67847347925173,3.54505244142086,7.76166785943067,1.11702178242389,0.815053460083756,2.94126019499607,4.20605125760383,3.39821442021592,3.24587493875975,1.57502552630546,6.48295961091762,1.56946431471083,4.17470661195005,1.56102385719143,1.72369193694078,2.16351371767263,5.95714235252801,0.889848682651945,2.06134962202688,2.01055136044052,2.59775811519159,2.10075961589384,5.35592976324502,1.14864437158161,2.6378611238743,0.58375716960629,1.40973063234444,1.62721411177814,2.62313337196108,4.345321608865,6.60752636555895,1.85176041612091,0.840573045935773,1.30694644804253,1.90563101896711,4.45719379675124,3.89328551383464,3,10,3
"1743",4.28399020397908,3.41143799298323,2.18624224640093,1.35418290180183,9.85041587112276,5.67144839425982,0.722448820195685,0.370345954588312,1.28789103989046,12.9120676889275,3.51125174223702,8.74754580755051,3.40095116274057,3.63502933323228,2.28538859396334,8.56882400028673,0.677213124516675,2.66071096063133,4.94748739092324,1.89265766174265,2.81227644102407,5.26966015266479,0.8713283343462,2.28901334272789,2.49557210970317,3.37033944314447,1.25724733946706,0.973112652938409,3.78401247324831,1.16907492126317,0.394027105385744,5.69839254948873,6.50512711515475,7.79731141968794,2.30937732725343,1.10395041047367,1.76723005914633,2.52978380401727,2.54570894787837,1.97074339173929,1.46782027839578,4.29608591250347,3.22475626744491,3.76813077611828,8.36939931880497,1.69463532573518,9.97728920553562,0.867957960289705,3.06299249362249,3.42516019225223,3,10,3
"1744",0.984645043620953,3.65066905285167,1.89795085568471,3.39731924497128,1.99721697876704,2.27404730165348,1.1779451587497,3.64154389688724,2.16510880059539,4.49869817066191,6.60761076881711,4.31475825070349,0.53464623648919,3.01263259831758,1.85865939998955,4.10066816776613,0.891021179375271,1.69832885351603,1.63561919584165,1.62039926735954,0.955152877550224,1.97299779175855,1.2916218345823,1.7382801498079,4.32577150821046,1.05355295962427,0.358603389717395,3.69774725942347,0.804992109795816,2.85573014728823,5.3337031926019,2.9914258238491,2.73936036509683,16.3063492597543,1.38852910430968,3.60180505333933,1.81939743578781,2.06475159905444,2.61773365754668,2.85630012368129,0.584376405804574,2.13452943214304,5.39034114589545,5.21184558736369,4.50780661774504,1.88270424938419,9.97829537969831,1.4240266797785,3.81564023211119,1.3129623017782,3,10,3
"1745",2.77204803725709,2.19916415708225,1.26639726880996,1.28743102084511,3.91827449563945,2.25496352076238,2.27006393081516,1.09811781862646,0.842213704115762,11.4899157837194,2.70133539294988,6.24304732234986,3.17222095461868,1.09583910945931,3.15343888054782,4.02583210040693,1.83525821220379,2.20922892707082,1.19848689559759,8.51543804151911,2.5402711047939,3.59853332438222,0.371579213594656,1.53776892579192,2.08718428253149,3.64242820198521,2.18451871479303,2.07546338871295,0.758921307179868,3.11833102682417,0.945271568507718,1.18391350869467,3.05290589291629,6.33776716069252,3.60161955848589,1.31703301480046,2.64226607922713,5.46089618063669,1.17466574736524,2.90702003875571,2.90600944032041,2.88287700131652,6.52305864210447,1.45824914844275,4.12380906865481,1.74329047727771,1.0457781936107,1.29534235515145,2.39530417492533,4.2311855435968,3,10,3
"1746",0.899457716626712,1.87629491893978,0.667972128323081,2.32343360943489,2.1657776891265,1.0758914339417,5.166357296368,1.57734312631984,1.30709102190883,14.0209013708742,2.361434841499,5.70071851872111,4.30420158313514,0.863245282776947,2.84603258442456,11.8388000768995,1.44293765359419,0.433995725467452,3.0971739673742,2.2964576189027,2.68965461410672,2.72757506950703,1.32171007408683,23.3297145466021,4.33100697370096,2.20305126206933,2.24872811922059,3.26606446401678,1.56578325435539,6.51235693205843,0.427079433251319,2.00835430146072,4.42311072897048,12.7509296292748,1.52724602145527,1.54007850495262,0.615402836175457,2.84167056525012,3.41537347204325,0.38892495878547,2.60352525145051,5.54492912174388,3.33325526996716,5.97133509083383,11.1478994616534,3.26294980433511,11.2069011182372,0.888941304569856,1.62271429791299,2.89027299175852,3,10,3
"1747",0.629132629031011,1.18051082918077,4.09698533182544,1.35738783264814,3.36532206909576,1.2116232071082,4.68249436243752,0.629999419897789,1.31705683952372,11.2239497017195,6.16940855211402,3.94580025015906,1.87888011124567,5.03681745249209,3.00913188326562,3.20517093913596,1.01674244290658,2.14706941096603,2.82087118902813,3.7836498378556,2.47116731605845,2.41714443405479,0.229015340640796,10.6361842514245,2.8817418689013,1.65374457971278,2.53106935328234,5.62037710101143,6.09816757974798,1.59927988419566,0.876767441706997,2.46750895892163,3.01124238688397,4.74800104124443,1.5209861735369,4.9832416540028,1.54449656313019,1.98346544028519,1.00617519277724,2.09214446507726,9.03357883404019,7.81523674997588,4.39065623672239,15.4677523785862,1.48820241326914,5.97642747513402,2.96092097432188,0.147534864922175,1.30169656232281,3.44798166121884,3,10,3
"1748",2.4112788963731,1.09089845275857,2.42441127669512,2.07737301122271,26.3492944547442,1.05022578028094,9.66048313403742,2.44989706341341,2.62015158726245,28.9864269822677,1.11540544437131,4.84752765362347,2.22842809829361,1.67827251835035,4.18762493036084,3.36414063381682,2.73721874452311,1.66275450960158,3.32271195748208,9.81736454788553,0.963451264630106,1.85166310807563,2.2089320430179,35.2480295774148,3.9822789192407,2.61384432565356,2.26782785738253,2.29882767026252,0.84833178603985,4.82568865973831,0.626551195578647,6.8599228907353,2.55882355019448,8.02667042265888,1.79600559334991,1.35076625137881,0.415861737509383,3.68868599862611,2.08805503334219,4.27917242688907,6.13759026381088,4.44879462803969,3.17718853293163,3.87052814216649,2.92241870661115,1.76026496070912,4.9643262652167,1.32748149341915,2.44238482879887,6.22527460351767,3,10,3
"1749",0.898637684960996,1.29279409196987,4.4021615239086,2.52924156958339,9.31731281724589,5.61797163402732,6.57347713240676,7.13840342721347,1.33053054446891,7.63243063883753,18.0665221587352,5.14273748534468,3.21227598171735,4.63066156864765,2.47150443172352,12.1034064968096,2.01134996666939,1.87394596702674,4.84695604308908,12.4301788888349,0.75296924769987,1.25195344180535,1.67711640058111,1.36386373987629,3.27202894941824,2.83945081742962,1.91264521854183,3.68864280966968,3.74996649977028,3.13295124368347,1.75462808237768,3.11314466997533,5.08534284826388,2.14893727064741,2.07739823141025,0.290086875871635,4.69035903259927,2.02221391982045,0.924283493113225,0.291341128590579,4.76508522861195,1.92820049502392,2.10694336795707,6.69159281011423,3.50120365173072,1.88097264055951,3.83758198041991,2.28621446323228,2.11426140374754,6.85792865045099,3,10,3
"1750",1.74701629246666,2.32721145464576,1.55236288532525,1.31009176068586,2.45166012910975,8.60987263145128,2.76597523351675,2.13933211729901,1.42520565708697,5.2861139270784,4.88595241395242,4.95022076475058,0.603622509961072,1.14657039771641,2.32963587053014,12.0639145555749,0.701566867485767,5.06718722785668,2.62220906098805,11.363144368522,2.34657637188951,3.1057786042741,1.63237244304352,4.31822946822975,1.23841314033897,3.08389556627935,0.909377662005332,3.85032612911106,1.24583782526568,1.67048835809088,0.938136896109484,5.9778287647393,3.63240073088576,3.8500035755722,2.47435280087398,0.911099784009314,1.32467281962563,2.91495485811568,3.20386037425852,3.11218242470801,4.1133811424057,2.21763220332297,3.37679303246839,8.90954133248621,9.46276760289413,4.71441425640629,4.95279222770484,0.325054125766367,1.4646862994441,6.05528565720618,3,10,3
"1751",0.757026190161525,2.18907931913704,9.88192453481229,1.13430522461775,1.76984813144132,1.70768102936914,3.97915055497813,0.591415098325173,1.3555783226629,8.7915238224385,1.04823250322642,3.45134745503813,1.13862076764076,0.923636814423422,2.63254238619472,7.71083129584914,1.92393367684518,2.98986317614139,4.24570763103135,11.5931601640337,2.10396732240886,4.04406245623662,1.2301131590318,2.79821831883224,2.39362000811117,3.53612960805173,3.89606730238102,1.7754785925504,1.5635806076528,1.8253283419631,0.290209955533696,2.25661865920028,1.42426159539637,6.49871987706828,1.21410940940951,0.425024419775315,3.29982715325137,2.50788248452162,1.08717729164709,0.768985928684501,1.00095526921251,4.38868222611755,5.6276984318957,5.95888352297435,3.49846853887377,1.65243516412929,27.6825435938582,0.725621160290375,1.18270544602899,4.35876482527172,3,10,3
"1752",1.3303894685388,4.34925221459743,4.04221670700047,3.28681397920059,5.62055048157986,3.04158342375143,9.41870056202667,2.71898678682355,1.82780205278292,3.49761351524885,0.682198532745729,11.6180338439068,4.12495798917509,8.68409492682377,3.32723478591982,3.69181560594423,0.996048072807399,0.249092652343754,3.45231107943232,7.89849072549752,1.89401262776897,2.08152027081816,1.05516407393651,3.83778346148811,2.08494179361569,2.55544652584899,0.969526267421718,5.15224984479355,2.06256611747408,9.42927581362156,0.164056117293056,3.4005222008758,1.2276421588799,3.64780786806687,1.61678576173203,0.971893455000242,1.95761806255143,2.74462237478109,0.696492277818744,0.704774885597469,2.74173795577883,3.1966927212771,2.20328010588454,2.69861050603997,2.26756336488373,2.07883704655926,6.40996814600249,1.29161469706827,3.28762260379736,1.97042275339678,3,10,3
"1753",1.70375929005048,1.89192082348837,2.56173775637886,1.45345750477688,2.878739049844,2.65059284063441,2.6191301264579,3.47410034563591,3.12671177931519,5.03695421975429,1.69373341764459,7.40344740093592,5.32727258718924,2.959255060607,5.35101465694027,6.7840000454859,1.21142428948368,0.615829226917471,3.10606211124796,4.51769276937686,1.73085810720173,4.1961611291187,2.0808707691786,1.4756812291558,4.49821928195653,5.2680338094776,2.58435582847816,2.59881697271518,0.409307004841587,2.76687638124422,0.682437435694685,3.28655671742953,5.90769774697937,2.33282711982852,1.13034251092694,4.38996188874984,1.51909285021454,1.89881874843485,0.444678099630683,1.26600311307846,2.4599079175896,1.50967726667384,6.47120509374404,2.62548327490588,3.04694010324353,7.12658470861093,1.22185714293012,0.355902081152301,2.23027911928212,2.72156035227893,3,10,3
"1754",1.57899517207935,2.00620924238927,3.1993778206746,0.931822519220584,6.53767374372754,2.8652919741919,0.774154354403221,1.35193734420661,2.40860274804197,11.8524426351045,3.90947159455806,4.93920873362393,0.689862500051023,3.06799846161082,14.3690325759107,8.51136257308076,0.755407669090098,3.22086873921209,2.68876450620631,6.03509435873795,2.50625771544767,2.94715697013627,1.43905225081345,5.92720295187878,2.00206267633723,2.82662742282903,1.35879589588196,1.74705506142808,1.4388999374354,2.03047218710901,0.822427916858577,3.67060571464033,3.05037035223262,4.3459212400314,1.27337255520489,0.342535110524645,1.52005557083976,2.89276337199893,1.30106473895685,3.14276081705265,1.84741667085386,7.92287051688806,7.83616601163234,3.69551342135753,7.12628913893797,3.19991231366399,2.27758699669327,0.752047786366699,2.22969138842896,2.14285611479179,3,10,3
"1755",1.4456538259854,1.59601300044975,4.03201553655627,1.79482675633544,4.58822898316357,3.28370398694345,3.05175565277784,1.62215402139241,2.54933134228454,1.86362797195446,18.2653674738161,2.41388926975958,2.41040770790269,2.55571663783136,16.5709177472921,3.55785173777025,0.708610595433391,1.90561194898127,3.80328856315271,7.5451699497186,1.62156153737611,0.865284479903929,2.80343239285631,2.06698654430956,0.736659933855372,2.42133513588141,1.1319471913201,2.31545453977143,1.31881895173063,4.0232457103381,1.66558914375913,3.36713924228629,1.44490746799871,4.64292965449108,1.3669822111652,1.44341491849601,2.43786503719429,1.85755133451976,1.21876123410422,0.732792648352531,1.22218525171134,2.1656362975245,4.36306213587703,3.35238060366239,3.81753234061136,2.33121311526986,3.99651263244002,1.04703040039617,2.5441083359775,37.0565663529172,3,10,3
"1756",1.90009767288508,2.18323435500286,2.26086617130604,1.43956653966254,2.85664604827852,3.73135419001813,5.61966866564199,2.96850140563943,1.61374614355871,9.11581701150601,1.34872263791963,6.56870987007587,4.12896084866896,3.13121338715431,1.25705147377995,4.75326212068813,1.31115509623898,0.524494561083149,1.88207043800402,10.3628472874827,1.41145743825653,4.47017587736246,2.12313032877126,28.2544614017412,1.97347360230664,2.94790431084259,0.816607663874686,2.09230032916483,0.465216478467437,9.6218116849849,4.68797486077658,5.35845618722699,9.50859512528393,4.63027408071824,0.376669209325992,2.7577852874989,2.71050041795709,2.09579145205951,0.721061247259339,0.843251763193901,0.693504838168019,6.49302088994609,3.71094980782816,3.48581948356674,11.2579312360022,1.67947471478924,14.3864998319222,1.43131745880223,2.11555544833208,4.39683702078586,3,10,3
"1757",2.43193203213157,4.23919934108455,3.03257570644149,2.14174149512236,3.23837650769085,2.86719880813255,5.3282689593956,0.597800329322897,1.32359020381371,2.50756724121575,3.13878840539065,4.57423437839831,2.92422520128036,0.38030658911093,4.3175178513898,7.27668533959964,1.41192042893634,0.446945667885651,3.62325562324985,6.47350941335655,1.55259582063404,9.39756119580466,1.93688695023675,10.021687999126,1.88538198662752,2.21073315297334,0.68078074029159,2.06605309950321,1.58252395817595,3.56772428687556,1.25212575403069,6.50722547701083,6.98691840166854,6.76384800637843,0.725185635125158,1.23782695127617,0.13733796839065,3.78776980963637,0.682923195497605,7.77852631579151,1.73003034277709,3.81133874400183,8.30504758765691,5.67195373499428,0.805381697811086,6.50364107392889,3.04287396322016,1.51759694081758,1.4632367603629,2.13539141386885,3,10,3
"1758",0.644033648935121,2.17878472227489,1.23584829823081,2.6471308682335,2.16623697486472,2.12588706341167,4.0695144043569,2.30299493552575,1.81741170495606,6.66834973409194,1.67317382857734,4.29781115581114,3.24229273373499,3.67682865510602,2.4942465202685,6.89772335256231,1.85739724632899,0.506232417696829,12.4373171719047,3.85295107180978,1.5106186889838,3.43220293500177,0.837217687469541,2.87363452817188,1.0624494913949,1.3768340064114,0.844333996731987,3.16824455707614,2.88287820390473,3.50662261083396,5.06092023532327,3.21498922242497,4.65259634790729,2.03033785319206,1.74148988658611,1.80781816652859,1.6904486910058,3.93412397037046,0.941138201776183,14.1931714183637,2.49988567065567,2.68919927591735,2.27632678707025,5.8625217279467,3.61343442142767,1.85784775169177,2.71907177234866,0.944447056412763,3.56767446643986,1.25315582623978,3,10,3
"1759",3.66292939701735,2.62833081423482,1.47798513662361,1.80145373232575,4.23759498972826,10.0687430644584,3.47199056293154,6.3365815327645,2.62015974567149,9.47539172659669,0.518121217033053,4.4412042323473,4.05459167363409,1.19326891365749,5.83587832203705,2.80438095948156,2.215017175303,0.954767287275765,2.7539769063759,1.32215575780247,2.8467924094181,2.49282807230532,1.23183609591637,1.70376068758432,0.489617893657685,1.18247724468991,0.984625912455852,2.10322098434768,1.89398377513446,3.9314152476748,0.315418167595706,2.80884470867009,2.98528601795755,2.45701391467315,2.82809532117007,4.53809223196988,0.588812082543059,3.34813240590784,2.54542971884569,1.15776687293125,1.75353270816729,1.68594246877286,3.07837863285702,5.34395855686686,1.49709619801325,1.59756254347694,2.71957657196963,0.400505629271972,1.89581065015158,5.72700061866166,3,10,3
"1760",0.380810407952691,0.607698081996156,1.37718106278659,2.16382488125643,4.11846014494596,3.0037484006523,2.76359888618108,0.442438527132966,1.64869172469092,6.48657574281521,4.75698999662722,6.10480180514802,2.17206807136492,2.63825262766035,8.3577588686047,5.729809468177,1.14638424562463,2.80834982626076,5.54481617476799,9.11712900961222,2.05779154827156,4.75970409558445,1.37445663686277,4.69725343104087,2.30311041134142,1.96378109569184,1.06719621228117,2.72132306627748,5.03800485476372,1.64623481151539,1.24469089629118,3.32371330384927,3.03177656832185,3.53763922626188,1.17945364683156,1.5692744436529,3.78713979397616,1.77775303791583,0.916580684084325,1.32722433544388,1.34130105177084,4.7877816662347,5.92937424497694,3.31072603879841,4.63283109863848,1.04787817022868,4.68400990575803,0.57071890068752,1.70725420143421,2.12710868526231,3,10,3
"1761",1.38194162369126,1.80311486825552,1.62205474378566,2.53353749583405,3.86233066539096,2.41326906882424,3.31833246113422,0.543717477075099,0.932843297425111,5.18725380038062,5.84569678197983,10.4936550613199,1.57174458850925,5.53213294001952,1.52571016719079,5.30188963337029,2.46106211126427,2.3626543869969,7.1812025592738,3.01711129757581,2.18366769942561,3.41668247583254,0.536152716544506,1.79780034975771,0.935362421525345,2.58698091205128,4.30485292037029,3.45964607257298,1.27863466890953,4.71315829320978,1.16448302502651,4.93671865211508,2.85887223448666,4.86371249190529,1.14486943631683,3.42125356944527,1.06423383806132,1.72468626168313,0.637437871741895,2.12316220633641,2.26266621639307,2.03548181128188,5.99554014790527,0.722368747137134,1.94264541093207,4.69706738869745,2.65361128722946,1.30773293861971,3.53964885327219,10.7901434031633,3,10,3
"1762",9.94698316506692,3.27181121109682,1.6358739154872,1.86380403628786,2.19493921218059,3.08988091279623,0.984087632457884,4.80606625347754,1.62522490059363,3.75204280392849,7.53028925984701,5.38586202160983,3.74785703489609,7.19926631474416,2.44238565503866,26.3886685563972,0.514299920759592,1.24070976665048,3.79992053360215,7.48762002555704,1.35520410684031,3.3175078157328,0.974010600357008,15.3295171231096,2.49011476353488,2.10221787012521,1.41983271973458,3.18402887232268,0.681920365471386,3.98748544812424,0.174828942912843,4.46999585223799,5.22895343427189,4.90636186875448,1.68264687260922,4.64348495746435,2.16513579622087,2.84410855210471,1.22948745027402,16.312651649086,2.08425266526806,1.90610693106422,5.06689021779434,1.73649002183483,2.50789479840066,1.35947310175057,4.91212693538358,0.942483069767508,1.83191603500283,2.43051077116445,3,10,3
"1763",1.85834565892917,2.21425546917288,3.85381841698093,1.36962751096251,3.57725415134505,1.76425501259451,2.57857693925587,1.43284741909419,1.54669012229641,8.84875572434656,2.83107761711213,1.91049850876186,0.397886798410839,4.88896808685722,2.38107078756016,2.74731928412779,1.69560373447302,1.93004187224781,2.59673268625042,5.22688932219642,1.07703643096706,3.29332235349057,1.16694109758974,4.00881381362484,3.76190917968002,2.03893825332327,2.74148607425936,3.12380915633632,1.06132859323144,3.07395327982406,1.22313613253132,5.92950728323041,2.58745398346339,7.15881183155619,2.87499014632276,10.1365021615715,3.70082243471595,0.501354464879755,1.11132836669123,1.62155436656079,11.3944564428967,3.35668620799078,3.70949249349377,3.1240333948801,6.51559799803782,1.73998028634416,2.08074896192641,0.78956369788663,1.90424857563031,3.05299017809431,3,10,3
"1764",1.57015304724147,3.07666000031403,2.27821591808295,1.66354915816392,5.00544287559695,2.39098953848362,3.21843298841391,1.71865762108694,2.42672928997072,9.36199970934099,0.927618317035474,2.6555796219826,2.73367159408836,0.664143591304224,2.85087320956563,8.51014741758742,1.40512121878981,2.39702144546885,7.71688121161733,2.4948040751916,1.86331559845033,1.76682301468973,2.07577813095788,2.46377156345196,1.47482809846627,2.41943648117625,2.06169245896161,3.18586338310967,1.11172364362249,11.4741437958492,0.751720748457823,3.25964488006437,3.76954137842605,3.19408555256488,1.23855280590121,4.51415191897591,4.44151716428957,3.10713957923285,1.88428757057379,1.889967826527,4.44056854792741,1.63667575626805,4.79750523539365,3.98276366274907,2.62513323215835,0.993527220727089,7.83215684132227,1.96877744266172,1.14204990285446,4.64837863164092,3,10,3
"1765",1.78124184928297,2.48985617377461,6.47339783945331,1.31289340315311,3.90441099331534,3.01186569462334,1.53711351743199,2.84747555932795,1.32780688500163,4.14063424212582,0.905747082330889,13.067124400993,0.18674927863061,1.0280955798362,1.62004204818381,4.4961284711746,1.19175544153179,2.73748181372361,5.23039510510709,6.33160555699767,1.04146052950067,1.78191945767858,0.470618217160522,1.87809799479477,1.80494548449843,3.94802163773185,1.22479160623179,2.06785959195105,1.04051823328777,2.71392690079156,0.961699295453789,3.18970968092078,4.09170881658182,2.96969746993715,1.3641075581862,3.51926121887693,1.15639341454698,3.85585819180798,2.16105214260854,2.00353719866631,1.69638778484994,2.63428646003849,4.74606910250563,3.07710012584654,1.92120854178868,0.935964230260092,3.56049755785691,0.221358528007702,0.711631051094004,15.8038987213453,3,10,3
"1766",1.29747150011639,9.45220145696482,1.5746599226028,2.96041766484037,4.67070350866217,2.49879733110568,4.6749182228699,6.98743497150978,3.2486840396067,6.7063529013019,1.79574584147332,6.32243990079232,2.62167263286851,1.23599833035249,2.49307366511816,3.97335414103526,2.42437374290926,0.986547094629742,2.36145752556292,6.15952408118684,1.92957445785211,2.11950617120569,3.11532780106355,3.0036404396442,2.12152238410126,1.74688119819092,1.01933918608838,1.90489867362224,0.629981100105204,2.75161776234364,2.94482780549786,9.57190032706519,4.15403548339728,5.10660341263065,0.964542030140815,0.418542231154502,2.70940740800894,2.59194117859603,1.50532242783455,1.53517469563931,2.33880588984357,13.5773944523855,2.05639444478815,3.3478399782236,2.65667534683642,2.93281812281066,7.98827670485163,1.58055352706367,1.53038056111114,4.50875957595263,3,10,3
"1767",1.75284117676163,1.13377939654418,3.65247767036796,1.52856338757672,2.15973494934002,1.02740126881342,2.0505021686895,1.73103230342861,0.621690139028798,17.2547537940597,0.98857447143353,7.32343912873753,2.71342760497732,1.20351841041861,3.47202087475782,1.6054706245595,2.69434003763471,3.83381969025524,3.00555199778679,3.95283568860731,2.84614339457401,6.61277153965577,1.27510100152852,0.769587009434326,1.9080268647852,2.71469170960302,1.1135790769257,2.07804321188239,2.30730849707558,3.585961826577,1.46660110017544,3.49219894578722,2.88608394190929,7.6671013486617,1.14042188866869,2.50041194577865,5.21579297143705,2.41583015420508,1.60307876059272,1.9248908756449,1.23817097939776,3.61422564473821,2.54797542743696,5.68465316894966,2.71589442996356,3.15303085985895,2.43442524747832,1.44613989364115,1.74753787738297,1.69724935809481,3,10,3
"1768",1.9587607159974,1.35509113540122,1.65303568891125,1.32541477980725,2.02040885021595,2.63196866434405,4.40528117380545,2.53133779664442,0.346075120398174,10.4136609594795,6.65085742561757,3.32425792790289,2.40832590758389,6.79275990509608,3.12768047020459,1.30473629789509,1.30384304456402,4.03111355722736,2.73056313951233,6.26845783582452,3.97159709341023,3.04141822629581,1.79914490424013,2.14360457004838,3.06978941980937,1.40059021755158,2.27398671720828,3.70068183350492,2.17455631861571,1.78028752643201,4.58367389218021,4.18224428902817,6.54205040425733,6.74522852122582,2.20554608903281,2.83897880916549,6.53020462126834,2.45515641721607,2.86309899295083,2.47504851162374,4.22120810854243,3.59470235059142,2.44969944463005,12.4564628254731,2.88370463192764,2.19377338310756,13.1493759237325,0.360041124553836,2.23217552725048,2.63856688331535,3,10,3
"1769",0.820292670866227,3.15671683905945,1.82490030325718,2.21641981578884,3.28165038616046,5.15145457286749,4.78319082959585,1.02521787535668,1.24273721349097,12.9665738172901,0.577279697481007,1.07049739614154,6.01629957472286,1.38331807705328,1.86810918705444,5.28316421677462,1.75339085492006,2.55111618820225,9.70344588283246,3.98688034215334,1.8800699221792,3.12527815281444,1.44910516799758,6.92273469669028,2.10048642686667,4.373588518153,3.02416713422452,1.56267253060549,2.40506466052132,2.41046772302174,2.45908004464857,2.71924634293329,4.09554121931834,13.4888420805959,1.84297663738823,1.26428020688908,2.09066882575464,1.19454436159425,0.577927786276893,2.17744240802879,1.28223248155062,8.72787044625438,5.17436313783002,1.99923783710163,3.34839813989622,5.27210916343203,3.62040870409904,2.20779922647066,1.80159736170423,6.0301122537023,3,10,3
"1770",0.899581384959082,1.4526425178059,2.81328309594734,4.3943750108566,4.98807954316277,2.49529779198196,2.98051122383205,1.66752875612168,1.74780392591556,4.27847484174849,5.10873129055235,5.45977699312177,5.37435189883226,1.20263424753237,2.25907538202243,6.65901994270619,3.45901401343256,2.84925345882008,6.67758456442475,2.89890675388337,1.88484607079811,4.07548705404647,2.51907013819106,4.14698469304041,4.19133354597427,1.96661183217431,0.986047539186331,1.97572021723694,3.39276193547655,3.66505884316549,1.48488271146807,4.45988547272594,1.45557212524617,15.4261244516542,1.47861809680329,7.61554087608041,1.22207410597067,1.57537202160216,1.64387032898803,4.83272304953324,1.49948270544851,3.56939359700204,3.93041380601284,4.33899911420242,4.19307203432009,3.93756500772013,2.76149380191695,0.99151120414925,1.84788100072525,0.522528353410434,3,10,3
"1771",0.819243867091046,2.52900807465474,2.39633190850777,0.499874556113782,2.52239801900105,3.69414387668764,2.12493440063973,0.586257487486248,2.2638624046291,9.22486073328743,1.28079620013234,7.2157147401048,10.3371947028151,4.07454349688889,4.98749068872108,3.61599622168188,2.35347312603245,0.220679942302383,3.17688795836276,1.57241443865208,2.50914610854295,1.45074918824065,2.02396626124014,1.47473455363952,6.1026629939127,1.70908537128224,1.27440370592657,2.01263185258122,1.42806972232849,7.28636819611126,2.40490925450424,3.33780035814529,3.61608411408021,5.80952787177711,1.55648713396688,8.52531046387641,3.31416141038891,3.02199090021904,2.3034022759119,1.1012923862141,1.23536017247072,10.7582906122631,2.79797115693902,2.35464487824666,5.14299844721823,1.43175993965291,5.17500985360897,0.248313986170002,2.07759428899962,2.77276089733912,3,10,3
"1772",0.941881175195592,4.5352288866481,3.66593038316842,1.66322363814341,12.3293396674341,1.87893768358396,2.3142940323903,0.389331066297448,1.32062216556483,6.87745754116566,0.619874291811975,6.9043318090452,4.19910499520721,0.882493716527276,2.04977655902477,4.10220240875457,1.6041280590221,0.225509218231237,1.84287322940428,6.83235743101803,0.748016619015629,2.58290861817837,1.39787615189515,2.05401906933716,1.96990615649719,3.10139954288069,0.932043320826779,2.74098268134673,1.37856480434344,4.22218253540085,2.0371947440225,3.42168284046621,7.29908593110221,8.71235724833096,1.38587402184026,2.75744660016646,1.95103044642797,1.61575575023104,1.85884126620581,2.12208288185842,3.49704524227749,3.02444951268037,4.28738708802672,4.21607122952836,3.25575011450149,4.96659446848591,4.86750360832778,0.47473258661994,3.86994162142746,6.24227247433478,3,10,3
"1773",2.95612764262127,1.35581800247751,2.73133315889067,2.43041146763807,8.13373822506061,4.21500800045878,3.34305244176155,1.45865826724451,1.63400353091402,14.2273292915932,6.69166183799383,5.1901041759131,5.48211933206537,0.62170805783732,1.51905239420939,7.53208123370063,2.17991161458749,2.63475280415509,2.57253958690682,1.41075491027259,2.44974220275017,2.33733089835247,2.06425643822096,3.32727540163528,1.77598266538787,1.64102001998486,0.764488071479555,1.95137013004922,0.955965722920099,4.03745059690108,0.196356221414684,3.05018025705208,4.20921115008752,3.65695986676138,1.96707970645443,1.25595805758052,4.98950104463015,2.79731339789909,1.95691279966816,9.61024410083216,1.54980909580331,16.0516300772999,0.823122557384964,3.56456542030746,1.70627750975292,2.35515276936237,15.1359297055655,2.94809987573343,1.45647563514548,3.28677585019731,3,10,3
"1774",0.871439247767448,1.36497569703167,6.90565835117188,2.23403377813131,11.7178876291948,1.58333295853637,1.94076310653769,3.26302440778196,2.07292469838407,58.4148395584262,1.40893114961231,4.20499684395427,2.07388082321127,0.788215325125699,1.78535283938756,3.18451284266224,1.3957428377498,4.19649596621738,2.9486858393359,8.61324083655821,2.60317966176012,3.34057631434582,0.515016734013434,6.24595260277766,1.54627601219719,2.62222426707685,0.783063434124632,2.48779913786015,0.767564886232825,10.8028608099302,4.15977540036914,2.86076699503597,2.21720869128951,14.4496740687761,1.14418398227132,2.5295734428863,2.08427524006371,3.72786812578791,0.551178029122844,3.57561592610578,5.0925044195549,4.44108060144783,4.15815436093445,3.80799794916415,1.90290361758773,2.83372683440977,3.6157948300432,0.163946790812229,2.75386149468103,2.48951586522283,3,10,3
"1775",3.27075954415232,2.9980178620423,2.138124615622,2.2675622204088,1.8817745450236,1.43740989827043,9.92351466342512,2.43503178940544,1.8560055799063,17.6355992513968,0.692907164125684,7.15225134895202,2.8784269985617,1.83150223317978,2.22812152155899,3.47190331888479,1.39299329969729,1.29238675184407,1.55178909301912,4.11310789707224,0.927133445740779,1.66600314061314,1.08690033026067,14.3442900714705,1.30336297209369,2.4328289493086,2.5991755086967,3.54575762910965,1.06708471312157,5.22222778378809,0.579395992482202,2.21208276351032,3.05882605681396,2.77541751764383,1.07120911400592,3.42110501367364,2.04267541931177,2.41353150006889,1.92391753601645,1.13219070019058,2.63436843499199,5.23790672008025,3.22137835075393,5.44733869016433,4.32007723103825,3.01115159169756,3.14054642599472,2.03013536603311,3.37698415452307,5.93094100563727,3,10,3
"1776",2.16876360932813,1.18589456411905,1.36701854635804,2.60129313828633,13.9234407822578,8.89726703206217,1.76563398161907,0.519043521106314,3.21983111836293,1.93087205471795,1.60543096106173,4.50698466377095,4.22711164716788,1.49495525494625,1.84371758418475,2.27723598463797,1.50535108700627,1.62849482798192,3.1887523357737,7.44803465062516,1.01030992583071,2.76842729837265,0.273994450571564,5.79713294039799,4.26683778960468,2.10894268967144,0.563781829378373,1.44283437903192,1.02784141823159,7.05949890720167,0.490629758517,3.96494709447908,5.8774728126368,9.05009175878341,2.20138374796375,2.01944596269208,4.67845429970356,4.34058733451264,0.408393306387871,2.88059072398534,1.54769519925479,5.03146964095036,5.79370057918932,3.34551308127695,2.78609157476616,2.36930369143602,11.0532436286567,0.616172204910949,2.08447016725143,3.94371598850781,3,10,3
"1777",2.66595106951005,0.716110387620812,1.68932784683161,1.38201791034469,1.61376361328749,1.49470755016706,5.83339470618115,1.15944470731482,1.99989817606316,13.5902746280861,3.67350713480954,7.84215203433036,4.72609510231452,2.8831755186375,2.30382708130281,3.0790971600292,1.45879080587581,1.85186655264937,1.46470628278027,7.04004248966438,0.789609893717846,2.46212688260046,1.17791474576968,2.74590634630795,1.97179647156523,1.16950819849761,1.70320300733093,2.06434173979605,3.25812130719285,3.23240916501194,0.795785540910192,1.89087204930552,4.41011216135585,7.74024176162373,1.74456065025687,4.52219239491281,1.10731748567972,2.51761044488104,3.36607845220572,11.1768719919775,2.23101031787989,1.58340429355442,4.78467570851402,5.9580081745275,4.69243124417126,3.72458356443837,2.42620891590258,2.17259763912863,1.74448738597709,2.67309222904426,3,10,3
"1778",2.03156110730026,1.86426458186037,2.40693711514649,1.87007373385268,2.272326933757,1.4300869811376,2.14603312404978,3.83880864034248,2.56679841785953,6.52953709852127,5.52259507536538,3.62994270312001,2.07274599801991,3.73306148082073,3.52863566018855,1.75271941083197,1.34806839288598,0.658991296040305,7.92673863555979,2.17451647111186,1.95045327826118,4.76033417216993,2.12383575502457,1.36542156569798,4.84553919539843,3.33283996782441,1.05132068964846,5.31155329869473,3.2068357449428,10.8167780005205,0.699192053539991,5.91803739693902,2.84660421805438,7.04969323692396,1.24722515111444,1.97833506314156,2.20653564633522,4.29110822799485,0.61877919304874,0.39177531701252,3.17543677710716,1.73738852614672,3.63567473042817,6.36175967501527,2.88244088769941,3.91675164508112,6.7825465867552,1.72220655171394,2.78919511865349,3.87736616293172,3,10,3
"1779",1.33974010683545,0.898463473165801,2.02438258894322,2.87840787029344,1.34591274803961,1.65718423451207,5.45960079765575,1.17762571848179,1.38742782484898,11.5835017550857,1.92717678174231,3.16843356516148,2.49460083063335,2.18630018993034,3.08595733535954,7.14734610439117,1.80689303544529,1.26587664561303,11.2252945523152,3.14761782502603,1.18932310325757,1.61236823418835,1.5234694931643,1.74019738582579,2.6587990957104,4.06377048732466,1.70167526995695,1.51375886732086,0.95735671838487,4.4757268792787,1.67128810116401,2.32865142444276,3.21142936311617,4.71739214314911,2.52214068822523,4.54154776092925,0.964538585668659,3.52475535708204,1.0809059163707,1.41926614472456,0.841106747770102,2.7800292614399,2.81512802609285,4.50078628630512,2.82379269775615,1.04330675206853,6.42622627491685,0.72558966954183,1.61270351791378,1.44539847535902,3,10,3
"1780",2.69416962243052,1.89035526734699,3.74727750241647,1.95475126777565,2.29125324126682,1.0759840685837,5.85020982603339,2.75111515635761,1.09048670958708,12.2534679974355,2.4371173007828,9.19181159664016,3.34652085645947,1.69509845715449,5.78501452088019,4.09229900048914,2.4310209759017,0.790406106058632,2.56625271375311,4.63568429129256,0.936532689196907,2.05608974994582,1.92900942017536,1.98816893437389,1.80189694482959,2.45678364933855,2.46830310539866,0.963664147664049,3.24171754458854,3.055213929549,0.144952829747249,3.78059413057925,4.43259517613786,8.87179070339416,2.07806401188711,2.83648040192906,0.482316187027549,2.68386025841749,3.04106492192434,2.80774546482121,1.69035755106175,1.77033914067879,4.16155085114862,4.24574658086913,2.65912679995738,0.828341630549944,4.64370072855868,4.55978465768713,2.16947825102125,2.17838364035895,3,10,3
"1781",1.95975911353609,2.20002852483985,1.81606590260031,1.45443523237803,4.86632933760721,1.91823452703737,2.11989641458083,4.45495170777139,1.2314289122404,8.42917533292445,0.943398838597039,4.22947098179659,6.7023296934471,2.03448488881174,2.51296939770019,3.59902115400554,0.543356173412696,0.980240354487074,5.30259968046181,14.7714057612757,1.24531157199263,2.51354945921756,0.265407881036465,4.44094239561598,3.55219858616635,4.10655045506449,0.798004181736594,1.82997465719791,1.30519908445572,2.59887362632977,2.37580611523027,6.36712182323622,2.64286233973645,2.25513190749626,1.2863314762756,0.0859214563223764,3.40733935596651,5.06910441417427,0.500541507044967,3.80103965415678,7.28395491000795,6.64728379453581,2.612886971036,9.00326307341793,2.03994100858002,1.46176779076266,9.96555224200408,1.07353846594212,2.74356501386457,2.10705726457009,3,10,3
"1782",1.28199091676399,2.32772629096514,1.89311344988805,1.56615012556672,4.39056722163551,14.7884753147412,2.41376431846338,2.5362449482301,1.95439042045949,4.62410832414877,2.56070250410245,11.4137552108317,5.36511013285511,2.79149435456017,2.15898086930934,1.92240715030749,2.15285091540105,0.839177094701278,8.10597461722928,2.47627774292488,3.54844588386966,3.05867517639185,0.873615829162984,1.72577636078493,4.22285884985579,2.17379164997538,0.796632179590254,1.88872123349729,1.62046055128935,2.27475139641447,0.887599764077303,4.00523135848968,7.02168127640431,3.65981326212377,2.21195090813841,2.46620860923697,1.72591708760506,3.21993467118512,1.46200110934579,0.995240655281402,2.78787843044671,1.84358037676933,3.66783371988259,6.74964696593881,2.40349984749109,2.77838203962329,2.75887921827288,0.637471502112597,1.17035298188129,3.54249603644189,3,10,3
"1783",1.36763440099565,3.4598585661195,2.91091539795081,2.96837963054956,3.37691960687735,2.64859200840406,3.31965053623171,3.83237940499189,0.89722773432769,5.05052003662129,1.08588760843474,5.7195457222733,1.1654087961558,2.01107272592968,1.8062547157111,2.08440464489362,0.870938978277138,0.0879295222878253,5.04174328059943,2.22280347318675,2.06331099095091,4.16538345221239,1.68469788878129,3.04437118117101,1.16762643785602,3.15144415004235,0.85695497915515,1.91815582193215,0.701945524231986,5.40080232034983,0.198942726485832,3.72050496255668,2.43160468081149,3.50260270550329,2.63175357616115,4.44043889252179,1.40529928291698,5.66187374947419,1.17761671276765,9.61734539824149,3.47331361132985,1.92971634769875,3.67912618228844,6.07888183366641,2.6581555983357,1.81208930887369,2.1869736095862,1.87033508532016,3.20106821779674,2.10779641570312,3,10,3
"1784",1.57710206984306,2.54876694646586,1.32797438685874,2.24314919476428,6.04483064412293,3.71090954476365,3.39246756253633,4.74717556816448,1.31484860269776,9.0567687560338,1.06978645923791,7.49352436738813,1.5762546096564,1.56682181876665,4.88658427403704,3.12541827835538,1.88432745624986,4.33307190193144,5.53503386104306,2.98931045978063,2.36865514303371,1.27271203001662,1.28221080246929,1.23704518618441,5.05281451192375,2.52182655480386,0.819285749516953,5.32871540813383,0.859054872933994,2.70610489647082,1.35535381193793,1.4012778447649,2.6829924277731,4.5056435192148,1.21832189162214,3.89750001604503,0.790351980794692,2.2297888831963,0.858142724915388,2.16661449238094,5.64415008668173,1.80407894703568,9.02741151281811,1.58874722372914,4.81981099385851,1.30757683312489,2.72165257484755,0.842739365984714,2.2007464243816,11.3853671677242,3,10,3
"1785",1.00445553422232,1.30961406293857,1.87536377976433,1.41168448013307,3.74835182141021,9.95235972026303,4.65284233112729,1.05848680814733,2.94965105343011,10.9914793739018,7.52991236524262,1.76804614054673,4.31573534234644,1.73423265679005,1.26164901502026,5.36404634001948,1.55455110286258,1.67558888882627,1.8247174162043,5.77533501434467,1.47167820497114,3.35967334504336,0.803539684584164,2.17912721874869,2.80892457915021,2.3609695196615,2.67851430696883,3.46034110662406,0.928884695449544,4.37600410343334,1.48929325585277,3.28091056741089,9.14407557924538,7.70570123925273,1.1103538526999,5.58229212080745,1.81334818376472,2.40415717639679,1.71799666019713,2.07976249846436,1.73020520741756,3.79289129640759,4.19663060369666,6.42332630215359,15.3758103289062,4.88379247727859,2.12140595875721,1.21147989818364,2.39970778918424,3.15551776116337,3,10,3
"1786",0.780727694559075,3.51729462326551,2.29062222176378,2.09114940192253,9.67240443210955,3.19793523398034,2.00265997237954,5.84936630584213,1.20478449983218,13.6772338702628,1.60142691726056,2.1450491504835,1.03029020500601,1.90733286359606,7.15272356119458,4.86531484644239,0.378675696691416,2.22049628119395,2.61690913803561,6.21057017201968,2.16937205618276,4.1205877482955,1.11667327136666,3.1276009068019,1.98284762879542,3.18465260700435,2.5848256321969,0.626740645342242,1.77579418552372,6.63266199138377,0.253367319158546,2.64947291064862,0.528611553041639,6.13543143484971,1.16714904489643,1.7897672786947,6.16501480082579,3.37507664996184,0.751014284449445,5.7156323609494,0.978624045822647,3.19656445681655,3.34072224653333,2.27597451258819,3.11057573529912,6.26687833706975,3.67303987814849,0.764024378213673,1.37501539252275,3.18899027582724,3,10,3
"1787",0.722402280312743,0.801441506588744,2.07688003261167,1.74760107048346,2.72467715939943,2.46746114116999,7.49147547091053,3.06178724868984,1.20475630578376,20.3062989326683,1.95920215535953,2.38434827947436,1.96403210147669,1.24695578386356,7.27002501272286,4.25112891552636,2.61473206129338,0.823598430992823,3.29386442569624,9.33789528878841,0.983788612285034,2.82238766249733,0.739924730508361,1.4755087593569,1.85468530396633,1.98321303608702,0.669600013421142,4.92247933555981,1.18168687512803,2.17235724970287,0.435743939171582,4.72799416253684,2.41284371198779,4.81843738578301,2.02611946920689,3.23517644122902,2.62984195384726,2.87562314242611,1.35414826689477,1.75587406628081,1.46974936389602,6.52540610844821,0.849553939294387,2.83910389624869,2.71298254723787,2.363743119147,2.31767943591873,1.00993449475255,1.25876438883509,3.31030223832281,3,10,3
"1788",3.31509144777961,2.78272855050182,1.42398764927975,1.78662970018307,2.64077812704627,2.08395935623712,8.50919286369433,2.57296118267441,1.81014730176501,7.75089114959616,0.58930948827609,3.63343034200175,5.3446091726812,1.98253571720551,1.69926315532827,2.4683566343476,2.62412310367068,1.44898141374772,11.169642825602,5.46650282123391,1.30187403975521,2.98565952790007,2.40071717551448,1.52325849155966,1.79983012110408,3.39274356293414,2.23573748539158,2.87448128385209,1.68244907216704,7.85490041095509,0.401037345356974,3.40182186745581,1.82068273961471,15.6740511797811,1.49069006629829,1.93498167515725,1.64548675541206,2.07845699896225,1.90884410277186,1.78351090114389,0.871966555442372,2.41559536629029,4.33553347280422,6.18419076366982,2.68090683783786,2.17721563406383,6.90927483593316,0.294263592190964,3.59492999197861,13.0732183626355,3,10,3
"1789",3.12478541907236,2.95573730960884,1.64263755951182,1.99988160783987,3.31546975337484,2.84578515508318,1.5548582442015,4.50045862392822,1.74267475058579,7.72471858684448,5.14551262623177,15.4193581844907,3.95373042645014,6.0798959836496,4.89827632239246,4.51576753280472,1.10900205330448,2.47138429908814,1.22085185300352,2.20020767770432,3.0498975845914,3.54761730441888,0.514374315003473,2.49710941923437,1.46447921739737,3.35522037172082,0.40488177688992,2.86286636384717,1.40586594977629,2.3341063588176,0.869074869153642,1.69703435605304,2.40480173383624,2.64239570105206,1.97723420215676,5.15136394934932,2.47710768282032,5.11355301794919,1.89216309105435,2.05774986266502,2.89333433888613,7.10854813578172,3.62406394232425,5.62878352699252,6.8294628921283,2.66647333595546,2.65468107506514,1.451076286824,1.88411281742255,2.99293083423051,3,10,3
"1790",1.68531252539515,4.38859560992964,3.06849747162575,2.42479901714463,3.13065600660999,4.43447250710782,1.82021382391361,2.44737209242918,1.49438576351907,12.0453526330587,1.09568047906413,4.10887977903193,1.35810688304308,1.25633169390496,1.7186177762958,7.18437917281966,1.04561658407897,1.698130746422,2.68511014905008,2.25162790306038,2.59891396848383,4.12429566792681,0.570766491950397,3.52024658790849,2.28478904591099,0.732361382607164,3.27791101442101,2.78565916007111,1.09547160508555,3.71730953426027,2.28381394442438,3.1537239723371,5.60815111483851,3.88064063968794,1.2064114429763,1.47800949469338,1.26193274063181,0.630583527787164,2.68907356649264,3.28154654126375,6.59982378206299,7.39958616822275,3.88087108469418,5.82036671541381,1.90674182931249,2.36340929388614,4.47660667946387,1.06901662471166,1.23905875651744,1.54697141575647,3,10,3
"1791",0.305471451385987,1.5043954241646,1.69120123429938,4.07652941872068,2.10000531387862,2.30884612703397,7.2700675882947,6.49321544547898,0.854098663409089,3.15210991589014,1.29521323697699,4.82591811824565,2.75976197608161,0.646113663138628,4.76619855720118,2.29617540236536,1.07731875449781,2.05130490591043,2.62925722341107,0.7344874242529,1.07135664573519,0.957226649541015,1.46260363461502,1.34950864272916,5.54555305195475,4.08435380810744,0.986642562265027,1.96055750958931,5.66452941152194,4.96423243355943,2.63041166712796,5.18565427973347,0.935046248729733,2.85372133527991,1.29751212354334,1.9097504304209,2.30589789318286,1.16007489334959,1.03403718497711,1.46088854200562,1.7862428076889,6.44871151713648,4.27460176680772,2.7362702689808,3.56851780060412,1.45098372371024,4.00183937444353,0.719239627054941,0.727078116561342,3.43604387874812,3,10,3
"1792",1.44297291976701,2.65914148173912,2.10231832404164,1.48484790169332,4.64960878552749,1.04255934542435,7.93246726467503,3.24715504847581,2.29027385432597,18.7738416600621,3.65423087576773,2.22757744394018,1.94333395114397,0.870931628033286,5.10187087100706,4.47908373621604,1.10014359466307,2.31546459675865,5.9933870946181,3.05946784848651,1.97800389125828,2.98914444588739,2.47153708049565,3.15133166051461,3.16599424136333,3.46781488658426,0.562221274000708,1.0013001320494,2.66008316149331,7.43562905773031,0.148718931584186,5.11044725727376,10.5800516459436,10.7832991833108,2.11332426502607,3.41397137157538,0.596532170156424,3.79390319684505,1.6747567578849,1.85301114831615,3.72875528650933,5.30273106885678,1.79236715235547,3.5345460639961,7.41806779819735,3.02403320849704,4.2852936543469,1.45049971873132,0.606507110094477,4.53310383651874,3,10,3
"1793",0.355728165869066,2.51779936181228,2.22422586767126,3.16677630782444,1.74770785217588,2.45756503625727,4.74390970320335,1.25672611286833,1.15123063428373,9.27811436404033,0.92642358754879,1.69536833845551,1.60059240250902,1.85064094480292,2.1599803406942,1.25445320913478,1.28152147035741,0.542350875348461,1.52309806940663,11.2845996788771,1.96818441056644,1.29938500618032,0.655462935583333,1.82233785172791,2.19405792053521,1.68811053915281,0.411374208197216,5.05420483514204,1.30590893212048,2.06730598800204,3.85626339834575,1.54253285642353,4.97510378980668,4.12589271491808,1.38231596695391,3.44891149526817,0.87070350441596,3.41746979664772,2.65567350888995,1.97577396144093,3.69138734349352,4.9255068782477,4.01451797686591,3.07629399261486,13.6302232813821,0.836958950513505,7.81892891025997,1.64913557988714,1.65568039762524,2.10039756044176,3,10,3
"1794",11.5408570606169,1.1888440589912,7.65335427060847,1.80310510425906,6.2475444413991,1.42866595094008,1.95966549338306,0.569883597801217,1.10733059911872,2.64601413952429,4.05881842246462,3.48316941290333,3.71928820513336,0.566962721694687,4.10781007625926,2.02121098624139,1.9960687368974,0.338079071150656,4.86338496343444,3.70091240011082,2.80945444769517,4.34005701769011,1.2474534493136,6.19380097488469,2.1911236679591,2.39357697143296,1.95282627946372,3.97742149438052,0.839166658982318,11.2456239433686,0.840220383359552,3.25948252139563,3.27474880892083,5.48350906971225,1.84247377956058,0.563257325374021,1.60572157143443,1.79578642121235,3.14945728012666,0.561106132675423,3.43736542142279,1.86206471922239,3.00744821753837,3.62709485563673,4.60112355461942,2.42048981384694,1.63499569961983,1.70938724558455,2.08807796717101,1.74496282216489,3,10,3
"1795",1.71141291457368,3.44047931961215,1.23145910951098,1.46170872744765,2.24824063659827,2.02226628700989,11.4109131718625,1.2663723074173,1.48478434055237,10.1755156579694,6.42670877522688,6.33918711459947,1.66773008797133,4.40812942489248,1.13257647688669,6.1852513237752,0.751529643633374,2.34649524360538,1.42537568274811,4.64957039386292,2.55778838896005,3.19793794706354,0.338589811441641,2.27635310937209,3.25296301598629,3.16191011635188,0.9634516165427,5.07276652116569,0.999888718365231,1.63306781530525,0.304743545887632,5.85393196208838,2.61238875987545,10.6558961907631,1.14861814173695,4.6388746948907,1.2803754856156,4.26882102618697,0.173419800666862,1.69874222271296,1.98118700316409,1.46926742433129,2.58691500833651,2.35905352481981,2.212562122651,2.82766878164471,5.93127248585537,0.467427701487892,0.900483136403833,6.42245681535081,3,10,3
"1796",2.05448455814571,3.24101259742896,2.73373121103211,2.65489582378953,11.5050137663254,2.18757002087304,4.84931287637229,3.40039579258558,1.64148898540631,3.06729703511378,1.37604513904083,3.67316757531151,1.80681029547537,1.77622979466325,3.30231079107911,12.059452422774,1.55335940405235,2.09973335879499,1.85720972464314,1.40548537238675,3.21348144761723,2.37870331103547,1.34432103123827,6.4659558852342,3.00156111848163,1.58756185099574,3.013819084959,2.70346761438876,1.99668341224491,6.66624100981258,0.491873949176747,1.36375795724131,2.77930625823353,4.5894311570128,1.68143720459989,3.21752037549621,1.07805045464886,0.90658590158023,2.93572926716378,0.594257141167774,0.81054715282369,3.37214734722032,2.77987284049419,3.52688194545276,1.5050290486529,3.24946710629125,4.23011572894389,0.0846714013550897,2.69893223554508,2.3947009171511,3,10,3
"1797",1.53344409471815,4.76531278225819,9.49286893174191,1.40110665395485,2.36696097277514,10.5620754872634,4.33233573204707,2.66276147808641,1.4896830638087,2.3728007554488,7.19926363911287,4.55593990949216,1.11710269939365,1.08697086371296,3.63847721350002,7.97539294634289,0.914416883800882,1.20119444025337,2.30953067150342,4.041878471891,1.61006171938226,2.27010329559592,0.46616594813025,2.96714052960857,4.37459320134432,4.8242981830449,1.26133996110116,1.49698880634792,2.01994235223311,7.29148926065753,3.00124224683636,0.687029618135251,9.91419932136997,3.40449851549372,1.61809302951324,2.909583671401,3.06058888422889,1.91241603042854,3.12397117713519,0.605583887982785,1.33327798635915,4.44738312456685,4.90355095740382,3.1951759113691,1.69664397431378,3.8189897619662,5.48465010415294,0.89959273064611,1.92569420857827,6.53097770223204,3,10,3
"1798",1.5766562244749,2.30420811393912,1.99256912132291,4.67025146916569,5.05163234946775,4.72269348081303,5.19052779276664,1.13687870621017,1.2684824004866,20.1519659503968,0.992634523926821,7.4527366072882,4.15971347481997,0.727715953583803,3.2411306077219,4.03241972489894,0.871245727083336,4.68147597150341,1.03019934304392,1.13423158591161,2.41290354097374,1.3018104571357,2.29683535618089,3.80386327282084,2.77174501266461,2.4026580182732,2.02380781233403,1.45716553890366,4.50141434983787,4.60086837382155,6.57878762826485,5.12940194732976,8.77952615979495,3.7934147760834,1.00031066374615,1.69452602178474,5.4474298089738,5.67098800153265,0.535048820428857,1.92106452572822,1.13784159790703,3.30690803091647,4.18972770123943,1.0370795937769,2.02769236721423,2.12402866233839,11.0465607301677,2.24038151082324,1.71652720838,2.50655813296057,3,10,3
"1799",0.609772854209697,0.743139427142124,1.78310452767784,2.34616317794525,4.06501330642212,2.03629619065296,2.71926964879124,1.27170399148055,2.27275501244996,8.61727139591749,1.80597199363952,8.0622996962905,5.4723546486867,0.663876570341302,3.70800590031413,9.21863295769769,1.74568180524611,1.46104064656603,4.35475350129932,12.407466871356,0.736922692512621,1.71614517424595,1.01167633709716,23.4486365326206,2.67047074321642,2.10332107443852,2.90808347764897,2.43260095566095,1.27398329447223,5.69687680009335,5.63878370371796,1.33531861769022,2.07400082681892,2.76671829083406,1.31317777001493,1.3662058239146,1.71859585426659,2.51346919074649,3.43401516625381,1.10324582919613,1.97430178141949,18.1823777381675,3.40054418830463,4.97663125672427,5.13031540932914,0.781498031762497,4.5688644525724,1.00416423096912,3.07843613397099,3.62120700180446,3,10,3
"1800",1.60916754126895,4.86494732830242,3.62065777061287,1.78789241624351,1.68718753685733,2.04997165894068,3.84130008581371,4.41430930898798,1.01991673998593,5.67453229102562,1.98459214338133,3.71102613527894,3.22448948559887,3.79893028372873,4.5667500334062,3.72805177506315,2.21494762052956,1.01069762699315,2.32949272601058,6.43292726562325,1.08315246830792,6.7784391663854,1.30533049478096,2.19807734023005,2.97066560192803,3.6697933810847,0.836034599648247,2.89339427450552,1.49993118506254,11.8024963582465,0.485214988636168,2.77330873369178,3.423901099409,3.35647074754887,1.8813643529953,3.8929390678011,3.80650957878809,0.92815897013185,1.51068311548857,2.71629800374736,1.43483507793941,3.66746850717263,2.29361537262153,4.3195117140334,3.41301611993078,2.08091451471272,4.21021106465047,0.756864145459664,1.17914246690205,2.59326147122873,3,10,3
"1801",0.857334088221341,2.61301250503996,3.9693276484057,1.69831127961612,5.94797731046315,3.86999221539716,2.17526324853179,1.48628465855962,1.83977432701083,5.09887633007227,7.96690771266009,7.98677803518677,3.42105058149169,0.977582716805289,2.57290796484142,8.40683386388484,2.13062043781601,3.52724295880557,0.898303465630547,5.63027397963088,2.83009275739348,3.77879618600947,2.38483264280391,2.87025240513774,2.06232897061618,1.30757581701921,4.89785681111482,1.3107238678466,0.944466069771529,2.26483143899176,0.425775335860761,8.6782194339726,1.6450200885262,3.20384220533421,1.26921415069493,0.9657931504402,1.93800594831325,3.4203994459003,1.30989616317257,1.06101687898612,5.00562608418071,3.77880398524254,3.17041168981878,6.53005687835371,1.51271191385493,2.59587206732684,2.03299475173893,0.961387015281402,1.73535281154357,2.67216811035473,3,10,3
"1802",0.585106395245656,0.60455018648127,2.38421532142453,1.37338475396363,2.28081695412017,2.80441645702003,1.16839074245953,4.55791268782677,1.12867537027563,22.7554087891255,0.972027675920316,4.96333982571563,5.14635132856089,5.13828355001876,8.87622151545476,2.95994406167924,3.68854237503107,1.71001662013958,5.31444088756593,3.52647867493553,1.80425457487153,1.79944388907571,0.295784704740354,7.76259182263215,5.30924112397466,2.79724233193288,4.16409866992951,0.948282078824966,3.74011990688602,6.67687763590671,0.230613341015484,4.74706721391108,5.03889323508876,6.75021960000284,1.66813362608484,2.65259388799298,3.86665851698114,2.87517123472563,1.83960099275076,3.3896218665878,0.931391173850042,6.20894774415082,2.22349183236571,3.74860740997231,1.62897669718577,1.59859373741561,2.1287580645717,0.961520342292427,2.48622416414526,1.4505170863755,3,10,3
"1803",1.40977422848382,2.8264417499569,2.60873039349067,1.84503321227064,3.85128717650051,1.80249523407836,3.70681506685557,2.65129496782105,1.48626653328502,12.0674997426535,0.673538153677808,3.61087745811379,4.98326041605201,2.00014635498556,16.2040427486637,4.1619994760445,1.25032006697013,2.49159466183333,5.76212834456571,1.63761143098212,2.76949883110384,2.83968923060524,2.40311956369313,4.06245489607308,0.777247030126876,1.04678160698328,1.14076395164718,2.19515123092159,2.30164627992685,5.02199046333902,1.14916231681868,11.0635355033315,3.42551944765142,2.58065839827141,1.18667138811407,1.74328487710408,1.27070265555102,0.57630754350101,1.73699341639072,2.88370963116339,2.18608306275257,1.8516613460683,4.32457784788597,8.09340346818683,6.36944267514257,1.10376609869144,2.32923735015811,0.236809718927787,1.31402367438669,3.27891551628873,3,10,3
"1804",1.54336357547093,2.95299168239796,1.33558313603344,1.22743840518993,4.90326199023153,1.56526264766316,4.75348719677587,1.68399560946556,1.36493725807545,9.13149928263672,1.05136099092167,3.59074059686183,1.80692728614218,2.3723265130896,6.08754262324654,2.55208721610751,0.828526463214944,2.09814931722405,2.16566961641887,5.7813498884534,1.74070914821836,1.54925131715789,2.49674879671403,2.06116220352276,1.89762744487684,3.85858962968781,2.82810168397422,3.70211812676039,3.42824446444862,5.1604174355467,2.71334354823323,6.0205976933298,2.8503858643437,2.72959631276855,1.66465938356519,2.34990987870344,2.24151276177423,3.72573556279548,2.91406885431821,5.78208124835383,3.67697213114196,2.39479768946619,6.24875668910287,2.81968242503956,3.05370784740692,6.17612753045498,2.56973738671998,0.407492852954855,2.27586195772861,6.99707133187792,3,10,3
"1805",2.25190493055333,1.0421023971484,1.66574467735525,4.45346121599969,3.1005781815978,9.49664611804799,2.99995185978187,1.58197960914782,1.97319569090117,8.44850813929803,0.716773534262424,4.11011922902429,0.595755204101712,2.37581082223682,5.40702212816125,2.89147478994638,1.50703289351365,2.44083300263649,1.70292973528129,16.9661684970441,1.07158893612049,3.90394488141191,0.247407070175301,2.14240324229325,4.0046337352218,2.37690104667171,2.01606041860356,1.87436240472244,1.05948931009151,3.41820796655392,1.99705840823672,1.82131535891055,3.03762592629553,2.68638918647531,1.06537011322862,1.43991911552198,5.22166611112313,3.27451962312376,0.863111189339002,1.68365937823101,0.731450249568198,4.93405395037095,3.16788694293105,3.08997970912086,5.21847350333424,1.43618735818795,3.286898851792,0.923532980241497,1.7239968853122,2.00692294881993,3,10,3
"1806",2.35502024432241,3.95051461464212,3.92283155527889,2.32355887025246,2.97805362588256,3.1386168676809,0.90906542696383,2.44222615803302,1.49433137882234,10.5129603340902,1.17688149815071,3.49186216184985,0.597727098504078,1.51383642178737,2.15187732111892,6.03584641192254,1.27282943250771,2.66578255056048,4.2652847382683,9.3324169364642,1.8100807568281,3.24626549379925,2.06161906118036,2.64488372081316,3.93961652068813,2.10145552329316,2.48226363829836,2.25135421380639,0.695574269596955,1.221449745595,3.1420203300196,2.23612534500576,1.80780853792445,5.46051380646359,2.83414008845022,4.06495448939409,0.662877547264745,5.24013685083364,0.394516647590213,0.773509142374659,8.58561649063627,1.47388258818907,6.16434109924607,2.43780337329698,1.65864564943653,4.34062347249841,5.7077102694647,1.6638302522375,2.11170553225236,2.56789068922253,3,10,3
"1807",0.484407123212037,3.03751251618761,4.20316415296846,2.84862345243579,4.00254278849335,12.055864208265,4.94172215749893,1.1919713499061,2.63463977364425,1.86785794324373,4.94458247746402,15.4746035922341,3.56999057043939,4.39308500663927,2.5641834329771,3.30324856788793,2.32658150046993,3.43332460820083,46.5832422498681,1.07137412365039,0.874825364370136,3.88117360363161,0.629289183517216,7.03050421202274,1.84508296441883,2.02479303159512,2.04976655011948,2.64712447722905,1.65164173261906,1.44800857020706,1.58906588860266,7.30815118977375,14.3895548221983,2.67040324866547,0.799247452029297,3.85720311250264,7.822952521345,3.26944979462429,0.915404967992546,0.878420707246913,1.11509882164695,1.7152999914302,6.20688316045608,2.5633731888181,4.87841220044656,1.8067848801293,1.70888094178022,0.174666268286625,1.2463824849985,10.9957244883215,3,10,3
"1808",1.7206417957259,3.94382569668432,2.57583270504866,2.41368730263865,8.15308902567218,7.83610959701991,3.65844225500255,5.85727996978756,2.63631009242308,3.08485489107536,0.725491161421585,5.23483179734932,3.21286531431417,1.34763605854161,2.83355268357789,4.42858744496151,1.75730806063869,1.26619714147597,2.66421144275799,7.36772183520032,1.6760797726887,1.58323191009283,2.41811058389027,1.71692764389488,1.48923747253092,3.95368775087426,1.40515697758102,3.06063279645033,2.22569862750177,6.14278896053752,0.58856918574338,6.49475695063767,2.89702405142129,4.15757669515218,0.817509593061673,1.05096763559958,3.41470102216224,3.71202362698851,0.787933292393741,1.29565862370582,1.33887894281991,2.49726030402603,1.99170528990274,2.38530450322671,2.15031652563119,0.841937890630942,3.73904079005014,0.112790411783084,2.15827849999814,5.08378595343784,3,10,3
"1809",1.83846088371477,3.42086830235719,2.01981465939176,1.51600701389369,1.39008975027699,10.222907704243,2.94656252760369,3.06634411212545,1.02031657795225,9.61721526525482,1.11073370248709,4.26184039883555,1.08046513847155,5.35512359492854,4.08450439855343,9.57340243565073,0.70719111068364,0.552520935107039,10.6663400790876,7.88169323593003,1.2599737072964,3.67410604790093,3.10101055574211,5.18539993017694,1.54937245132471,2.35863532063502,0.841266675283161,1.71969378689077,1.15735430467261,2.98590459020722,0.0573473249249725,4.32047060978927,1.69667038100121,2.60441311519835,0.975469943664145,3.26736395346551,1.86313228172033,2.55973289222786,2.04425937489058,1.52934733707083,0.868781201495151,13.1273309093962,2.62487051555624,3.39248284973071,5.26845180960777,1.73558417200813,2.696050995191,0.58257822498851,1.14804913241242,5.11298454045238,3,10,3
"1810",0.758131361838898,3.20506441116175,1.28178863069328,2.47393601195791,2.77867308377822,1.25041687900041,1.49732078587065,0.634570375384975,2.07179138687121,1.06260376781594,6.65399354333506,2.93606050716286,2.71490954455356,3.3639720307975,1.5448221996459,4.76201014843496,1.38560780153706,3.11028822184022,4.74699953407131,6.78476169324903,2.44301739263479,3.16686078054036,1.5490696228437,1.86833993117628,3.87120862712838,2.75511870702114,0.539882550850521,3.33744966401785,0.380651477108086,7.68520591544385,3.03549803780951,3.85939311898645,3.48916147584617,3.69715037027448,2.05445868509227,0.56670794076571,1.22847963654289,4.18002386242083,3.2607391207521,3.64493215735573,2.08299412266715,3.90614636896538,3.71834706591371,5.96321271560259,3.19645421086924,1.66768170387433,6.96745242594139,0.671115871716579,1.52457977741774,9.43029808081834,3,10,3
"1811",2.39028583640382,1.33095321766515,2.32180598867773,2.13048710426823,2.01060744262108,10.2058859411277,5.51953144231528,1.61888465608184,1.58990956738489,6.27271528228875,6.31587027939288,2.27679156179896,1.83098806196412,3.68304626831796,2.65487994678546,3.65598150960707,1.67333510841892,1.76046666478592,7.68757623321415,2.63948964799638,2.02732341877762,1.38250314929939,2.08904802062476,1.81539904173877,2.87206958199313,3.66516695219934,1.55985562810728,3.00465413516818,1.65563319003972,5.96152388993618,0.998394554529532,3.13391308341997,4.77863551927933,4.73781777210832,1.66167971859163,0.835904646908565,1.38143334775082,2.43626500119382,1.1362915016543,3.00786074291425,2.20474839487566,6.9867472083634,7.57694069362551,3.59815780944267,5.21105578405724,6.82598571645138,3.94167900857759,1.3692400536791,1.4917267769373,4.22244913289296,3,10,3
"1812",2.62547926211244,0.625460316375722,4.65157711579253,1.61445690175795,8.10258253632476,8.1561352356061,1.47963996982565,2.14227708469514,1.51030959911141,15.6627184272383,5.70324382491386,8.1627542471522,8.15654562108044,0.426290012268341,3.04547209465219,2.21852624921857,2.33895433180642,0.178887153417176,3.76776536943101,4.97368595989993,2.12278472642624,3.25669983902369,0.62189948770492,4.23037696540844,1.76688039842574,1.81336067833757,1.33833729076053,3.67760524066685,4.03374706569889,1.58727460057783,1.00264148821333,3.58533432402951,3.11071790324689,2.74351550447352,1.8943820793067,3.26261181196831,2.7199054092189,4.70932646316423,0.42989800491861,0.950201843941172,3.41564197053421,1.61607562851973,1.17699857251607,3.67798016297967,1.81376288257383,3.85637311710544,3.36651233712969,1.28523767977186,1.48175111335038,36.4758362522951,3,10,3
"1813",1.2019486662714,0.739123290131129,2.81124815776702,1.8243555339302,2.4152394106558,3.76374021442779,4.02134584476668,4.14936491843507,2.06257714948241,4.7968439014304,0.911164729849691,9.82510122967178,3.82156295904128,1.09940505634939,7.90720728502867,2.77852440318713,0.816228475838378,0.974953967366741,3.15794850106416,1.69860386470734,1.72293098548997,0.872308167506885,2.71657347440327,2.13588030875994,3.56700708771166,3.43891214416657,1.36764638183392,2.02498093325157,0.888692612001308,2.63454473988702,4.39891063987419,2.04890706892024,3.52968817702876,5.95761617759507,0.422401655846925,1.84326994120396,4.89806139826929,1.7016187526977,0.658704831980895,10.5885670108606,2.65160657935092,1.16223797738306,4.79380592766038,1.40634242684048,1.5774703658777,2.54975627336425,4.78573415092469,2.80720789730911,1.21195787205422,2.89850706532033,3,10,3
"1814",0.456102656956276,2.99748388148664,1.75359374108308,1.13977308070215,2.3827999234542,4.54972785048362,3.69390841907312,2.79794087193081,1.20219769697606,7.18110741533501,11.3046302323919,2.59859962633277,2.42917852910074,1.56346877691209,3.94725497930827,2.3238756746637,1.81107203454692,1.20836462278647,1.32477184189505,6.38091622297475,1.70659808236443,0.808443152402137,1.4337015836367,1.05700484994403,1.37173992013298,1.80431415271701,3.14228290225622,1.24007098885922,0.622149498573788,1.22327123393,3.86757750913468,1.9788588620492,2.65899295177892,2.7886703329559,0.754897751641805,0.893747857288217,2.09582976437792,3.09823213950539,3.15721779827689,1.55419071497862,14.1269141930513,1.70809724807983,4.15294338786057,3.43076159291382,15.8090382712905,1.89686344151869,4.08005170476138,1.34740446343576,2.66321556581603,2.11015152557891,3,10,3
"1815",1.47325518417675,0.591377364231201,1.95993277362076,3.82149905334339,7.78024542298115,1.41695726931663,5.48421448169812,0.333046749746835,0.803076012462027,5.6300228602337,1.27883583373854,4.16428666559481,2.95997946777032,1.20225490250986,2.5842874064185,7.22663353201372,0.751971952117959,1.29462121238107,4.6630119386983,5.64255250166881,1.98411049136277,4.90205325820932,0.716682317130951,1.75138857712293,2.27253710405301,1.89026237399901,2.03755352331607,2.88424627711084,0.770348196043399,3.89386286222058,0.756141472096273,2.74009392643081,2.11572990596914,3.30985879028903,2.18590477043193,3.53479815888268,4.31667764226936,4.28387732750465,3.0606729304222,3.74313795524478,0.920844949214445,3.13016990028846,5.12475987240608,1.24132534567873,5.0478635413264,3.2784965275375,9.98352954626414,0.837197205604232,2.32441549940187,2.17116254612341,3,10,3
"1816",1.41342743703066,1.51093730346967,4.81469370314262,1.55676871790444,4.95131538735417,3.18522784687718,5.10388151141967,3.88566753672329,2.36661001377796,14.1351837646826,7.56603223596812,7.16806666064373,1.52043608101365,3.81826747281603,8.04393513132048,2.29090090705442,0.860333741587527,0.377569167916871,3.20674397468051,4.22258715891501,2.12207407488473,2.55431143783805,1.44650743423859,10.606586879163,2.55643836502927,1.53200833241884,1.78886994581394,2.20802911051158,1.0632587224603,2.43052595609751,0.390176175018642,1.26152190827807,2.94869360064802,4.78903698987587,1.75658111522739,3.46112197291532,0.587379823109693,4.28144083894915,2.80590412180735,10.4619694869631,2.27272620598123,4.02676726817448,3.66223816280121,2.71022380246641,2.53747560392476,3.14899491984369,4.85053151379309,1.64872858635319,1.39166605900447,2.56586069364506,3,10,3
"1817",3.93078734482421,2.28045160430844,2.86991444903278,1.41078111258684,2.46674328486726,2.23915460677456,2.08718473121253,1.85320220296735,0.941068584667418,25.2536358065237,0.82767270566743,3.56379927780499,1.65341896443498,3.4189579894765,10.3575481894289,3.93417378949515,0.836429137068432,0.859951722953545,6.79502132404988,4.24850623658897,2.10039011737631,4.02045657706138,0.408912532532442,3.31348931211221,2.34810326356781,2.99710902185544,2.01691937315007,1.88518011830666,1.09426395595632,1.95900312584461,1.93485240245095,3.60400012681991,4.30439214153188,4.70828712214312,1.37865487229154,0.203903999896829,2.53940482103263,4.10374698357026,0.948800318886683,0.194500735643664,2.08550716641763,4.16507942283787,4.48205723852788,4.02696525665892,3.08461760279437,2.85545429697011,2.19405865579104,1.88008339385225,1.60157653311785,5.45789276149907,3,10,3
"1818",1.49856755602144,0.979029712181902,1.44474563376081,2.61160072544777,2.4481319367497,2.22863370268545,5.54355905256316,0.420534517462067,0.87149400283583,3.32422193673333,4.1898917421508,2.29549954287266,2.81953443537813,0.934196420119994,3.06696925462514,3.20065766087244,0.800658715998455,2.2275501713644,1.66598431489644,2.81280937130736,0.370203415499861,1.27331882727386,0.475338694702949,2.07609610203862,2.14862915002557,3.49907342653254,0.624212888186254,2.09301021138207,0.731263811660786,17.0065444069158,0.47847556780145,6.15441139519398,10.1073612974607,15.1924273292789,1.43950252830501,5.03708255235626,0.914115956265598,4.97307227227819,2.28100096592162,0.884059448918053,1.57927606051497,2.4539355180585,5.62100101397426,3.56684777810717,4.70684423625598,4.41829709315728,2.63631596300722,2.86522431585013,2.70071482077513,5.35777741923439,3,10,3
"1819",2.07451889333249,3.16274776970512,1.50202622042724,2.453719857726,2.96607332111116,4.54014627878897,3.9323625223477,2.73289739303188,1.69589934950057,12.4427703841719,1.76041767131447,3.05375852259881,2.92664635729293,4.8697852808169,5.66040738006486,8.07192238584981,1.17385229284211,0.672021095141272,7.39890569251363,3.24922952868419,2.21907327379845,2.25078396862888,1.53186885730927,2.43949821108351,2.79912398242264,3.01101743642711,1.02285852253651,1.23747648697326,3.09393071115482,4.54469272177084,3.5028854434128,3.68170177801804,5.40758803614811,6.49871987706828,1.37292402096676,6.36800009907978,2.70653681858487,2.05793218012926,2.40302628664928,1.84513762858843,1.16795159487883,2.57457505205771,2.60135870065458,3.2895792448228,1.91330453120348,2.67207578856632,2.40956884113677,0.88757096937048,1.12039324466197,2.26513975485441,3,10,3
"1820",0.939910470997897,4.93601517186957,12.9437185345081,1.76657786694615,5.49587779415427,5.8872470261626,2.18451592292667,3.33641583262032,1.32965745808407,19.2707703937696,13.4575165612376,3.5881824997599,3.10320389967118,10.7224093877964,2.96075614221823,1.83794411813912,1.12984843229809,1.03279179083679,4.56791268707994,9.56181863283805,1.03328615232879,1.69388515651522,0.596707603516786,1.61193176082521,2.24344426305639,4.71889618755292,0.844298473315764,2.73224429425766,2.01591543738288,3.73247407090124,0.15813733599381,1.49828518457232,3.41772000953472,9.95044647330915,1.05044211809623,3.93933492969442,3.57475391789858,1.1237436335806,0.760480479812043,1.70541146999263,4.47487767349223,2.89302276093063,5.118477804241,4.61034178174924,1.44638994390282,2.31850144186318,6.83028711845466,1.03035749780622,4.04642041522823,2.11023980495036,3,10,3
"1821",0.409129887752814,2.96925474646519,3.67502826409386,3.5632298022928,5.39727886763699,1.81624676543038,7.10923888310528,1.65521084397477,1.10425546191828,5.96980190912605,4.24861281956614,1.7892172093184,3.50881405308238,2.19360346389002,8.17124114097415,13.5096301944191,1.83647320830668,1.19616935715964,4.71143813671685,6.71906950852112,2.60258707065941,3.26780206237599,1.2054250613834,5.39047317447341,2.29475305496257,3.35952050435226,2.89629571523983,2.88065459033051,0.412313667970135,2.97906363131302,0.796840699422138,2.18521789735136,3.05274523277374,2.3208464939652,0.853993904706679,1.99617535371795,1.04286159816298,3.29373076510505,2.19988262204121,0.96663085147921,3.14722960680963,5.70332698040063,2.65270243275698,3.26092274164353,3.53069274036517,1.88449869807259,3.96141086664557,1.41859281827844,2.10511160267565,2.83487473709366,3,10,3
"1822",4.53405374960863,2.96955277351123,4.04741427781435,2.93479338214945,2.98180894003683,3.12431643607269,2.88716360266039,1.78958913785461,1.28037430314582,8.01641991718519,2.73017604557658,2.9135583125994,1.92256105787308,1.93709764146971,3.92422475325855,10.3564644319544,0.913186581649784,2.66438997551528,2.15430260676272,3.30800913426487,3.62979451222639,3.94716445213669,0.536836060491966,1.75473764414732,2.95284503391623,2.7055713794375,0.357605858474056,1.13136818478225,2.3857430034399,7.42752108281294,0.436261512506402,4.72146562717422,3.35697978150885,3.32890388207847,1.0526362357432,1.99292779802059,3.23633355081381,3.22128522268895,1.06643332743253,4.63312037959061,3.71509284694629,2.08592878691257,4.32758850706128,2.65158984370453,4.85295858646742,1.13716346930955,17.7590364563723,0.802508808114801,1.39794976383285,3.70302000285187,3,10,3
"1823",0.489853790013129,4.3473340720084,4.57102195094499,2.8505549965882,1.52590025000964,2.55304491829215,5.75908934226921,1.54999729795405,2.62929966418686,10.0382328326839,1.56565113717122,5.00456264098546,4.99925907920567,1.27896106375037,2.97657282352938,5.8568095856465,1.15291414807538,0.745780404045422,9.40501588988681,2.98313679372867,1.67012424386044,3.08759389148882,1.28522938261995,3.88154784198213,1.38162431601099,2.35538021341208,1.18074462612118,3.25030597973454,0.902570798701114,18.7949916220781,1.76192333336954,9.06266978609897,2.45562251373319,4.0714547828089,1.65909288069522,3.86326092433645,8.2001922933957,3.81552198157667,1.75210966887666,6.41068832598785,1.05492345663873,2.14627994853978,1.58769887420867,5.63017573552005,1.45817769288335,1.19733000211164,4.00532668440658,0.470871366500888,2.02912174913986,6.59215625825783,3,10,3
"1824",0.824628504566993,1.61915742872923,1.39907339562459,0.669227086083416,1.11137420937167,3.27445891415867,3.72645978637943,3.28192738187427,1.65326284261953,8.41451001281455,0.662885366162183,5.25267172856986,1.42862729497122,0.386196216488397,4.34774405722704,4.28755722467508,1.1167277598305,3.73642465862426,4.98419717373211,2.94551017019111,1.2005276144765,3.26992789635711,1.70751237823707,4.62567873346503,1.47908024623609,3.51907300284006,1.45817000402124,1.65393643939348,0.890635844738601,6.58029294714378,1.79198398575526,7.56913684866064,2.10114155683536,2.95136497517672,2.51325135288462,3.61190072021259,1.55138300237909,4.27005392835522,2.31285856037035,1.07436656158925,1.98435123864908,2.30747392367583,1.43545018493977,4.89820190915686,9.68349390497673,2.96166032036286,12.4793426921974,0.493576975259804,1.01092382069115,7.33792684940588,3,10,3
"1825",0.395147158643126,2.61681477351914,1.37397466937067,2.06863979873256,4.69001488233263,8.12202644311289,2.60193637049834,0.526603076417841,3.26809728491457,5.57680819630378,7.31187291409804,4.80294521954106,7.62676042826404,1.85714306327059,3.04217731578753,4.52805783415164,1.09300342752082,0.648565155473903,13.0015662273761,6.28732765824172,2.02433245241792,1.91110063293629,1.17645394923678,5.16357488867631,3.37663876235785,3.20264267895459,1.26445298311803,1.82328446008131,2.46729895138676,17.0099274240069,0.0536311917926461,2.22121232822605,3.95648316646026,5.29247173921292,2.65345829856384,0.788044546913676,0.805585515281037,4.25247529207417,0.565506129986199,1.08607407408895,1.03388616385891,1.62386179656498,4.37212408788102,3.45152084174761,1.42148750436553,2.42257553433906,5.32214636101611,1.08939923699718,4.46925155667893,5.5307668285319,3,10,3
"1826",0.229754957750174,1.90031095433709,3.51522601151024,0.721404528859832,2.382112826084,8.85876306234237,2.40987222246931,2.55130233306977,1.18056024569322,5.01564833780776,2.04353853350928,4.00976684741288,0.422283700670617,1.8136771919218,1.94886605755732,6.82369756880432,1.26282128537036,0.685056120743017,1.82063445697976,4.63668051497991,1.24121954902988,5.82414334541716,0.169083332296932,5.38682305849973,1.24737757309711,3.91354761036728,2.4787027581845,1.86254971614598,3.36343647753173,9.18098449995225,1.08616529239818,7.15091327017051,1.71562058295484,3.17729289876923,1.80912856077549,5.21743975150336,5.61256911827168,2.02612398717383,0.616430503301786,3.33074110686112,1.00829061548768,1.29458791337803,3.57014191209287,4.19596434271054,2.17672242675439,7.4292079256365,3.94870415903757,5.058147868702,2.7138718881044,3.70898486994587,3,10,3
"1827",1.83367453340552,2.49127536866561,2.26730929522663,1.0296164968322,1.96644996039757,2.88527235444642,6.58865025003496,1.35402090789058,1.63322509952064,8.09442908645834,0.97361760415917,9.97494967807034,2.7399621781221,3.5615940013591,4.5771639643863,5.42561765281878,1.72005688713107,0.491583789222765,2.20833559154389,2.88230951758847,2.34735161153207,2.60492945579052,3.39508056285876,2.44936777057043,1.85487340031162,3.00145525922871,2.28707686974731,2.28277731482418,1.26374238044748,5.02661951676588,2.15549680239054,2.20510398272183,1.94694956861649,5.10822334200811,0.535043279125388,2.36191761692009,0.97722798126026,3.74177125803628,1.44202066051019,2.22536232415295,4.37367154684919,4.63510688267829,3.26693141413569,3.2181754676022,2.63317276241229,4.34492378371104,4.36552592398307,1.53884664681866,2.51942568504266,2.00609741907309,3,10,3
"1828",3.21661442572651,6.63442755029124,2.55766852649123,2.32030144885585,2.3555334466886,2.0007508064238,3.6523821570371,1.23031360637443,0.761575795544422,4.00260441098542,9.04056949108798,4.63092294071918,4.50860114619807,4.81870821923176,3.71816915170848,12.3213872403387,1.2905994730247,0.549981288649647,3.23078719122226,6.32866154066696,2.62787106436637,2.40567489057759,0.471305709065692,4.366115715271,3.26823221619512,3.25019395971933,0.593800849274666,2.90668378640693,1.20736472536188,3.33645042278894,0.471242584477714,1.93992397195274,3.01772566698193,3.38043594929273,1.60008838608039,6.14513373275298,0.719885713497683,2.99993311372226,1.90636341724568,2.46285537729452,5.68812292781625,2.9237796521943,3.22835835071894,11.8806735408912,3.06219298815743,6.80891826865353,9.01823542418169,0.660037381630164,1.17020772493972,2.44131638898298,3,10,3
"1829",1.07564806031865,4.37251938714256,2.27973873298113,0.83037378880746,2.72803616956464,1.39819714894126,3.18125747829759,1.14259492520888,1.23510806586118,1.4418329736728,8.00018786260151,4.88952096178002,1.56243974006288,0.733845866482131,3.00338820707702,18.3237571420711,2.57514217522806,2.0696658676985,18.7602406895251,11.258970387165,3.24875049668851,2.63439344874772,0.432661704949323,3.48508059916879,1.76815737467638,3.12610943345634,1.10339254175708,2.49892704766479,3.80201346162049,4.46584907992174,0.233026665547676,1.52131272905032,1.20186435182435,3.32697161635186,1.17350854889615,1.7452211874683,6.42501186176604,3.15593459483975,0.670943800421992,2.9168110929571,2.33361563297085,5.03744488955658,1.82714053314087,6.09787143721232,2.18192875202461,1.62969283157324,6.50119900504269,0.711791250923182,1.81158841943823,2.6743835510868,3,10,3
"1830",2.39240569107358,0.971439874497506,5.48125157351452,1.52207187123414,2.15972261095796,5.81017288760971,1.52821576674164,4.62947735696465,1.27676987160779,6.1724385333003,2.37895974665776,2.26854774992416,2.2220724670855,1.05067418561595,1.43523470629159,3.85385060295043,1.24753731655193,1.32862899994853,8.77306894838935,4.16271367748529,2.08054885439881,2.23457600161439,0.397482492012014,2.36716445526787,4.40478897174526,2.98511742011371,2.30138481865744,1.78548869444288,0.774833616581448,7.95854945441314,4.32891069848546,2.8674885462018,10.4010531075334,4.39305557169297,0.632535075044677,2.25473653690539,1.95346452380278,3.35622662459627,3.35861174985401,2.81803261053527,0.795995500656384,1.85625480726738,3.34762040491365,1.782246005426,3.12805293163703,5.76920818001271,6.59438322659724,1.57730933316675,2.01131374272483,6.32557582524854,3,10,3
"1831",1.45474380106444,1.79969160952792,4.18826088603624,2.07678673501436,5.66950315526325,9.20217432783428,5.49005513916736,2.93731443562073,0.471675023812915,11.351189999973,0.98164878588229,1.594383240301,5.00395012065043,1.2591540369067,6.69753461530894,1.37828178257779,0.642807124443487,0.750278817032232,3.87602374793196,7.38203554906048,1.51989772509345,2.50394414642055,1.38687357189961,1.95219072847616,3.02143225498741,1.73265586306357,0.574312856239205,3.38571450692975,0.840353379585906,3.17324237438948,0.612012573256904,5.07546009749923,9.4834918708919,1.64279522881591,2.32047023887834,2.91588112569584,2.51276993221317,1.62613561417102,2.23262959016385,3.26254584515079,5.82711962802767,2.6606909681994,3.51747349430997,3.80675446334312,2.50666708700931,6.09800563281226,2.04053132938502,0.80456687225636,1.38901288812022,2.36477721798014,3,10,3
"1832",4.15073911816868,5.79243474692522,3.06960424488784,1.38307723577688,3.79520023548974,2.31968363812179,6.90307290236377,1.6554503906229,1.58783914973589,8.38230799920016,1.32938005539479,5.68111536023574,2.7536530788907,2.17217132716466,4.4804167449874,7.63176948388155,1.22444083851668,3.54929719499195,12.0063131714212,4.7576709351616,2.06882683961929,2.94012502041902,0.814497721111478,4.36455421171668,1.27855882727106,2.26401652987275,1.8201474247386,0.720896187534413,0.787581336966553,3.41526073756975,1.62195323539503,1.84729848061654,2.36463339218625,3.87239415797384,1.4205824552518,3.52648544363184,1.67766531846605,1.6719682399625,1.15806237212779,5.33515351579335,1.33338907663902,3.7794723735872,4.28032419213465,2.75371741571643,3.00761408220437,4.81791279707957,4.06022961457627,0.353313962233416,2.52443950704723,5.51922110953292,3,10,3
"1833",0.426334343454731,1.74745583077633,0.9850161929083,1.70437416574112,2.51871855789208,1.47418354050887,2.92079458451067,3.26740200691824,0.83230742253002,12.017404920893,4.98781899690166,3.14446342540194,4.86712220998481,0.859770051397782,8.8943993914992,3.03660088012846,1.93000682899701,0.938937624677993,7.45860434855198,11.7215885772634,0.668943677855048,3.05710183261818,0.723886777349672,3.25863951891643,3.6300304276452,2.77567480343497,1.78711550948344,1.6549792132417,0.589672085319853,5.23242328571393,0.520559714792062,3.18003277866628,2.79368746203969,5.48143221807521,2.11299623561339,1.01826832034437,2.45489577914673,4.01622660142312,1.64854648572311,1.45905330208935,2.17273001862371,11.0090617011088,3.15134466643653,7.89149449871847,2.31163265669797,0.7690530350808,9.25465910968696,1.24397185915408,2.81733635272168,10.4839936570489,3,10,3
"1834",0.588365272871507,1.39099358927295,1.96584631452528,1.74984792532175,1.5861989806366,2.41346758254907,6.14275010982205,1.16204169099176,1.7738326837555,7.92883489452077,5.03191515496769,3.3991751257644,2.09720735723395,2.53888208953031,3.92971944684334,2.82648500075513,1.35099708684211,0.369899469302175,4.56174660644278,19.1698198534791,2.4604225651492,2.17257570847274,1.05079539384559,1.62966528549726,3.80077205268989,2.19420944744029,0.713262017346114,2.10806957598786,1.01872641670862,3.99422311416127,1.85806668893109,2.6592348039347,2.39450537959945,5.47877185876475,2.60050959945805,4.12636834544582,1.93860737818651,4.28918159433923,2.47407258391609,1.50230594921418,4.24996441279528,4.43160395117002,4.65366652663996,3.17819608739991,2.47315550032346,2.70225026643968,6.03455961887187,0.326016613949951,1.02839013742019,5.71272068446625,3,10,3
"1835",2.18819580534563,4.6845765366654,0.940780155155381,3.35527717891105,8.89315221445701,2.68422754568098,1.92211212782709,0.997391959373154,0.808814410205517,3.01363307848065,5.27199546577505,7.22106870466982,2.20400521233158,2.22738241845382,7.50548271850191,13.591970127678,2.19839681691983,0.241130950884384,3.58634881321065,5.54777362250126,1.22065057463938,3.31727398341933,2.20651996702452,2.1624410269469,1.00143225112963,1.58761561660848,0.601711760460087,5.15389151837714,0.842902606814179,4.74111977376393,1.37960304081714,1.33977458465379,2.0883905148944,2.44768947890868,1.12609646581333,2.86193704160333,1.11730826865108,3.31842399598508,0.762535977875069,6.28089990159515,4.2538818334138,2.14810335631385,6.36765060135549,3.78914769712565,3.5868153947302,4.61107770554896,1.90498225818712,0.819158572558793,2.45350967292055,1.79783704439652,3,10,3
"1836",4.00949626087675,1.17724666653939,2.48291955091045,3.48063159629295,1.69311719872829,3.90947439745641,2.49727457943554,0.488148725274513,0.59684344198423,15.8045224957662,2.00727524986186,4.79496785625758,2.86192791464077,2.59929833364906,3.32719384015843,17.861601543685,2.15694802348701,1.78197087532575,3.94117778113615,9.63032829478375,0.953482874454835,3.16960112733645,0.909377707562489,2.12035218626959,1.47802369485909,3.9201574254302,0.558642764914689,2.18793596226606,0.997671649868766,3.65110941300325,3.87780074074177,3.49427643963794,8.42266237975664,5.27342758452753,1.89009109609873,2.40330775842397,2.66594372977197,1.13391226132697,3.6839243270188,0.858318482713104,1.43799930676739,1.88602001897835,4.04090487048473,12.6902303971295,1.52281229047168,4.29276286514272,5.29821368234654,0.327005446195553,1.46492934195441,64.4206934966139,3,10,3
"1837",3.33953740032684,2.79604327007954,1.17661547093207,2.10384182635364,2.26943409076294,1.96763795738776,4.29990160982912,6.29043389992954,1.45826629544498,6.09409060996187,0.885810713611401,2.76678406349569,6.81198063845019,6.29697058987259,4.84115312749506,10.9468944292343,1.64906478762927,3.31876828655598,4.76117277942104,4.38354054528904,1.00779168363325,2.40035648271713,1.3445979928755,5.30591553887139,3.95816062201934,2.50248234433991,1.09141307205059,2.50769240847914,1.07278718330781,2.2007271764502,1.18957747654699,4.63832740618169,1.97503091246324,2.57286988215749,0.979285078416282,2.66543997516697,2.47641069063446,2.55768474047734,2.68053861022788,1.38644507143464,1.06654922473135,2.39749412532622,2.1015422003765,5.22806034260717,2.53123285924047,1.65184350036115,1.90748995447396,0.997525706321275,1.59058891720915,3.00019025843712,3,10,3
"1838",1.94600177908546,0.377410197796862,4.19627774754135,1.11619802253682,1.31218024644875,1.93214852056691,2.57486227673677,6.18471142814765,1.03487279189091,2.22851846977779,2.47089782471347,5.35756271902575,2.17261845479248,2.29991899677787,3.54042777614897,2.5475585361103,1.28528547848775,0.57386786254325,4.40542907723326,14.4884109724739,2.37360495017528,2.86574514573812,1.72364829463503,2.17477148985327,1.59165671059174,0.927851584859721,1.58238193007501,0.535286527288194,2.48763961265542,1.97038383662165,0.779564057787953,3.61793799354291,12.5105657770393,3.96263432071464,0.412554954567421,0.482619831749563,0.651874914138751,0.6226437303564,0.517002251522627,6.00134236065275,1.60084080939957,3.87848292807545,4.03603782172416,4.65955189112369,1.46761435954915,0.906687456575411,4.39810467552388,1.27207628457164,2.05851979766088,2.55869243744769,3,10,3
"1839",1.4679536176972,2.86418815719732,3.3856547644239,1.02440850594726,1.28474031691981,5.27317832636468,2.71196052207372,4.8757578748137,1.63668548407182,7.22157656200211,3.05046785965557,9.12924260828561,5.99094350845273,5.53457754507261,3.10976290854926,18.1517720031667,1.23272491058105,4.63156272172687,5.17215027803726,2.21363307937457,1.85602117228656,4.20433081799726,0.693559196536495,1.3569939042584,4.48836372496559,1.4612481627803,1.50238707415824,2.30788821546917,0.948150297089778,1.76182700151965,5.36219737594014,10.0117639987639,5.91357734023331,2.32947471478845,1.53593090374277,1.01921470488366,3.45830167857469,1.18790297119468,1.47020500394114,0.89019177345931,1.31258354337779,3.83107328085856,4.67356176955698,2.71428144602311,2.16515006280187,2.17561181444382,3.97034945466469,0.59033691361395,1.51399468356359,3.23259264943029,3,10,3
"1840",2.56885415716772,0.827906879887716,2.23251209545466,2.36565994702677,3.67890444543082,1.12051760217889,3.6957499137378,1.89308340279616,1.6983174550784,10.6473998926869,2.29177020752895,3.08587737272532,5.857997741194,1.85713262978215,4.35961049154003,2.98668157262556,1.31276108140589,1.56632052972501,8.11714235056011,7.1497691282445,0.603865842715369,3.30790688226923,1.04281562060416,3.05136138514159,4.81907024167792,1.76002194616388,0.590681016314525,2.47069276400085,2.32356508992036,3.14122023128571,1.67722989564289,6.074661590724,6.76212440112729,10.4356589705817,2.16233203005055,3.86423430615719,7.51492311564872,3.91390286150874,0.244537836702044,4.38588495978448,3.43558790393212,14.4746335533907,6.09869402945722,3.10693397951559,2.19511649117927,6.89535919309158,2.68030404971049,2.24994436987916,2.14653982752511,1.51758579271474,3,10,3
"1841",1.92823327264566,1.52715206252748,2.73498660925087,0.537228569954523,1.66556961313921,4.71347549492628,1.40010805402585,3.44787567118271,0.765844826514085,5.82495612266399,2.48711294543912,5.66278026753903,1.15229632654741,4.1345910633369,3.14810946630897,5.70705525878152,1.80677106905653,1.42435499868567,1.5165371264452,6.44039203707001,2.97595777876219,3.19566396408953,1.03326738320975,2.13562274996452,0.838807931097936,2.07216530122206,2.21934286843333,1.2381837487361,0.897290625282207,3.27106447232656,1.1147919889119,2.66329895120001,4.48487828030603,3.99450237385246,2.15683850504324,3.56274456596862,5.00836178440273,5.57926294919924,1.3276883106953,0.680312412247731,0.975609159720013,3.59507407442943,4.75382048636271,2.03003332031049,1.47490909337177,6.20741460158411,13.5399000783656,2.03954241321679,1.66693887900068,3.31284685133934,3,10,3
"1842",0.765280220198088,9.05141985924746,1.43353955365425,2.72244936796237,8.46801127628001,2.84485882718337,3.51291713807649,0.932061551070162,1.40340098237471,7.01140448208023,1.35686668797485,12.3771775310964,1.34368142845957,1.4222981738887,3.57616145041931,5.67408837851439,1.04172367204059,1.72351637636214,3.5505221731741,1.12974867716021,1.78674295905142,6.28822641323645,1.92888264503741,22.9362008532213,3.63809204969816,2.67426604281035,1.06684371140674,1.26840898448549,2.56796020744367,17.4749471075416,0.381528070522086,7.01134492968794,5.22649096510639,2.65415254716692,3.23630060945876,2.01020643079318,2.17684630730753,4.51175497649556,1.23382072199688,1.27634386494591,3.71045155251983,6.40439874489394,7.84850703281087,5.48030669805076,1.45617671444694,3.16565997330675,6.48533520604389,1.88146744923755,0.855404336581473,3.54117945823728,3,10,3
"1843",1.37695905917577,0.891286817415157,2.60384200670702,1.99892723373578,2.81147150686186,3.30816810044498,3.71892879407043,0.776579674222912,1.9198384743535,5.54338218010661,7.41290857302664,8.26434164675861,2.38092014737167,1.9722537443824,2.07043212754424,5.00030659352021,1.96345219131384,0.756161592525631,3.14705427686072,7.04980173288712,2.0292968301325,1.12457145826552,2.16666379760355,3.48518423983144,2.36123924911084,6.14200604506193,1.54926271841534,1.3046317704065,0.906979028604145,1.89439785893467,0.421979197584107,2.46908439603579,2.43729733440066,4.14462790536028,2.20821277402596,5.9015563091341,0.238269260753136,1.98118425841707,2.98370347656466,0.980065691922801,2.63924721783308,2.95596918701702,4.81272409346763,7.40122326124758,2.21092643606858,2.0550190016483,2.00117625550865,0.889583313652616,4.88219575389973,2.11373140300971,3,10,3
"1844",0.53169857061213,3.26706354363266,3.89369375146203,3.70375815508676,1.46816224537567,7.64993665036886,1.40580653878413,1.78406124016986,1.75897273493161,12.8682665186023,2.60368482318458,1.74403305189394,3.71251695567974,1.03901355451565,7.1035189623286,4.97522249645592,0.91051257695217,0.941904998335892,16.8988281905005,1.38630927747932,2.16083833534719,1.53501979168233,1.05658081315845,1.06756845278851,2.86061473084067,2.3674962927293,0.651247454095703,1.8508062073314,14.6850072029768,2.47402562372536,1.17469446069822,4.06661463991678,6.74863518762966,3.66696871176074,1.09881052032484,3.40556692603948,4.3304284670785,3.68905048444285,0.114249051754318,2.08567710187495,1.11996924676706,8.8197345060011,4.99673561819023,5.53322397491805,3.92056008277787,14.1447966875941,3.76247233817219,3.16166782323603,3.26121260073883,4.19766942835202,3,10,3
"1845",1.88509061168328,1.47816585551214,1.83345473286219,1.01380542745262,2.49681086367324,2.62065274499185,0.590669465891383,0.638735109002176,1.50369580482091,6.18618371089822,1.12655504072643,5.31822954157142,4.0302000121537,2.10930172455908,2.83828232119032,6.80821035393707,1.232130088374,1.61961614950221,2.93962697771377,5.07018491450559,0.670157860871605,4.01348774879578,0.803676040378675,8.28527870139068,1.9683393477594,2.95730781192265,1.31097360532102,2.48661518364312,14.8711575248383,6.7276240830408,1.22545029154916,3.2401712867399,4.52184551899905,2.43389876944967,2.05890833587588,3.97129645364613,0.448396703995969,3.33922151620901,0.927633477877855,1.93574717146001,3.84068184598923,7.6275358770832,0.556425943029504,6.18084598832749,10.3766536504855,2.02698185157514,1.43687806598226,0.199612706663858,1.41280832295974,2.51226704448397,3,10,3
"1846",2.64979961699994,1.50205194112729,2.75576194572489,2.32189020692931,2.24527354456723,2.33651775150925,2.82216180356613,0.556919203980214,1.45927937348348,12.9287531226342,3.9788741788025,3.5182360214246,2.64766338784527,0.391360898055511,3.1423507862705,1.65360003434302,0.869408889093562,0.937870339494755,11.1459013983333,10.679417735684,3.20694514975877,1.95268798701402,0.728257772833745,6.98968087710124,3.25256059934073,2.86104410910993,1.54142793033028,1.61482749996896,1.14401197076685,2.4697895614886,0.332959827351662,7.27896914953837,3.43640807648231,7.43464092256811,0.807877758161932,2.10914957301368,1.4210576749168,3.0564428219507,1.96424839030963,0.860451412354417,1.40670976483089,3.98111504952272,4.87926256201543,3.97688014490084,3.1906308345087,2.06034291046321,7.27834943383789,0.549915937681309,1.04260672297268,10.3658291017457,3,10,3
"1847",0.313196516436626,1.56893506738888,1.84607238758893,1.3438171532225,3.43204835582422,3.56188763812207,6.60687697725305,1.37117852975962,1.20408934680774,12.2811346607801,3.28636695127291,6.09578201308663,2.50436685699584,1.40864895694834,1.57306442295565,4.37820638383323,1.23989500299414,1.18736087709385,2.14935529782794,9.29737124102043,1.4889287131387,3.34467917879199,0.904791523564052,2.40644171952133,0.726378680688582,2.79158988615471,2.47393801966769,1.70793468671891,0.454011932209907,2.76091042200108,0.188931295131932,2.66165847400505,3.17154119030357,5.9049457656219,1.60236086479226,0.950928054903786,1.49997281005524,2.60426704283769,4.07792993034842,1.25471026116308,8.79204142609089,1.83536725193509,2.63834665821427,1.61085074183499,8.30659315950025,1.84093146870644,9.49743130066904,0.566647161493276,1.69042281936375,2.91591022238435,3,10,3
"1848",1.83709856092343,1.8078388238714,2.82107351178784,1.41269884191551,2.79039161961884,4.65068765961269,4.80984754711937,0.782774829883074,1.75093621333273,8.32864917398396,1.13060756619015,4.68532405212473,5.73693331260643,1.10421447385136,3.38064462638919,4.36583738389744,2.60569058992369,2.57714001896283,3.60453706905356,10.2327155181368,1.83698352578884,3.13435672472743,0.681853114386946,2.82347449765517,3.42671926172244,3.00548557441833,2.93459734304773,1.13913035766763,0.917263569870826,2.08665138796221,5.1226442998834,2.36903256288629,10.0373897635144,6.38949678113253,0.977852121628036,5.74985861782013,2.25445155647679,1.18803344441738,1.60905373814438,16.4276594112313,1.20058541397896,7.29604009631051,7.00609073126394,2.86557406857601,2.57881059238294,1.23798123441426,7.3010205023938,0.82311739405603,2.83020540116908,3.32070579398651,3,10,3
"1849",1.7729117992841,3.78483071105568,5.17851216354464,2.18713286545245,9.32635577929383,1.34368217638917,5.5069438193611,5.85870920695531,1.56073951492399,8.36389702683905,6.38176276913307,3.93436410881289,1.12673235164525,4.66849623889078,3.02177402940265,6.44728255493414,1.75403840767192,0.790482413737235,2.70160346272176,1.38359627550294,1.37173236439311,2.88678071556942,1.174048380387,3.21262830882274,3.95600471120988,1.76898619136535,2.53009901148673,3.55146773731271,0.434161988716075,3.74270520476599,3.50685579788795,7.05846546669306,3.38846781562561,4.82513866477204,2.98010308604711,1.55417635766012,7.35645214456425,6.21657800791981,1.36344798299078,1.06288216019139,2.98127072239575,1.98142819988043,5.21506667017024,2.95176401961178,2.65740946431403,3.33876993322288,12.155151637937,2.67470519604045,2.49584020924062,4.09586223061826,3,10,3
"1850",0.80623920619073,0.505447791556641,1.35724587429376,2.16229154244646,3.9921124955667,1.38033809954277,4.82578781580885,5.54348779463676,1.47703204287042,8.59941299036369,2.90617329409959,6.42878576268308,5.45875524241314,1.09335677674769,2.79150423513925,6.68083505579326,2.70290317339857,2.29626873294977,2.04876156874541,2.8324848456766,1.56708319502828,3.79063212466883,0.470569247670179,3.52733170117833,2.50137419730183,3.00367113911091,1.3738544306813,2.7516812933392,0.784646322721932,7.55016229644268,0.71856014379813,5.07661414720713,2.40880069921393,15.8886883296045,2.70429053366957,2.45005759510968,1.63913642056824,2.28362678638488,3.27110428274657,4.15037916167691,1.61908637300916,2.78646944780645,5.41268056988363,6.61848464364609,2.49580863754423,3.20977316208492,11.294332138845,2.77792339080919,1.56666410005341,2.37006997274741,3,10,3
"1851",1.94721333754862,3.96812609189114,2.59321810952179,1.78350460443055,2.12881098430424,2.34533788101579,5.97161781334056,2.38495707306961,1.2892052941579,1.05849615671904,1.81766159497346,5.5086883395911,4.59413361260184,1.10852183259539,4.43310376922521,10.8444058287666,2.17095889077481,3.53779780917765,0.752590396896087,1.46298312927396,1.75129021365566,2.19541117204411,0.971864526342439,6.65931972014372,1.99996437493614,1.5965307822563,0.961254355170736,2.29733990335508,1.00897182458516,3.14951795472927,1.38294807503581,7.41052630305272,4.135641587793,4.65242112936093,1.88914378042111,0.742087963409751,0.773934302623747,3.04942046525091,0.771871754922955,0.818229637410293,2.34361853091982,6.04003569342567,3.54229715409106,4.81478969842721,3.05224271563993,3.53076969830147,1.16516720885267,0.468892208823337,4.35732064341341,4.82519389642144,3,10,3
"1852",1.55529936578817,7.40313217246433,2.46393541767601,3.50458196623586,2.08012017393408,1.92777015624558,4.66013872015776,2.73125533140254,1.78248056111859,9.13669073508097,5.65144069322467,11.9882426612591,0.831746219076045,3.338811082345,1.21422800163141,7.30245561558828,1.59713831171679,2.29059461467376,2.51644837072099,15.8191690456854,2.20401151116681,1.26291319981571,1.15495422855955,5.51872722306971,5.01126672294441,2.12459916997928,2.11967645594045,1.68472974908404,1.41822581636478,2.65321842643329,2.73031940210066,6.31831459053343,13.6422599474309,4.78648957957422,1.76757137700459,1.99447962848359,3.56705980142247,4.9667372354687,1.61980113013204,1.66839809452922,0.647466041182866,1.61265038063718,3.17917016793831,2.68386799924088,3.02524916378784,1.88118095131847,4.97657819214795,1.58965867714643,1.50447512531625,1.86414306709498,3,10,3
"1853",2.11935748857255,2.19621923057348,2.19679782181878,2.64674495383267,5.92331686896115,1.96349181760398,1.44747088395149,1.74728093296678,2.6220414380643,7.80569072111178,5.33716293753399,13.4785233976491,0.421561317082725,1.38392237111948,1.41700599248043,11.2189492801953,0.781946327127475,3.82300430722081,8.00775877664752,3.7712688640099,0.90785528051313,1.63451952834575,1.33398969307138,2.38147844188705,5.26299523478562,2.65901927163889,0.853844953104918,3.08813044487745,1.06260521014443,9.5439938507599,1.29952729194635,3.29049104784181,2.29881391804788,7.04126260265658,2.70877567673355,2.97438845931165,1.24277402656224,2.74463450227291,0.600814443790725,1.55089542477919,1.87252351123361,11.6381950831944,3.56292440253401,5.66693089513379,2.87437766489088,4.84194471920156,3.85556374449505,0.226925180166274,2.77027622390702,1.40181671655928,3,10,3
"1854",1.56469750766206,4.03430724790794,1.69868637535565,2.50935583562875,8.51196225506186,1.67719598810794,3.24168775138328,2.18889904219787,0.514339427492281,8.01255303047795,12.1599374974579,3.89304116411346,4.5050972917777,5.33956645801883,2.75786759063337,8.81583834356903,1.37177543772775,0.517850669521466,3.32144327672029,1.85682868227826,2.56677160101109,1.70910910446797,1.32452842728324,6.6003032625829,1.02473734644065,1.27937074756685,1.03441094398255,0.596645346899591,1.17277000588861,3.70263656890195,5.11479816772385,2.12681602298584,4.53567029461249,4.28251487280077,3.61834213201616,2.61793505412263,2.06090585448885,2.684124332125,0.959986126710912,1.44844465238392,2.38796655391488,23.3460799215799,4.04292828604357,7.32752672960652,6.95629054478733,3.41858071943678,1.75462376718536,0.184536765027987,2.55167958086598,8.64813587920528,3,10,3
"1855",1.15183360783536,1.86163643449311,2.75371067450317,1.53722831407217,3.24778595816364,8.34434907983432,2.75032340029335,7.37814695747961,1.76311583302425,3.09812337736621,2.43395409486757,4.32584972295027,1.98013241487444,1.29094066868838,4.46085903098759,3.68301837195731,2.91433823503424,3.20534330062247,4.91858227459099,2.77287418841739,2.22804134311769,1.51907991322194,0.904499125116466,4.94244714897034,2.86849638394668,2.19810134470652,1.16910308168513,3.44498483408075,1.48827028165342,1.50376441350835,2.73552647897011,23.7162393923492,12.9456660492643,5.22596661450734,1.17854938116925,3.17434044594645,2.84431690927629,4.73050957336754,3.07939155181687,1.79373817824432,13.2250180458856,1.73389563798701,7.50289948543525,2.41914608584982,2.4822625589918,6.17338945245631,2.13607307399144,0.425247627654172,2.71809495206234,2.64110033541425,3,10,3
"1856",1.00242600258944,5.50365878399915,2.2231971577688,1.37257275799307,3.1849623026173,1.51807589098086,1.8621718770005,0.89500988231083,1.10855978831786,11.4446515980435,2.66561820523232,1.67667356873194,3.03165351042105,1.05116037431918,1.59794582702822,2.13799546632559,0.53097036919527,1.51327252247848,1.63274620858998,6.31863402404711,1.24751759284847,3.39651026369821,0.76893767478926,5.76031435466933,2.57369923761604,3.74036666925568,2.61099801466567,1.57665258017033,4.11716753296593,4.18498004444496,2.67270657772312,12.3075098625836,1.51878811386007,4.21481589235371,0.854486511261651,2.47293500176827,5.466422654379,3.01009235006244,2.71628735055088,2.80375452770829,1.91894398662616,2.36350728365324,3.5754957441841,2.35946045963806,2.01704410389885,1.13076953203264,3.64095090805323,1.05649380240452,1.92985230635534,3.25811946060166,3,10,3
"1857",1.2387453114044,1.97120088796623,0.497503916685033,0.657022901270059,7.38108193515017,2.08689774094317,4.92550265891011,6.07429088414167,0.976789774099297,6.88966998086728,3.97685782026599,2.86177408697137,3.24972376657493,3.10916873538442,4.68812606998945,7.90142617449713,2.27659371893426,2.34888568793416,7.077834816757,7.81846884339253,2.33044837169761,4.50851380301953,0.728535202817468,3.80672619357614,5.82662383935333,4.56486744232851,2.93345212454247,2.41584887421841,1.41258067107373,2.52237762067567,4.29067204819245,2.51431666707675,2.58867033734401,12.8755493606802,1.93451064005846,0.907133436503171,0.32257291368406,3.17177617946985,3.26866943228729,12.8927286319258,1.26793851062135,1.15240188175986,2.39927462754393,2.66880746166592,2.28915520958006,8.91159982616616,4.18185110351804,1.42501749686106,2.55068158929435,8.48477118367279,3,10,3
"1858",1.46309762127915,4.72042752674642,2.58374453107532,0.760300809643088,1.94282677924271,2.56793296453139,1.50829513412603,1.38363010737047,1.51518116298027,16.5713702087829,2.10990226161746,4.5847020294221,4.89387031817036,0.953098494486868,14.360213229361,4.17920488455735,0.996597599249486,1.12538781912211,2.29751603683584,1.91715626090965,1.81339192566257,2.79759446073718,1.2446369530171,1.329905518084,4.02364751803181,3.89904347647979,1.35296725129149,1.80794179828914,1.01599746750698,1.41611914858668,3.59803820469103,4.41836531516256,1.47093761275823,6.65220937883699,1.09391498431944,1.10971151716633,4.94657829445379,2.58779336182664,1.76451156438682,0.865978054705485,3.94543328910115,2.99656831534856,4.99732939270749,4.00446018542266,2.15878516962852,3.33474268584626,5.02894707501803,3.05558652418403,1.8637481377755,4.30420998643509,3,10,3
"1859",1.62260960622236,2.44310595242812,2.13799316397256,1.18374083340882,3.81266239769736,2.44802702995222,3.6096059994575,3.14198184912152,0.731812263566703,9.87391891571679,2.98578508364824,3.43014793733719,8.10216697519106,2.38378532513213,2.34587239879375,3.60757416637569,1.20809486410091,1.27315412734064,8.09508050499843,5.02807079355774,1.76638382690442,2.49537087928317,1.9885332858868,18.2924917768146,2.80438586315996,2.83212901604831,2.21394219314926,1.05021112583867,2.71611791471343,3.41677533535616,0.694704130097639,2.37423185600808,4.89341406305559,12.9291134203996,1.10753055274743,0.584874515337998,1.4841195200192,1.50920293463712,0.292043855182592,1.5010037213362,0.89892970833762,24.8711286770897,4.6194372009047,7.17945911533605,3.83162042360745,1.73969187231355,9.41928432328249,0.488117635926388,1.99051915663616,2.19037923056717,3,10,3
"1860",1.01174087661867,4.40077274940699,2.96230262254573,1.95083799815657,2.91928352564815,5.62535121964736,4.32889570704128,0.322909917172742,1.50171189861562,7.87991551764979,1.18728169551603,5.57104705285922,2.39696250522061,1.47077039312938,2.11346828635515,12.0876699065957,1.14651722809598,2.32167893813641,4.7012846373726,1.49220325920466,0.899874833284171,2.44818626210113,0.621299829351791,1.46165762779887,2.26996598990556,3.4970619503923,1.73619974312605,3.23977409125073,1.08883757892526,7.30688895324561,5.22396237501093,4.55347736034133,10.3231964162071,15.2894411084495,0.683077640604002,4.16237083979167,1.34112465681512,3.32565675321891,1.37671399632563,1.13067254842649,3.27797059684906,1.79035538777553,4.13570858200255,16.1176207409763,2.73974688853726,2.2428497252645,5.25762838958717,2.52419749036426,3.40469663454285,5.22872542194977,3,10,3
"1861",1.27819545627367,1.19891566487647,3.64208531397907,1.28321852773419,3.5995328297919,3.194839390136,3.98020495172523,2.35469218561892,1.30700194805096,4.81331122601814,1.31405406964235,3.3398699225162,0.878602309123335,1.55404693514494,6.34600068240289,3.16296090991137,1.0301769764329,3.7001781694163,3.482462908578,11.7827029453756,2.78334780952986,1.0120328219722,0.952860925348925,3.46419891517192,3.17997760664779,1.08856767595239,0.489452457634888,5.86053174983224,0.821806596065438,10.6156214746545,0.840201424283052,7.71064496541874,16.4923878415799,2.7700088069218,1.46326530664425,4.16557893952023,0.562946875666858,4.48663831730943,2.94467635312562,0.419146873372844,3.3412612853499,2.51782195199445,4.46491307729954,6.7998364103375,1.59508416470155,1.67020283444979,4.05876573528832,0.779548876121012,1.64841379227826,3.57538800362125,3,10,3
"1862",0.912847694056366,3.79293970507249,1.50153939451311,1.84026654827027,1.5734054741673,11.1560915851932,3.79245868016241,1.60932166386019,1.71945916712453,3.78283450289877,3.81141912964477,8.80488260483449,1.1857481951452,1.54128141048952,2.73195564264235,4.50015679519806,2.63447513136587,1.47305508510066,2.57255924959418,3.06130841365597,2.1345419088625,2.43343411781662,1.2076349171943,8.57716235506709,1.10699703001236,2.45947228022722,1.14562648992924,2.84260796609177,0.789922152915968,19.7019881275948,0.216268106267017,1.54709312993762,2.27028496173884,6.31449663962074,2.70214604616702,2.73954392861489,0.705466015962494,3.59337152713465,4.08601763714858,1.07212664930978,2.78681235535128,1.21018225354772,4.62305403202208,3.68863959947271,3.66221008734305,6.69009956508556,2.84742734982726,0.678083840048231,3.71406244635033,3.37359158848408,3,10,3
"1863",1.09446373622968,6.26826011336999,2.958617645574,1.75508360616331,1.71725661753097,3.22657456717155,2.38720476614619,0.527783052620803,2.38144257730917,24.3509324683406,0.741285424985753,3.12302875810473,1.64977500326367,0.918523650841233,8.32943039267318,6.57707415338285,2.69572855412077,1.63260792159133,1.58724531218934,4.57998424204789,2.05258037584936,1.85253981266977,0.924007816058699,4.79190411112463,0.993224449720994,1.64328605111339,1.64433022732648,1.50776253037532,1.00269409470019,3.59671420246716,3.81499981108788,1.81081915856591,7.55187606692432,2.66683983654086,2.37801043960793,5.22069133178611,1.54137406802231,2.32126091587617,0.241364654049827,0.428467320175024,2.02738190863535,6.90544832514592,5.43803723817539,8.28513353322215,4.25682641426501,0.847708853771025,1.95973740991035,0.494096826642152,1.86707511911798,1.42978705369251,3,10,3
"1864",0.731748774766505,1.60888827016183,2.46379968413452,2.52979881292646,3.84921247684966,30.3013738218154,2.02513849752094,2.1088679739233,0.572864460217895,7.65848699734227,0.805940207568891,4.9626624089194,2.86843055375381,8.06643018969707,2.29899161463976,5.13922771675905,0.694597875837468,2.5912422100529,2.51341951562444,6.01350975336711,1.62433363478785,2.55651633396852,1.74674916851463,1.74850642124139,2.97499450757858,2.95325771718909,0.395535887282671,2.07359248182164,1.2368157538219,8.98307758699757,1.31577226910326,3.85454133016594,2.70597337572832,3.77801777034985,1.96274033396359,1.89661685783492,2.84025039264791,5.12769755686613,2.07821398044521,3.74115766389181,1.38482903934103,11.2046720449637,4.65618884787455,8.64240123330654,2.55014128925266,2.90047566387752,4.01152948336896,0.757385084782305,1.45034092107473,3.72974687317766,3,10,3
"1865",0.589157575087154,1.52642347091847,4.09502003583339,0.806088183853614,3.79403690937113,2.36288318180169,3.93801738296034,3.13909214405841,1.15880189262108,6.9053123308343,1.95658913536582,4.20314497479404,1.47369068758739,5.63207652562489,1.58869817822626,7.88227644070751,2.23804947179545,0.800466462958462,1.46748196467174,2.9496215916373,2.61736452240722,1.85355084026568,1.65052534647376,4.04945782823726,2.53353501013429,1.66076427582174,1.60166471252521,3.10697730996802,4.36707383233542,2.2864402302118,0.868905591463233,2.55125840179582,3.11580424272889,5.74344982070242,0.975405665472904,3.09209969160169,3.95246270390282,4.01248561622572,0.685888984554751,2.56907479055473,1.46663113770539,3.6158860383607,6.6171316566998,6.43085807104814,6.91899102416396,3.14416740826059,5.14096676586152,0.34385388623936,2.4104829528724,1.68984548021983,3,10,3
"1866",0.464924731935862,4.52725508474578,1.02518341955565,1.79458720153626,8.39638079721902,0.8586074904861,1.90999425497546,1.83196190571104,1.91108097171339,4.07756344577732,5.14872733662656,3.35878445544551,1.64639045868376,0.503545743247357,2.95266658729608,10.398225076224,1.11132531352305,0.396326239331173,5.12083388531658,3.02449269532154,0.348503252297336,4.13705301947711,0.171503916600632,4.19244421763263,2.67199060135918,3.19297729590616,2.11076329764744,5.21132245501008,3.45122936151812,2.36528219172316,2.02734860289561,4.11340607786251,2.40653842239816,5.99272944959618,1.66870019489069,2.76002503987433,2.92836115708533,2.91787608059828,1.42594908282699,3.49185118214336,1.18767233859529,1.43831031742522,2.68693568662381,11.5809381619759,2.70829293266161,2.63080264246356,2.7963341526755,1.33416335739312,2.2312269172403,1.1702537790175,3,10,3
"1867",2.38274369094942,1.49344095121507,1.25313571878521,1.59216594574601,3.00479126906055,5.12501808449452,4.5200306168847,3.02752131471359,2.81096237259414,2.02842395133916,18.4918705101073,5.05320960405368,3.88012810552422,2.25583062108034,1.82751448632959,4.61887390287669,1.61703222522492,3.69686738723215,6.36650706209838,6.78402887913163,1.97526416407711,1.99540214007688,0.846684866559664,22.0641267432965,2.19208499270505,1.8028400391825,1.64576943492644,1.26218397905691,4.17221019703973,5.23720902074591,0.334545630428798,1.4403927554305,9.03896532551919,19.517463477428,1.01045041870807,3.53855382648254,1.27858547802301,1.82452675693721,4.08829293449829,2.79362616075671,0.759129205751599,3.40150869688835,3.61621370235923,3.12991537282664,2.83538094796796,1.96660309242687,7.18723210851206,3.6129672185822,2.38338750248882,2.28133328779437,3,10,3
"1868",1.22542878851856,5.2280756203407,3.46505278790112,1.42362569764696,9.82747893922618,2.28300532040882,1.18599951028491,1.65631546043683,1.32886510606121,5.89480638418032,2.83693196593927,2.47610965491584,1.2160393640088,0.446929318142219,1.84977573337009,3.37201935277995,2.40055170791251,1.0104815782455,1.91901545144804,11.0998481653021,1.27535148615807,2.92293161376437,0.266913925035005,2.13448888950076,1.09609718682005,1.68929786011306,2.09750458536967,4.75454074833321,2.19837386943889,8.48056998661768,1.63915302116072,5.60602203354985,3.82200411958083,5.33911662179506,1.21827914747056,1.49999412097169,2.35600867475474,2.58621406522425,0.645962997063951,2.41827024000806,2.16733262224822,6.37885843383804,10.2939252044912,3.38224514068547,3.11624793431305,5.40007170073822,4.86174005109785,0.300364907714883,2.06077001206043,2.03322235273125,3,10,3
"1869",0.412356684401911,1.97641783808249,5.75257383148791,1.07445558909919,6.569700379762,1.27173496967699,1.61458088627094,8.50157355244043,1.5988641035316,13.8293005694773,2.90141830865665,4.75562840588494,3.11617096574655,2.53365937616125,3.82382877851917,3.94649664223183,2.48113835951164,1.39257596079152,1.78888547761809,1.19411040503507,1.21592241046239,3.25818375416878,0.420388875446519,2.18812426120778,1.57473659153222,2.41257241874584,3.93049044567649,3.86915406607875,0.900895801599724,7.25243957821605,1.61898074730993,3.27450302568919,3.71699298954702,8.76557832137592,0.716580820754651,0.385397750398182,4.01352936136749,0.990391364462131,1.03323666334689,3.53055417814648,0.68384443203763,14.6646386377595,4.92133114135697,12.5466060597089,5.56455292322964,1.84062820896463,3.23355402060086,2.02139074047227,2.11363996394764,5.39833910886562,3,10,3
"1870",0.872703904128396,0.883104291792288,2.62670947782735,2.33787343243557,2.80463808119457,1.10033321453588,1.37952408836852,2.92043246541724,1.1540230455714,3.92634611343988,1.60645442125167,1.81167988700771,2.7587746756383,2.87756708352537,3.11935659795584,2.10929123359602,1.49242983037744,2.11660496871987,4.16623079045644,0.526798127508593,2.03478616300183,1.89034789963216,0.85098479822061,4.03525133729676,5.47205671323443,2.50136132171399,0.921911832887865,3.37442619383673,1.21069898735452,4.20713113524566,0.585470305504912,2.41700076523502,5.81911365351316,6.26254738646733,3.24943265330801,0.861616407382414,0.769188036047698,4.02517166665027,2.45056747674169,2.50156916168708,0.566731271151214,3.96592883821356,3.62021616293755,8.88711231364212,2.36780560013795,2.92778356358754,3.00283853014029,0.289256097884702,1.41633851912484,2.500015133014,3,10,3
"1871",1.34376588120187,1.31310680782972,11.6125346099092,2.03741608912706,2.39290446032015,4.42630860495803,5.68213769660202,4.89331571476688,1.73997210338945,7.99528599244623,1.32459472118206,4.84208675560446,5.90556270698523,0.781786537240546,4.05123260513874,8.8886219354077,1.27455122816536,1.80844579561564,7.42880478917862,4.0070183413094,1.33375925401578,3.18151955781323,1.31439216476041,5.88093760956421,4.83734862447074,2.58101186829226,4.23694656673624,1.77596624730306,0.992311651659856,3.37851954088,0.613875090301654,2.1908578570608,3.95206775887167,8.25144932584847,1.74550884425236,0.881193397537612,8.2307839174071,4.55218721286024,1.92717141395697,2.85155539829953,5.63899796555833,1.61174831439842,4.55298859615465,3.38926511019761,3.79827920111732,2.31004847682437,4.97560570465624,0.762788395064398,2.37124848189618,4.05466974943203,3,10,3
"1872",1.44386606125582,2.82926803691657,1.99659066428014,3.56420651326397,4.49435800831706,2.05633545533587,3.26559104513571,5.40860423370878,0.720720579804808,4.74801278807437,5.79029538950712,2.908669110993,3.71150933927002,2.95411756232031,2.07104827836578,3.74977191849358,1.02375280214265,0.276928341121708,0.827540084311622,12.8096627297787,1.23808078958353,4.53878120206115,0.936693044287641,1.97354532414015,7.66741405348743,1.88268302494109,1.02186283797244,3.25704081160474,2.90342647878101,3.29519111530559,0.341196260647453,5.62603399545173,2.63853068589437,3.36694548954621,1.16477677905863,0.648601463545483,2.51394350070548,2.49792029275985,1.66016108097272,1.8124355605407,2.07519592345597,3.05192021537535,3.97022432904092,5.74935799343281,2.10680300646044,1.25484027091772,3.73963712571373,0.85565598800546,2.01199383646644,11.0344122384556,3,10,3
"1873",1.07439981792786,0.863543680630244,0.868251854057932,3.90936226012881,8.51022499973328,2.34871992066495,6.61599579046387,3.06561001189058,1.27303583684481,4.76534673726777,1.65716948169569,1.80082470572257,0.621544229519579,0.805068197317222,2.26639483535414,7.25230987173983,1.68290364435018,1.49654460481035,3.03038417146171,11.8151623076239,3.0610157269541,3.35660263750328,2.638013591281,2.5993805303368,2.02929281722746,1.20020444570088,1.76576380116595,3.54394152308281,1.62354274891118,2.42220077673048,0.658435369050621,1.43189429983791,6.28158315281129,14.1425841245987,2.62636300559632,4.41449226199104,2.84988231392508,1.85341652697257,1.87729950232174,1.2905901196696,0.834341031106333,3.94918778728708,4.86325237972811,3.65411969166239,1.75977498887595,6.08961926897533,6.79822230070954,1.0911091312851,2.23605208225434,3.73810908980866,3,10,3
"1874",2.15985128420634,1.47460699914163,2.27049967338434,2.95269479534724,2.55645923298737,4.1712868888608,2.18734703201631,2.30120153800663,1.90105026074013,6.14572260012287,5.87798592223716,5.57945530779156,1.65034693958699,1.90605611224327,2.59391205132318,4.14648281946531,1.69453396493592,1.46427618509633,3.37654281177585,5.87054431959186,1.86559216826112,1.2778521537397,1.72863301648277,2.72929849534354,1.78913602474302,1.47073668835515,1.44934012983952,3.29053125027505,0.866041712258223,5.2399779512749,4.00343331223476,4.9081970742752,3.9514195912028,3.15139003359935,1.88952473020335,0.419269512423384,5.84252624944352,3.02729567873818,2.21498215593067,1.99547238412383,0.603879241975907,61.2762566697095,3.11250510664461,2.63815749899309,3.86555344768172,2.31078266865658,7.49405599942507,0.945381462261217,1.67564277238113,1.50846353621941,3,10,3
"1875",1.39212812792536,0.632597817058129,2.80995463182415,3.1244630056221,5.15595659306284,4.71913167021685,3.01714756523043,2.74302317127901,1.27291932864376,3.4232994395499,1.76169513563389,4.93905645362192,5.29455873891798,0.717903903371032,4.04383000672146,5.22126417134276,2.61195132305612,1.69923859773905,2.61840572414462,1.11920147426969,1.55159339826938,2.45047334434151,1.79009758224582,4.36695895228813,1.33449547908078,2.84287716850726,2.21433788873334,2.10966886826786,0.86024595288526,3.6669140514728,1.68746563389002,4.79274149505532,6.46984447359379,3.74068829104168,0.136694866519571,2.30508068625636,1.41348136439205,4.74008298327434,1.49107085519481,1.36926708003385,2.83623408439696,2.2881411308291,3.14788111073235,7.19549935575519,0.780305302889617,0.766567567039334,1.98084714815137,0.394699011700583,1.04711637356001,1.33689904247861,3,10,3
"1876",1.00781778924065,1.0944180249196,2.82777203828844,2.65019966001237,3.82015551475051,5.49747421277806,4.73426206223617,2.75768344664089,1.59520345779909,18.0489050611746,2.39436897955872,10.4456242070812,3.43404313650588,10.4885722386961,2.28861890609522,2.25446362169276,1.49518094895804,5.12912729582905,6.3303691907454,4.10831627557485,2.82732340952793,1.40936351640499,0.747940923475927,2.10139983436358,3.99412074268263,3.70119146052237,1.22264074727319,2.70340136318979,1.1060107042091,3.49046189224995,1.10581017370784,3.30729711066075,1.29192624914093,2.45138702646685,1.65289885467582,4.25309704150188,0.811523371834445,5.87747810669784,3.6794374046682,0.636758610202562,1.76491115935822,8.47208135615315,2.16918181366705,9.40507755096779,18.434479840483,2.2262650890232,6.53000423787127,2.1653139060923,1.83895730327849,4.99707889617627,3,10,3
"1877",0.485185026222341,2.89041352420059,2.5034614642132,0.845253853845771,3.82827885306066,1.34674066138265,1.81377322912352,2.60867675820926,1.45072769146354,10.6535162235251,1.42152844165559,22.1935861712354,0.591371168301597,1.95596115999701,2.2293611263023,4.5250001394995,1.15931823886223,1.36211865714231,3.41515424005777,8.85930242573078,0.556380668334894,2.03354714699293,0.74781283052391,3.33653331960325,3.85488453160154,2.6022946652208,4.54064902467458,1.46041197908245,1.91736153083014,2.66960573321049,0.492171151976309,2.55285160982471,1.72721026434515,2.03995545178708,0.980677170379427,1.91474135735602,1.24254341895052,2.53973558305365,1.11193230674284,1.0724868795587,1.2895272789532,4.09605842618171,6.36479653793349,3.13181851124224,2.47945250067839,6.93554837502978,3.2363745826814,1.99135747026102,2.2736937458266,2.28339569836502,3,10,3
"1878",1.26040474803302,4.38933028824909,4.63791032984592,1.12035052339342,3.84985678330652,7.13042253372314,1.65350327137486,3.2413289068257,1.44187448620097,7.66558033033362,0.865081358418266,2.85529220990121,2.29396160177681,2.20422010762338,3.83314787194332,6.65653811604134,0.716971749647197,0.906709305322663,4.51426330275438,10.1131086489807,0.776740924186984,1.58399447272725,2.28326449470948,2.13557539373517,1.42594506083508,3.88465127639544,0.752909470773562,1.27421455121994,1.41906097527894,1.26442010500267,5.52977610269652,5.31245738725764,2.90893693239723,11.9762666461384,2.74192208282382,2.63993358125179,3.30324744785075,2.74525605196493,1.65990160880252,1.38932029174675,1.19634708240457,8.91275809988914,4.76646330326799,2.6929431195848,3.44720033310502,3.53265698294352,2.50597299033983,2.84460355154367,2.95985180258872,1.30257080117497,3,10,3
"1879",2.82542655569415,2.9824060182216,5.2010915509085,3.50189550093478,1.64836652472435,1.89442180636168,2.73351018499071,2.77067722033804,2.42264118093914,6.71130542463268,3.70145332856222,13.0099327261629,7.14005043063468,1.11661318737332,3.04629228702652,2.55208721610751,0.983889673777848,0.648763753061448,4.88890997531809,6.64064440525737,1.32331120189905,3.41836153756604,0.593140743109241,2.34463332653975,1.90410972318376,1.91492421362521,0.95304583476181,1.07689375651455,1.8863655477348,2.11733429367832,0.646719561577778,2.28018640819965,5.32243172297622,10.535049140192,1.2446085587435,1.19814739688695,1.41276271021637,2.69508740558394,4.14959048989376,1.51113937832635,0.684902070016881,1.66952203449528,3.1236835466288,4.11585139723375,2.31307654166529,1.26642881677841,3.10989786091785,0.810091583974704,1.23288785346241,2.25228122238222,3,10,3
"1880",3.71503925655477,4.16365331730395,8.9393730942607,0.445188762638216,11.9042887119601,5.04468813452234,2.2188306745079,4.75995619457173,0.451707947648299,7.33627909742929,2.8541367238215,6.06591223559879,2.12724176831494,0.985015923089101,4.61278650605983,5.34877517983212,1.50711304083473,4.9297063284687,3.05700710833565,3.95370122993274,0.917727363847961,1.62776683124788,0.479418663145484,1.81829464599004,3.17443039686116,2.38739718783707,2.47016988306621,3.47170222479628,0.841616380145344,10.3831986496666,0.532043561815607,2.30087689109117,2.73230399997565,4.10772218613775,0.907849955727908,3.88236740057264,5.95676712915242,4.57427996195038,0.665320081927737,0.621701497537977,1.78863729114416,2.87789098630882,1.47155181529614,8.22380232741714,2.72015501236121,2.31306780907758,5.46170188933137,0.802168682380078,2.75357559287851,12.7222113703606,3,10,3
"1881",13.9165136981031,3.6403402837572,5.16452821525177,1.75417599263048,2.73520185853746,2.20952324786658,1.2785090691361,3.48292879138125,1.13353379632003,6.35571177521725,2.87399226706808,4.70153377098214,6.44094368778208,1.12231540428055,5.63083677202571,4.73791012212426,0.228899605273289,2.26829795429896,2.57841495671622,1.2886026304806,2.86329727520172,3.3842111561828,1.68164838583412,2.96552183416176,2.17705105354544,2.72212545624757,1.41868223768527,2.61095660662816,2.32690527981659,2.61491408001805,1.17872354063912,6.25091014352023,3.81025012741779,4.48035222515133,1.49621258427328,2.74544414248274,1.27103303781341,3.62263823341704,1.41762665843047,1.47648791703164,1.83709782831174,2.36891989861262,3.28398533633435,4.12059144805493,1.0588372577792,3.87160474531375,9.42728489170699,1.05454284983286,4.47414596534155,4.29134367624213,3,10,3
"1882",2.83434262870066,3.07022604093208,2.27329957603497,2.60011696824496,7.20221506708927,6.37074587199496,0.806602158226569,1.97740035079551,0.957864597445134,12.1507894859511,6.55085776795652,4.27493332948019,2.93405054385194,1.08092459216181,2.66169197194083,2.30110278785149,1.2445079852437,1.43565260411442,8.08126141915804,3.21305630033567,1.48066615626225,2.61967001962557,0.923192662986826,14.9855610345809,1.91225397549602,3.41460520632935,1.61419352458212,2.14048115194226,4.41410964012755,6.54135871463463,0.488340674402233,3.07871630017322,2.32566888274601,3.60486914862257,1.27932368156928,3.11888154093804,2.54637588477326,1.02189735734039,2.24122534651481,3.22385969640561,1.01336266915356,10.8130714984832,1.76847783280203,6.75743909852425,2.66224636904699,3.8532872768582,2.78709081178526,0.746828287888526,2.50172537773818,1.71708636084801,3,10,3
"1883",3.98217497873013,0.968262896463347,4.60754948526233,1.6278824321279,2.45053937766469,1.02847982890149,2.51160469423065,3.25275536149247,1.78830216471884,3.96676834845311,0.607541903404526,12.1110122924369,1.98181739414746,1.11012798822065,4.08393031022266,6.45699820108286,3.45879634737776,2.26954319488599,3.69538967077888,5.35388093589673,0.666546294634864,2.7969063692825,2.19598719322286,3.14529664527067,1.95674093548565,3.23723983646008,2.54607521365353,4.02298753169325,2.38385075783722,1.90804411467454,2.15032018242594,2.96704539156162,10.2484011006101,8.32477481768974,1.70763877003413,5.04251417360405,6.09799422056419,0.961002430648493,1.62669912354556,1.07109002736093,1.72953529988695,3.83636382488571,1.92751592335239,8.22080251858847,2.78585735697709,3.2690783949403,2.25168640255721,1.98075494402705,2.83214172993618,4.14030241194964,3,10,3
"1884",1.00028240294994,5.73570830471338,13.750837549978,2.72426954943917,3.6312239379158,3.56114766578603,6.8169685430366,1.78956172175434,1.07865677268548,4.82153441632599,3.20414064911895,4.32801200464255,3.67127642535739,5.68715702390504,2.0121902395541,4.90034029274595,1.43871963451283,2.23354256469531,4.13099131966292,4.6460944174926,1.52247138719334,3.82016180898487,3.80327348739733,7.38661921577202,1.55368150338275,4.50561726617596,4.15637513045031,2.55195057886445,0.820107239154408,3.56405167851205,0.575329695494013,1.9483157996538,2.71369825698257,3.95201799490198,1.94387465236955,1.44077930579662,1.40735530308155,5.67258115124727,1.45385123068785,2.34383969506857,4.22837042058111,1.57346167461982,4.33671666429115,6.27423464538901,11.4304444691683,4.83803582241558,2.86403930843106,1.82932730077103,1.92786383127534,4.60118719067015,3,10,3
"1885",1.00487218577982,1.68029311313866,1.99694863846603,2.92170510882725,2.24988517347436,1.55411582110735,4.46006796684045,1.94776943581845,2.00466886448589,10.0724287337698,3.50164633821832,9.0961390452958,4.79985731600128,3.15604341182772,9.03888326182364,10.7194106427016,1.2734228116226,2.64466517479206,7.92854242842158,0.944607110018182,1.90946393425874,2.17542163778008,1.49357518576542,4.73883357521029,1.03031646228434,2.28958365008495,0.684240914193016,1.03980489223538,0.957138173995621,3.96908604474447,2.49369382086752,8.32089620287144,4.71837736850771,3.18853120666536,1.30325685838884,2.73393060555053,0.356102288449257,5.64231054278421,5.08554068034412,0.659968649780381,0.555347425878423,1.63855074195147,4.65229023396174,7.53141224285882,1.45197530726203,0.974027188378365,2.07193112486843,1.30113510899174,3.13050835437209,1.24952681612167,3,10,3
"1886",1.52142942072527,3.14750972280616,1.7857314954325,2.27687263995401,6.42752418822657,2.39632144131949,4.43773673499016,1.26225198799201,1.42307422591682,8.14448150372961,2.53463050676221,4.74480562962339,1.6044790707031,1.45463281025679,11.521751441767,4.40764485634889,1.78780000665387,1.51689962118456,1.85680765031919,7.64969045307611,2.11656050293314,3.57339836034896,2.10697048325737,2.13382856379191,3.22226269451588,3.70516956295433,2.16639038050699,2.47155036771333,1.84140464513846,2.57243341988223,4.27760936710788,4.89826925839755,5.99551759452842,6.84567774741769,2.36468307775957,3.92211929311633,1.40359698957321,4.53696823693179,2.95622949954692,1.5164741074735,1.39348978471825,6.41254502091105,0.607145666686424,3.84944006894724,4.95523584154976,3.72134241619383,3.0093190037644,1.2528761230793,1.41931461199058,2.65679340301025,3,10,3
"1887",2.04010907924835,2.87487704202093,2.35449816501984,1.70465942941611,2.23534040560883,2.32281041474339,4.61687080960786,1.81892463414812,1.67816450153757,13.1839637482512,6.64591821321872,7.41457605636364,3.02655482079676,1.63176680814676,1.84844419496032,2.06917335996482,0.935510749452923,0.750330626700477,6.43389714944587,3.5746650327754,2.88258496754853,4.65932597370269,0.95578719258403,3.01690897901259,1.56366077119606,1.99287670235813,3.28755454686468,1.17373426314271,0.936028782335172,10.9869344386756,2.99996602518895,5.03979464931449,3.74214606252077,11.5384115065935,1.06881067745883,3.94585960559705,7.26609719759443,1.20268550276817,1.32005638480693,4.63305209425933,1.4148297287311,6.09390471348291,4.44961594397014,2.62184835959766,6.50639039019566,7.83799793701141,1.7645947642637,0.394289087312059,1.91228576050714,6.23110651753677,3,10,3
"1888",2.18905634986464,3.07716915900274,2.60676199188976,1.82128159531089,6.45704868801634,4.41458740149653,2.87830383790994,0.764164284751783,1.10293663412439,10.8172945038257,3.79875045930491,3.06942510609086,2.07636068998234,1.42644228345487,3.22001038760088,2.00589523234996,0.343589855950796,1.39570386635589,2.59033277591652,4.81347953287664,3.16013057551493,2.36287916643752,0.164602556958355,5.82169192571963,2.21472345192196,1.06165097282713,4.0198465470287,1.644650758315,2.34532460173077,8.47775356345155,1.00921616475166,1.83420118943866,1.72715056392058,3.50705361004325,1.3198609076727,2.9855327932175,1.52528761880349,2.54603360134599,1.57956720033247,6.47149031775736,2.0227127183656,4.07523966306108,1.19081396247703,6.54567479023497,3.33010078937086,2.00586225597217,8.79017579660984,1.12110381424587,1.93863648709185,1.74540456790266,3,10,3
"1889",3.18157985746738,4.35968367567121,3.85706912962569,4.79046831745564,3.46384488288881,13.3381765730868,5.31354936980847,4.04130036828619,0.28998270257407,2.34577550015947,2.25760056214522,7.25887720605628,0.955000925179228,1.44100402683854,2.20628236242149,6.3698712164775,1.99305255884335,0.678553285786866,1.75807627496743,1.36427275125626,0.682216145396266,4.02852484548549,0.984897266263001,5.08882182342114,3.79062835818499,3.39734338084085,1.23130470664028,2.49087130104264,1.21140507158275,4.15464011801005,0.486070434811243,3.33794474603397,1.85816844353589,8.4856954730062,0.39165860125323,2.8531684056983,1.63446549429687,2.79340249281515,0.952129166434894,0.550302968429062,3.00835939380616,1.71656493461562,6.50617406397078,3.41333746775914,11.8771040032808,1.45768255695881,3.48121365316845,0.232177288158646,1.98529659984573,6.5490158858751,3,10,3
"1890",1.43588399855205,1.666544522471,3.11929909229281,4.82586096316075,0.762370759045293,2.12646244798961,3.49417563325246,1.04956090075657,0.350339778465888,17.55995188585,1.39422742014292,3.68373523516036,4.36388534232005,0.293851364108164,3.12876420405638,7.65165514929907,0.618284793901459,2.74659646809291,5.16126463414387,21.0784817745066,2.37609647598737,2.67757626601989,1.11039915203447,8.3500703212727,4.09558908336797,4.60927259484994,0.730480669405535,2.9730939109671,2.16098751060363,2.71019446681616,2.95880845857924,5.11466815804734,4.87250736303575,4.31109422344439,1.88811614227899,2.90219893077207,1.22838228025909,2.51459313480361,4.3660294390722,1.84286158377267,2.0031856478037,11.0613237271733,3.68944114298653,2.66644611939012,2.00604105228898,4.61123814639156,1.96439983428584,0.836207978171631,2.7914452597123,2.95143267629726,3,10,3
"1891",1.18247643088243,4.24508015773486,2.13712377308884,2.93546516154414,3.72485816057708,1.99151560043021,2.63998039292168,1.6362541863578,2.86406721437633,1.37782953305965,6.59159887619647,4.42672261094912,6.00047215425581,1.65079660043617,2.60892426247979,2.14486694410866,0.986967571221792,0.719891692176499,8.68409429733187,1.99022863287636,2.36884054237039,5.01620034597769,1.18099847082664,4.95082205462918,5.64070485306773,2.108810085017,1.43585363915879,1.36853322971957,7.68651346358867,7.73376087287478,0.806086288716892,2.32380821921509,1.72874452781389,7.73855237003573,1.28528432751547,0.425148021666393,2.41395644215326,4.57527976514156,1.10657639080005,2.95295339944072,13.9363137083023,3.07497402985025,4.99156735351984,3.12438317746523,1.66804529980666,2.47638742872109,3.73559091638044,1.70281619063882,3.66584920477057,2.67750577080206,3,10,3
"1892",0.664607523634208,1.26354167541914,4.33345219210433,0.853012822365285,12.9866513483067,3.85073414804908,2.05366929087592,6.41155688351606,1.16893433229321,12.7974044924224,2.10364122419045,5.75084105206525,3.25457989135526,2.04190527235541,2.3311341187267,3.63196254371773,0.693546878419337,3.097100148876,2.18041938849646,5.23753658043212,1.70989758723237,4.52087109632886,1.79318618558508,4.65711975194646,3.04784401833158,3.93403411516187,2.4705779097665,1.72401517503736,0.75494747231632,9.97924616363933,1.79963430552742,2.23545145727444,3.94953196591399,5.40456990959813,2.57611743141204,3.93309564726929,3.31108682045098,1.24738933785923,1.08808850115907,1.38466000039712,0.46443318336689,3.78606524738957,3.74277795938656,5.77934383520332,3.05550854977165,1.95010425826586,3.22174389254858,1.09331246794145,0.262674299066804,5.69348879317162,3,10,3
"1893",1.66101717210173,2.67614017521909,1.39641463674871,1.69282159172773,1.70020566848281,1.3368040967924,2.00662901761262,0.415130806198013,1.37445668354193,5.79057561849978,4.80539970539142,1.57869557004327,0.821543147550212,2.8967070749452,4.86419444045212,6.64505047555875,2.09375812859942,0.93473013595707,2.47325412563425,7.25610678283028,0.283322158874408,2.33873528675776,1.74400107880773,3.68574269172506,1.82683370489391,2.2099633474869,1.65886467095901,2.98024926173563,2.39677960258903,2.71897494971677,2.04475966448104,2.78643301938797,4.9756261986056,3.82404692858182,2.41914524940736,3.27530903475886,0.810569935066525,3.84527272717935,2.18068909589207,1.40276788386413,2.57743865465964,2.55611649975911,3.9331751950904,2.91197978970365,3.53390351874451,7.65284343248126,3.890118620763,0.398284601300934,1.64806674614243,61.2098983793233,3,10,3
"1894",5.42479325069419,1.9088584195208,9.33934181336333,1.80053594518407,2.75451217635502,8.08358140700138,4.64328336453077,6.35524231132159,2.13068544374357,14.2501969019003,2.1461881316543,4.50752611278298,2.00866299168086,4.49000814947043,4.54712605668748,6.06000356868509,2.0302492039496,2.40686054112892,5.5014642053997,1.51480442007831,1.94723152394209,1.23100868087418,0.697562491432924,5.07065920392375,1.20839466386179,3.62767483555606,1.1161771803786,3.57903237995231,0.627355920440866,3.14577187170271,0.30374899682999,3.90624594363118,4.53065450679752,5.67923264888423,1.94093691882405,4.82017998940058,3.52204435150705,3.81189454605443,2.6642922199674,0.237688844028856,7.09934569042968,3.22482462217643,4.42425180579579,2.78934753061995,4.75087863091778,4.62296582305525,7.68988220452679,0.5846001109176,2.1702751254284,4.21801667838739,3,10,3
"1895",0.853152953533605,1.1913687725053,7.62691068906864,2.59849744562764,3.53846858437312,2.0638733756516,2.94254956388249,0.923733172117714,2.20459357605047,13.5034947578895,7.45783521425943,7.20276043190981,3.04959049399061,1.47574888986198,2.79977594790593,3.2907797890018,1.02263389829046,0.805112292661717,1.9145874777801,7.71710612395371,1.70646754631193,1.78704513163522,0.271672176064916,8.53269784441784,1.8010509791462,2.86074885534289,2.71216433577984,3.35759195648146,2.56993323739864,2.65676765427575,2.71382917266832,1.43482746664002,2.67078230950498,9.15258124122908,1.52372707827851,0.44895454580346,1.41391553464408,3.2983446012929,2.19385097016013,0.934866113157136,5.57532446625526,1.76343922692812,3.91441146395084,3.40228629343866,2.12160516947655,2.00573705353735,1.92907877348427,0.853357371112815,1.97199048951724,3.7745267502079,3,10,3
"1896",3.58606977600586,2.58443037488718,3.08305683099563,2.90012172009579,4.21037036940426,3.3967650313779,3.18939781229723,3.2281456034776,0.713839372026241,10.4180543875311,3.42331743718143,4.6410963147031,2.31052787902052,1.61238072398556,14.0810742018746,10.397180916274,0.862252922904368,1.848152059543,8.83083568221308,9.49836250865771,1.33415322913043,3.10656566561877,0.990720820366657,4.72514307914451,1.7036347527449,1.86405827545881,0.835975376202539,3.29153506154537,0.425856246300346,1.07635911154781,0.668193123424628,5.9907155940959,5.39658390967049,8.17370132540683,1.87957599439489,0.369741912259143,3.11963657437097,3.72622686899916,1.10761611423325,0.205885400259389,3.39012850221787,1.92660157880918,5.57859210611895,1.59568863221411,9.66336265333264,1.18006032641046,3.37082468824894,1.62297747298256,5.21561789639427,2.37698469822202,3,10,3
"1897",0.945508669811123,0.825104535966323,7.05656039343247,1.54169947210729,6.50585287994585,3.13074285562575,2.66331798901967,1.49739652604418,1.56428843932618,4.32986826022492,1.15730799986666,2.48780412097587,0.823386211690542,1.81325630339974,6.14441824443934,1.52541365591588,3.10810407937254,1.86589930650018,1.50284294231378,9.9885664128495,0.481229503947554,4.3165036034969,2.26518693519374,2.22797944473038,2.37797601705239,1.72330396939698,1.65450538591425,1.11342027689958,4.33016244932023,4.69735383173697,0.849318703188236,3.75470405878725,1.31270513132435,4.21028447007502,1.66134415774672,1.7227989685116,0.847632343280953,4.37158422430062,1.9133623658465,0.851722058289021,1.19065401894648,2.73437268779054,3.56694284721772,1.71495108088866,10.4385848682657,2.47772193074483,2.76196898858679,0.466440569172461,1.12151300937292,3.47217454408716,3,10,3
"1898",0.955920024323683,2.00686305598059,1.78016816097528,1.96201200613516,2.22874816075609,2.82222883426408,3.63144836300929,2.72529826232106,1.30190498779035,8.53899475420252,1.6509620649245,3.22975716642763,3.58144764636985,3.21030293368026,3.42236419692075,3.94252545848309,1.31993594066816,0.88898867915415,2.92568473342134,12.3535337801404,1.07355742912846,2.59462714163632,1.3032038932738,5.37492901990872,2.56509134207018,4.57117522775258,0.387663500482322,2.11133554296035,0.508559869738812,5.63098109190148,0.452811307983429,1.29969402628447,1.14905965451379,10.2424491439809,2.07129678665077,2.69695530968198,1.13412444836218,3.50260128709096,2.03602559591326,4.10988062883331,1.19438665095604,3.83250990682981,2.26234820278307,4.68169092946912,2.58752848183044,2.0160945513091,2.22149391376032,1.1793074000399,1.04666736487383,1.73456980112099,3,10,3
"1899",1.51323999663503,0.251564563898168,2.0658733167415,2.66714957886924,5.00354173076194,1.52103366842885,2.78428100290056,2.0840868955205,1.54583158033696,20.0678053245473,4.67189595223804,4.17351683323774,1.79543970789355,4.53745818093361,3.40420601493254,2.09101662366117,0.580503274490304,1.27254419070763,3.7873386055138,9.52777566767714,1.27400234960386,2.65391366932639,2.56343072783818,2.31249589391727,4.61783689378761,1.89901626898957,0.720259928279141,2.9300735539885,1.61606787618591,1.26712240769619,3.75274080871286,1.80696090815526,3.54059062814917,8.16287707075257,1.03052792901955,2.35420272565698,0.745121633318027,5.02310163814578,3.4910816292189,1.37817836219461,4.74439909489515,17.3683617051069,3.29343900661413,1.55171544085367,5.90308248723683,1.59383771764165,4.26622661277875,1.2214802292132,1.61048927283789,1.69316424595004,3,10,3
"1900",0.918530640556883,5.49143825696392,6.5051534819104,0.820505302764165,1.91584552743794,2.99783800550454,1.71724592227895,1.57151349673509,1.93975986957056,11.198457646347,0.777536050333937,11.0447479475409,1.64748602728738,5.29688436470689,3.0045298775463,3.18445394429868,2.72337808487036,1.6681292079949,6.09854286294028,4.18469476955225,3.49695295584684,3.19761212751553,0.623708265062832,2.05817691720997,2.54799977665517,3.41292680037788,2.29535913209041,1.72952092673038,1.46455518771508,2.57039717370515,1.01185173738503,7.56295837347112,6.8926213219374,6.06371128849758,0.819652868984356,0.529286138591049,4.34950432862732,1.59897365309783,1.78966109297947,1.55715626123827,1.49859784208561,1.05242847835398,4.26059659092473,5.33272925095087,2.36659750049037,3.28578083313013,4.0368510128509,1.10153992345759,1.60497145628161,2.39726418781089,3,10,3
"1901",2.2918228577577,3.79720407302449,11.0724899388459,3.84836887398316,3.90592097216937,3.31084099035603,10.0587549852571,0.288431534154458,1.37594587315959,11.0755665296449,3.16578926001319,3.92778751405701,4.5803917880451,2.45334194130488,7.66711623274554,3.92624870679958,0.808112095104809,1.29098379288089,1.59475627906477,11.7671966653232,2.23982816848587,4.72780116768862,1.88951636845324,3.0179729606882,3.01602478835756,2.43945004362565,1.93557324913938,2.11895584345648,1.93263471549149,2.09779347149653,3.51179201075966,3.25051376315713,5.61678023056115,7.07233499163305,1.17710607068884,4.8765976536768,1.34287855914209,1.11234851615359,1.19543495318584,4.80842300822677,2.46725413369961,5.19726624037909,4.12284670298954,4.02312654991559,3.46018853869344,2.66539621739943,7.87374828633695,1.83831439499385,3.15081494627145,3.23418861787821,3,10,3
"1902",0.43357140566646,2.72007918767144,2.07969636883247,1.86042112939999,4.55271869237924,3.53410994756715,4.58281699072994,0.538089205421769,1.13802448278717,11.8558838778413,23.8759705183395,7.91752144327349,1.10174512947441,4.27751888576486,1.83620318400552,8.79210824921144,0.504163054619894,1.99542644638367,3.02576709645874,14.2301105462472,2.2070289410723,4.35728337540548,2.24769534302375,21.6496432294687,3.60126814609388,2.87766686400457,1.78785825169501,1.4637772643612,1.03059576811721,4.9940654089953,0.58216160094646,5.35051185498113,1.77432039398236,3.39356806783713,2.05471997251633,5.69489394534827,1.99409079498523,2.77298682999838,0.926677858453079,0.780443788748825,12.7992219965826,4.39991411009911,5.58219155588897,2.74721722925089,3.48617241430065,2.23924009281337,1.56596598709167,1.7835720842355,1.38881542066074,2.49647168265956,3,10,3
"1903",1.85984566175919,1.15205238981691,3.0456655425425,2.19664729224949,8.14448930841611,1.71255473910907,4.13249216234883,2.16093916437434,2.36653313548028,5.58276683966694,8.86571377278615,6.11181027133169,4.58925622004573,1.12091113068365,1.06780326957844,8.8884458955871,3.07535741523849,2.99254202820797,2.52973865620694,1.89672969822176,4.81509293856678,6.7122012026923,1.71248875578614,3.06960581647955,0.553737179885612,3.32505461510406,1.75479299895349,4.05970061979806,0.731875092743048,4.65172727073337,0.192521993595065,2.51012031507981,6.79054216093904,5.56046296537737,0.361155759808927,2.08679631060332,1.33687703421864,4.28102288890903,1.56488674306721,1.32500765174343,2.29439418426778,3.22257545667204,4.79386982342152,3.21541809397528,2.298612110824,1.26629766853388,3.82673302602248,2.02216261203844,1.94954098890428,1.95385719627428,3,10,3
"1904",0.960127065642315,3.55140821821751,1.31280339922216,2.82105190526942,1.95632686266669,2.00721496817741,2.70516325292342,1.74460597330756,1.69924500989208,3.5613641678951,1.47107088182898,6.34107203591882,1.37790393139499,2.01499840121215,12.8478701231476,2.52140281124915,0.992650557118212,0.900193810637953,2.85130050416523,8.98202146459616,2.13827577295565,4.00826539002833,2.65118959635484,2.43499079456587,5.92345490495049,3.1321436600458,1.02323768609689,1.61644676029107,1.56659184337023,4.69708864503784,0.768313370838679,1.43613813111811,2.32911993100716,1.59943957746001,2.1774844320218,4.25936057250733,0.689702095903569,6.27947991391447,1.07000966717119,1.20596963761228,2.60856801235655,2.00243998908296,4.38220482005882,4.55350109179018,2.33310200728529,2.11246982523088,4.16803793495118,0.85948817223751,1.18224208762947,5.32270541316365,3,10,3
"1905",1.17368665918853,4.62329938675446,3.57184498786186,1.86639157958975,7.69305026812909,3.16983386327312,11.5772427803539,5.77079570360422,0.783575617929453,8.37766863708355,7.81583530273897,2.72283512278294,2.16925160931008,7.04666015128647,2.23690957978248,15.6971142784426,1.3244557929518,1.20133521171166,2.35503267815351,5.56295696080818,0.497910425862802,1.83497146405658,1.44738738383721,2.17913712493977,3.29109350465016,2.03904024228199,0.905687318518828,1.91288280447441,1.86194782588014,5.02361060018379,0.225627158576365,5.25543312625365,3.97931761574086,12.3248340029963,1.83841722866453,6.35335807849718,2.75350132233984,2.73348939475788,1.82219246506947,1.44702958160046,3.43197532637922,5.80741479504907,6.30972925280116,2.70203029026566,1.79934825927371,2.04697351425693,2.99480341441132,1.35875441910137,1.99199908981484,5.0335996312327,3,10,3
"1906",3.98047905273998,0.505181485184505,3.39776521191137,2.4507413173743,5.4462094632888,2.15888309157859,5.70972330545741,3.16834072091381,1.17653208360408,10.6728332221157,1.6563014258404,2.20975421311462,6.51468326153331,2.91398469640768,1.7979477411747,6.58637480897719,1.71192423216211,1.53551036655508,4.98453953142262,7.53815864149139,1.90166977798991,2.68685731565946,1.9980741497816,3.79368096226108,1.34056451924954,2.67817885116039,0.783134246375642,4.31471319262692,0.993077984521792,3.25128400711839,4.68380217033842,1.18234051303094,6.3327423443896,4.05677806723418,1.54917147619678,4.51026493525945,2.4604903599116,2.57091229741422,1.25100221990179,0.798373951435385,1.12254071271161,2.57944891359047,3.09101561860027,4.30100354417324,3.53210495805296,4.66639439880505,1.44637678512553,3.28373906758761,2.74818601455595,3.26833807668286,3,10,3
"1907",0.384575393730513,2.86878575093193,1.43618355527659,1.16145788374283,2.63153834258098,3.42046693327046,2.94416155419616,1.77590780444008,0.232934138929243,12.0429436717324,3.80091310796568,4.57143936261061,2.76234116804494,8.37517283218489,5.92653412649117,3.09964999720919,0.717508645433681,0.384847909745215,1.91777006228467,6.84209472120191,1.48986504492277,4.3521314998707,2.37357506873587,3.02233840108757,1.4908862691269,1.82084508303907,2.0422431276815,2.73917974992596,1.04880976289255,4.39150149135759,5.00743004969418,3.77951173038098,4.47426638057018,10.2592015316256,0.586369986358308,2.36625084890878,1.00397392503001,3.44511146511883,1.10614540016738,2.29964785563345,0.731707775209709,7.13391927513381,3.86484879728321,2.53770375422586,2.3854613073556,2.32788814623823,3.47494515102612,1.64480809666544,1.49230111033194,3.044564111322,3,10,3
"1908",5.20099879953481,3.30114301983072,3.23340937836017,2.18002492936273,8.55365489970773,2.13993802078185,9.21481832638938,2.55651985133481,0.488124110671272,13.6990457643383,5.29998204131525,8.33782307696265,3.38460170173088,1.64880152944415,7.71569377527769,3.64592513510269,2.03183442654228,2.89134058638215,6.3996192217378,11.0974200536654,1.56438006633841,3.18561011504623,0.990569313380932,2.37480817508602,1.74488007650494,1.85612183899661,2.6933721002687,2.65046121295855,3.45996868331235,3.11786289448816,3.74187069504856,4.0624776029554,2.06436496045952,3.62039773835485,1.00084376245256,2.21509797933874,1.34265238217353,2.53801467832196,0.477424199121737,1.85345001673884,1.38537572523891,5.99775957269372,4.05070991541926,3.47173988666228,2.80996630688558,1.35270702112791,3.86746206179094,0.232405091292297,1.87720966637964,4.20238358427228,3,10,3
"1909",0.924599022570288,2.58255258861091,2.43832557726416,1.58061022138682,5.28754807654649,3.13119019856282,3.92881494875539,5.25908095359964,2.09743374571427,3.56144332703473,2.96987205908893,3.359771028817,2.5861770530784,2.18617919383554,2.47468412535117,3.82351900016743,2.06816539769623,4.90211035075017,2.99184988662651,6.64686226700298,0.767766782050613,4.52783888627196,1.34814033045971,3.8217702976864,0.789176712881063,2.42495941474964,2.31514033573426,2.52918204168577,0.88834829015021,11.5121842475965,1.4715400072152,3.63090783904105,2.35070039449954,9.86485052509618,0.381406003422899,0.326814274968055,3.87302359144712,2.45487934279433,2.80866467294998,0.647903247626888,1.89444809928617,9.23109671357241,5.01282216461717,2.92828645596054,13.9593358912539,2.51964613670936,10.2682073968248,1.72362179302092,4.58844423196364,1.62632620269934,3,10,3
"1910",1.53253245719932,9.9467706295182,1.51537949553767,1.72464881282022,2.66579282402078,3.98172922626922,3.70224871697455,4.52485521730283,2.889387663748,5.93533440857378,1.02885390962658,11.4612213023029,2.31506483059853,1.43198153370457,3.42233892229301,6.7709536020603,2.26879209683263,1.02902185576631,2.53754028216848,2.88443441526076,3.14338941196713,3.12909744508373,0.684399404940686,1.47763865077696,4.93180601372324,2.89514631907091,1.00536317767505,2.20059457889412,1.07704297898946,2.93345267226911,0.709730447681163,3.5636372814301,2.55349697731712,8.07425152229864,1.41483019089405,5.78846752419588,3.80280087246628,3.93976173212268,0.554033740102626,2.46867169913826,1.66631999006212,2.19021199829237,8.57663862687309,4.48028177909742,2.49600799230833,1.17309834140338,2.60048359618583,0.690472418698557,1.21645453875706,4.55778297313254,3,10,3
"1911",3.98294975937322,0.306989961746979,1.29126397190205,1.65724513335914,2.83800629282353,2.0825792213858,3.42058233686713,3.53760459201756,1.33638227503348,7.10040486278768,5.87178336732472,2.34306973143903,6.13569594329678,1.00324398955269,1.67445426037212,3.00425613928181,1.68779151625758,4.71157692365827,9.56995033780513,5.29396995846567,2.36446394782409,3.20228381788573,1.97946024407766,3.88348574185522,1.50149699762244,2.06304869436973,0.86929378885476,2.6912446418686,1.91783348190722,3.2100168137842,4.70363304500504,2.87380772795803,22.3334165332616,10.00836549936,2.99950539230539,2.04925220340092,2.54030575546046,4.51833622771693,0.73326898807075,4.48755853052821,1.35305683034868,3.25948335805056,2.40676229347925,5.69006874920732,2.26087574250687,4.75922157664283,3.74383534995449,2.97166356716902,1.09881797460571,1.79902547045465,3,10,3
"1912",2.37139054029476,1.7146201352614,3.24988780306303,3.46410259799983,1.45337798810331,2.82931708350956,1.72875258406497,0.779989345035429,0.915530157990623,9.33018196834667,7.42061518877453,1.99783133376532,7.10041868300524,1.80786697718603,5.31516074600759,4.21563042041752,1.77658938674768,2.02150916882985,1.47559673337261,13.3717732459156,2.64736886717444,2.23675609402125,0.712062457549091,4.51955445765079,4.04014345379565,3.114748337813,1.27033547599915,1.88411068102431,3.03013835651433,2.3822260965814,0.14436770957458,3.76240588663486,2.09599952414053,2.53222641146201,0.526641469027721,3.29268000620471,2.46001340644855,4.28609048391525,0.662331389806373,0.612918425078596,3.9243938566707,10.7112359698334,2.68572516292493,7.92065557855594,2.08411040816351,2.35387679963328,1.70540670258342,1.50803394253368,3.85261883779312,10.702639886732,3,10,3
"1913",1.0320916416953,1.55486970409986,2.34605535229846,4.60786882375027,10.3816157864405,2.19052406625467,3.50038414346597,6.30730496479947,0.569743038012236,10.3073165977388,3.39951870030666,7.35211587849538,1.53027052866365,2.04183469043735,1.54666387567162,2.18116348209275,0.914074938790988,1.88313953022193,3.60992095357346,4.44866492099345,1.32422667765688,2.43724689644122,1.10643232650141,2.33722578923404,1.69263982487608,2.94752325625095,0.740924847578627,2.94302334295828,1.65295243069556,0.889238025044057,0.623716937759264,5.46930008212498,3.86962811875194,3.70621112395922,1.43566586900023,0.950585474082334,1.34263972691249,1.19856256831011,0.180174625116133,5.21722808702312,1.51173572712485,5.76702416296436,5.54082698884426,2.76357205775967,3.21248023152324,6.27251549023298,3.53877082460673,2.66953578808769,5.60618829846601,2.70755261564171,3,10,3
"1914",2.63393956763365,1.10535542487794,0.813253058867154,0.941799317822778,1.95076398097214,6.64132909640234,1.38361087331222,1.19057294468773,2.13127357323433,3.61270995060355,1.06725759831768,2.80528520197271,3.98410143306231,2.84671262398317,3.98270270453618,2.22897963348892,1.56337602424508,2.58970926394479,4.950943979589,1.0585881731674,2.37551996396196,2.3128101605827,1.52465817612121,14.7123670807283,1.61275014741108,1.83986263772729,0.757140562431317,5.06990160255582,1.47805904281348,3.4938153431608,1.02508854533017,3.09319052038838,4.52660574649873,4.70964308969277,2.35439120422945,2.4537732141264,1.9599556674077,5.233665068344,0.240219983749373,1.97943921232881,3.01886198456945,16.3439143424509,8.43714652261968,15.6632719285208,2.88979951996725,1.38846267291669,5.16099985435039,0.324234743754553,0.148744234719767,2.52999570363543,3,10,3
"1915",0.936566338324449,1.96435379534122,1.57204452728425,1.881435843083,3.56879362101402,3.05755704429884,1.78147439179399,2.23652989297855,1.1494250969923,8.40739753965407,2.3884096285173,4.59663798556887,4.2188105004369,3.15274080876471,5.43077470049573,8.5053407961569,2.72093033647756,1.06096658371263,2.86494470394818,4.18093530181044,1.11167786846976,4.92997178829056,1.65744887212689,2.25067832847691,4.14125401884136,3.497136387581,1.74325331162794,6.77007894441416,0.916913272734862,1.83983481408329,0.669347101056698,6.95027548188764,3.72926267414809,2.31761171408779,1.28174214307832,1.27631618014836,3.09753402748338,3.48186723942298,0.34039136697682,0.427117614458355,4.9670209271245,3.58236350923917,3.27211877202134,1.52733687275575,4.50472106928471,2.936916606584,5.02859968355907,0.943703938623514,2.32024867022957,1.73384492524251,3,10,3
"1916",1.86253789839427,1.68403611660848,3.51964844086146,2.18227105815494,2.68385885792092,1.28559549804454,1.64362462247309,1.53172517419543,0.549209286558802,13.24926198573,1.33856249975757,3.46608178929945,1.77189079682767,3.50142444571675,1.52981031864487,8.43059776212645,1.21202429960731,1.18645433487549,2.11097906402047,2.3795957704293,1.12238241222765,2.29131531839136,2.3799573768069,5.18121310187578,1.72099941871381,3.22433718255095,1.63073926223528,2.24725862135717,13.5700379145779,5.36556942155574,1.89227583565872,2.82126467429479,3.37363960464866,4.69359976663263,1.60718202936197,1.34507669755096,2.45314858463486,3.85719029106597,1.26274175546391,4.0178625002663,1.18049335332054,5.44166580958879,5.44480193739296,5.38661194767878,6.843674732393,7.99843781175151,2.66877503037609,1.8516010685009,3.51878022987166,3.77840995626947,3,10,3
"1917",1.5590986393751,1.33086090757323,1.56810815465778,1.75699015939195,3.44007068405545,8.09352446373118,2.20701309434049,2.87777712788107,2.02633253668868,13.0492553810125,2.83196988123685,2.16531693328905,1.02984699887413,1.98459102202228,13.9495988957146,9.22743598863964,0.663454195743244,1.78679767690259,1.22364720854342,2.78122811434709,1.12002286730485,3.65315477275066,0.236202810828156,4.37121160758647,2.70204796799866,2.61808577516244,1.43635532590052,2.22459522268935,1.11359213810613,2.61004621893937,0.0815389098311097,5.08946325380598,1.62488930916156,4.02133693843474,3.03302424395389,1.56978210913548,3.32061869466682,2.62610620413033,0.577578900467635,0.250567273296719,1.80752297301438,4.5556833912122,4.54900465199117,3.07567964206741,2.86510354125897,2.52392891659615,2.90367958133161,2.53363420679144,2.99934233160512,3.37849407393698,3,10,3
"1918",0.517987189840441,0.980577917864601,1.25037372376492,1.48568178219145,2.14795196890794,2.21902832669741,3.21895521561936,1.76933465882409,2.4366875635607,10.8984831706212,5.63437037809044,2.34110419096638,2.81522000285378,1.53445115642669,2.04611823461409,3.07336918374145,2.0238922175079,1.07995546268046,2.34963607200442,12.7485257337128,1.33573412669907,1.27852813309503,0.698327967008303,0.990753782113259,3.85503843243086,4.43368479425293,0.456827036837529,2.31206754474979,21.7295972872502,2.35515052679009,1.81511506984276,2.95117509731707,2.09789075105593,4.22584647047293,1.38829792007228,1.24690127148118,2.81339977395272,3.07816640107685,2.54199513525446,1.87549138992308,0.48018133008954,2.23224952131618,3.81506976898237,4.44809589381593,2.00405117135386,2.60636828935068,10.0660539642281,3.09334946599698,1.55625942728866,2.17311620647809,3,10,3
"1919",11.3786766852067,1.57488193999026,1.97241260923161,3.43740888282492,5.11876338587007,2.8129263749815,4.37361381175812,3.21861713006116,0.748333583665749,7.16044654768932,1.24929156346696,13.0179419798258,0.807298778208572,2.42609591096878,2.65895005282415,2.267231533589,2.68260128152646,2.02173402246296,6.55707560202056,8.8910457390481,1.200577622468,2.18187865210432,1.16587012366686,1.74582144757799,3.95333689384074,1.79285640010645,0.641460704977111,1.06863881035346,1.261404735678,12.8118240181035,0.74995484440176,2.55534309346672,2.4543008785605,1.52081533377489,1.27012658406093,3.31881262838234,1.83506834130446,2.68376211679014,1.29605262615961,1.7679633673989,0.965792280531592,1.77960005123206,5.38194511730887,3.6112306981887,1.65618143915636,2.39460223044467,13.8368598916194,0.957070652606756,1.96989913580402,3.51127191948801,3,10,3
"1920",2.67131197426605,10.3627780981343,1.66643342344977,1.72164300637833,2.1392595267492,1.53293172629362,2.31642734946144,1.49574644505514,1.19758719980911,6.69855223401307,7.4168307366501,3.25267747176988,2.43251451896228,4.76507462529315,1.39309448013835,5.00554209580337,2.99613891021269,0.478882112025683,2.92865595437288,6.76937987843471,3.59699710476829,0.888311804573292,1.65484744268223,4.664745117404,0.945671727162617,1.33063411744239,0.867821434273485,2.24535003954184,0.913402728893398,5.42248918561956,5.60031616365543,2.54004533360571,3.39225695611532,6.00771670837365,3.20013234731774,5.45481614064818,3.35152284134142,2.90184006097679,0.695876269266032,1.22752523532446,2.48768927971175,4.12219400724885,3.47480702414134,5.83438807478903,2.30429325698731,1.29338451737068,10.8994908471727,1.39260563480849,2.65906323473485,1.85510416536728,3,10,3
"1921",1.24589180802776,3.50617995127316,2.98659374183997,2.10273246888014,17.3729997115386,3.56352473093594,0.698206704018397,0.985436577070248,1.01157955131711,4.1282076293116,2.12914444946109,25.6381906720675,2.97417834603765,1.52550711432513,3.09309661836059,3.31731152725747,1.19210642910095,1.13982666613583,3.22181881973326,7.80018119552714,2.24734719549127,2.30565017013966,0.861186583800782,1.04278165299028,1.19752975682091,1.46709746646366,0.959468486819318,1.83850507786553,2.10384345793161,1.84533033458552,0.347069383927967,6.79713651288822,2.25243543293324,5.11048672426039,0.760042677511682,0.637831142001017,1.0818082534145,2.42208942895611,1.38671738968174,1.38723611906335,1.196865952578,2.41388103076163,6.28212609061143,2.51001353420147,2.68588854397704,3.41624091078105,4.8077827819917,0.23724421005688,0.309781004408599,2.02164509069764,3,10,3
"1922",1.21045238972744,2.86721801469147,2.89592162469829,3.19518364256791,12.3114939530956,2.33566224354775,3.04352133353271,1.82718042080385,0.859850658610344,8.11879778176491,3.43648695394795,9.07604070267591,1.47708468871696,1.51414417331671,5.96346889405964,1.13813518217002,2.31595769016563,0.951261616684603,6.75947062916923,4.17720468960096,2.57160874807582,1.5875539465245,0.86393067850431,10.3006844483075,2.19369323381866,1.75970308667495,2.2175150237329,2.74753573620553,1.23020060774096,4.70622621215088,3.37355350921139,5.04138808104929,1.6028246239117,4.69313376952018,2.2505908214851,2.55476979498251,0.998371419840374,3.29919704380328,0.734137172661515,0.50896544087323,2.20044248094934,1.94472874878164,4.80396170193677,5.17762621473887,2.07463757844992,1.17115417873208,12.1275961226983,1.14859848862861,2.05929647323731,8.58139324406738,3,10,3
"1923",0.946023991223302,2.93315711733609,2.65087528801607,3.94862305024223,3.29269751223904,5.65552078748289,2.61392660548274,5.19379675311395,2.77923864398959,9.57278285077318,0.924284285007616,9.2784704863529,1.24603950333961,1.1546327424554,2.55781060005566,2.03072492340415,1.27168333136875,1.06720310895639,2.25710213650792,10.3861679153458,2.20257653990913,1.85271761714287,1.29903634131955,1.914384537668,1.86732918130479,1.4980578483488,1.19594283934732,2.37535664200131,3.41182314804402,2.54102257040702,1.76949915933787,0.974728342453345,2.4255279715926,4.50966286597118,1.8680492682267,2.67790234598819,6.37285956137493,5.45724993922902,1.30072838835225,2.8100300933682,2.240017709556,2.32436289376523,4.49923564556262,3.15220537151851,2.7420054222448,3.77782300778015,5.75992990848174,1.97167545623047,1.79820290581053,2.49838218400909,3,10,3
"1924",0.421007452905975,0.929284873114799,2.49746314488799,2.01616974995104,5.01832337538491,1.51539436566785,3.25905297308262,3.56603341826431,1.44702892866804,11.2165651057917,6.39437599959964,9.73463934274313,2.34272423231132,3.113599416502,2.26552790881815,6.43984817845651,0.485695998764705,3.50580499388875,3.22971764380926,2.74195885739767,1.4147584774945,2.51088170064668,0.70325357613179,5.45255192446481,2.18721631231198,3.30285892344835,1.24577311233893,0.852461203515478,1.19502804120523,3.32070619822529,1.09575094031454,2.98416842674844,2.25513198652596,1.68040441359127,2.13605982232292,1.09743793733285,0.913738914460197,3.01616446173252,4.10541370947493,0.90311240742162,1.00310443543709,3.63929486117397,1.95512455943077,12.1500133336738,5.42809757399867,2.65493490269247,1.73894972265308,1.85942481301214,2.84323033689474,5.8241052050658,3,10,3
"1925",2.99956420005953,1.63722883180771,1.3883701666459,1.52777592206199,3.36046889704836,4.29342034158754,4.09145462794488,1.10247248632374,1.04620239523499,4.05151542826533,7.48237868719995,3.92746417765441,0.710491111907898,1.21149773358551,5.73185881208259,3.60771365086312,1.41001435571928,0.248558896103426,34.2261249210275,10.9126282079087,2.12742950503081,2.29713100822651,1.43959406497846,1.74448667306782,1.45988769048855,3.69252672681433,0.802418214427494,1.83631561826313,1.36062712474532,2.81427599641096,0.345046988323331,6.07970471894446,1.42018969471359,6.6128322769571,0.539983132792732,5.10772692800868,6.0165948491699,0.684706200744303,2.27630468343779,0.534766358431941,1.4331249230714,2.10463835467468,5.43371544219684,20.8368277260519,4.70297503434779,2.7165688479199,2.21236375390736,0.988824431190038,1.78240589860647,3.67949428049009,3,10,3
"1926",1.09412447363553,2.34142412555463,7.02545305629348,4.91193570873292,3.27391711143753,3.14438017050226,4.92846326226797,0.981790247856377,1.11786532775035,6.38425984748466,4.15933338840504,6.05797073874677,6.0015103603805,0.716284081705441,2.06005935511126,4.95460968088763,3.0288991926926,2.554621649895,1.97711464395332,3.47419596174963,2.10033420936592,3.27780860762939,1.67700588577493,5.57372039036493,2.75557991402732,5.14560559540691,1.54798411931569,1.98997608962463,2.4168684097714,6.41717461616989,1.86215811560436,5.38118427480285,2.65469041799705,3.19578117731768,0.975539385406612,4.04326854571458,4.60313686677215,2.47331491126214,1.29481778851432,3.62870567520785,1.28135176338928,2.76396402763229,4.81431661276982,7.53890197300331,3.39898540340545,1.97500463663733,2.55201332384218,0.229565895753639,1.80062271659747,2.28180871324902,3,10,3
"1927",3.87742474899268,3.68306538882173,2.46559856071341,0.798863300118543,1.68207589999873,3.24979632982233,2.38762446507767,4.26230860899061,2.40386018135352,4.6269903455172,6.63108864648177,7.74297551984368,1.90812840407144,0.691335851920201,6.78702329797962,4.65164636549239,0.862991676308602,2.47860091638699,2.35632800347089,5.11916110385073,0.809756301469456,3.77107514064716,1.02834562181074,3.57359299952431,4.72280360650578,3.00827749028113,1.33222459642097,3.97915133982422,1.17120128080659,2.58902167683967,0.306085302628047,2.16617903005291,5.75586718769714,3.25639528958186,1.84256380279721,5.64341693771606,5.07134132991045,2.60445307292271,0.392600370010549,3.30279515828613,9.29120564290851,6.78843788513332,2.33353477653737,6.61480470848059,2.76487660122746,4.4780078246777,2.98324785419494,2.06231994830265,1.5090208466127,5.36825736145739,3,10,3
"1928",1.92478709094031,2.64105328955513,3.42855875483204,4.15337347831202,3.57862555342451,5.77888635099252,1.57418822796972,1.87674447150448,1.21674106750748,5.79338928119154,1.14494678638172,1.51178553819841,7.70526321848726,1.34710315905277,2.62914244960697,6.40824364052335,2.20357319358434,0.412680223410226,5.58999830279772,11.2739507543896,1.86969200805639,2.55502189886658,2.14663929520053,1.22860194146003,2.29213444986386,2.85617354056931,1.27630264195039,3.02227900197362,1.08277068267366,5.87500442465948,1.28600993241894,3.72708975423915,3.96706845596333,2.9676787066313,1.5641275273357,0.566025451920759,2.92495001012442,3.27773569785894,1.22889850511212,6.24669415776726,4.96010130099161,1.60619407727894,4.83110581109452,11.5832381762513,2.46656090297342,2.20734519148838,3.69090707493011,0.86046593939821,2.28529630853479,1.77034964189755,3,10,3
"1929",2.06109350284885,1.95335034587774,2.79371668376954,1.80919891474403,3.04410154710516,2.49558650825779,4.78051943919978,1.82284509468014,1.81058176077156,8.81493915679335,2.35555669629157,7.03024818723569,1.0813657978483,1.1887605421649,4.69425432090505,3.06500590745548,2.8878054648801,2.01872587295258,5.19396095656187,6.49163339613173,1.00111338220736,2.94416068956771,2.62370614780384,1.91357099403252,2.04528860499761,1.68233878627401,2.77582941143633,2.29587569837875,2.28695065234575,2.70672139011091,0.924050316712602,3.70254100677482,3.53456994006166,10.4488250166895,1.18605168567736,0.369621067757879,1.55806758976688,3.11617185838394,1.17329142648991,1.87530134127753,1.70792768620876,2.12174364307264,4.8848517441708,7.13310636642674,2.42084684467402,3.29539484761054,1.633487143169,0.104896623586724,1.91112080996375,1.55187668751888,3,10,3
"1930",0.609614620132565,4.47140971849168,5.47844674969758,2.11454925621983,2.46788067787304,11.9316594461635,3.72956131997283,2.94708079617954,1.47335524986391,2.97187133415563,1.07933792871422,2.25648729098268,2.81411225218088,1.69285877015208,7.10727463878999,1.18830067036,0.989757294279429,3.22014669367833,7.87108137307073,7.84878182421133,2.89623392148351,3.90792997740815,1.86335158528257,2.58585107039703,2.64864217336172,2.75495597066743,1.24882260177472,2.63803717636177,1.65434734555912,2.84188513764626,0.644501663241901,4.56432017638254,4.21688413397024,4.68229366475814,1.66998390075727,2.7360525341146,0.589660110052306,1.5194122774865,1.72587708965098,1.28549838857015,1.43797182494772,0.951281541669014,3.98123693471607,2.22758583158922,3.41685262664307,2.20620921662126,9.52026815193094,2.79097105985161,0.950855279819974,5.37794186536322,3,10,3
"1931",2.70483742703758,1.3944436561891,3.10426215494299,1.55168341323789,7.74703390470541,3.06224832178796,3.48451327979601,1.26338554669456,1.31917047512134,4.72062646004746,8.08872757104187,4.65967183298463,2.01207427420781,4.38059631856765,2.3722485436867,5.87935612172406,2.28669017225736,0.400682444053709,7.85015575725083,14.3805672613689,1.33180382739982,2.72757226893955,2.07045029929321,2.65694563756217,3.60084379889725,3.33877867515843,3.55926607712529,3.83286330858895,0.628149641281826,3.70498818722435,0.711204894550414,2.06868087786426,5.97903715964618,2.65190896963262,1.5198328804837,2.2114826317624,1.01176761666856,1.90096523467878,0.536635795056202,2.06891060683913,1.31030412837379,2.29948583952081,2.60477230985179,2.50358499495792,4.53983109006218,3.86832679806465,4.39608343656937,0.743957249146241,2.44694049284457,8.92567847111228,3,10,3
"1932",1.01877219407516,1.52972451962702,2.62458113477111,1.56118766106845,4.52666677235162,1.26925888552098,4.88504491037102,2.8247296790475,1.98488873022477,3.89692071549091,3.65786456814808,18.4742113719829,7.17077460236,2.2573401061249,5.41327483437514,3.66517224074174,3.21372845664896,2.36957542009018,2.90601358021105,7.62423657901017,1.11670325176073,3.0047568393925,1.04402777379031,1.76046820905721,1.98165517464566,1.84108053371347,0.698377515810009,2.72556885368845,0.549375477665367,3.06854535109576,2.43387440276868,3.17052582185547,4.79130922862288,6.78166952697443,1.82993126803424,1.43628762673213,5.54759604255841,5.15769577318379,0.547041445093581,2.27602572494207,1.32601750921811,6.30650103835883,4.2992851326322,3.4843478668104,2.45416318095238,1.3581718927879,4.03750752600495,0.960134840594662,2.68128852870522,4.59242810051287,3,10,3
"1933",0.566728254232866,4.26928074317751,1.72803384042825,1.30703500545858,2.85038513671917,1.5490995326866,7.93259950210625,3.59147112053452,1.63465175048953,3.73932684585439,2.0632149207562,3.31424274439717,0.878522783507983,2.01393154958086,2.46281538691745,2.97301262455486,3.42843252762627,0.548241288835286,2.96375391551451,1.04249046404693,2.1691624266333,4.46340067778719,1.35877771210246,5.12965689072256,1.617620980137,3.97693929741437,0.55739733162064,1.57623177329422,0.687036252202242,2.45443707043078,0.615747253385659,4.01401494983461,2.65446753223478,7.30084928863818,1.53628320434388,4.04158583660854,8.00620066733704,5.28582431612468,1.6752101411201,0.547678531999873,0.927234016007446,9.18143491579702,5.37985298580813,4.02900535225017,3.32986545825197,3.57386704132087,4.28885446247204,2.19457706837056,2.36095390359541,2.99835123673942,3,10,3
"1934",1.34888590807187,2.73652571944627,2.6960944821156,2.03353703708261,7.19087413716085,1.52488206753272,2.90190509954242,2.32620958489147,1.02321760012071,12.8802212585022,10.6033032705444,6.05263928046817,4.2099026883207,2.48451790775207,1.98153676537732,3.8061457107347,2.52259249535498,1.17319274661273,1.3627460163056,4.65179930053064,2.20046010025545,3.42957167058681,2.25186495203156,1.83223064901142,4.47771333516993,3.52316519337769,2.1788359640273,3.80809691451313,0.455296062298085,3.51446975279552,1.46055084192666,7.59916930280635,4.02866774604314,2.83593498077779,2.22371259384625,0.366504536701134,5.08629662072558,4.30453766258575,3.23646743848362,2.65050293533082,0.799868064273939,6.91429055308739,6.14073654419464,4.61373059403268,1.72451336330856,1.41175329024014,4.23637030029985,1.17287657955254,2.25866499864251,2.7034200454849,3,10,3
"1935",1.91676841923751,0.729252845728568,1.91431220513791,3.04727254007326,4.59442451600955,3.67306568335117,3.51719656680868,2.87927443254334,0.905142904454541,15.2078612679825,0.76927228878272,4.4740702094339,2.61562812950825,2.22484211948064,4.56605609773741,5.82024376985303,1.73508001337931,3.16499689050947,4.37462597055506,5.58092243772353,1.01434525599692,2.65234320713597,1.54911982723718,1.9988768773743,1.73576286296791,1.65037092717847,2.8102767406515,1.83739755707381,1.5390364184275,1.60057305377184,1.22679014202462,10.8597174490344,4.49550003884066,7.41024661089777,1.78014466591455,2.50850219369711,1.09365618287192,1.92621505088766,1.7042309270951,1.26445381853849,2.75868468391899,1.77200628010417,6.41027365120293,4.88933187803387,2.43757398908614,1.72271856817972,3.68094112799124,1.45976251926197,2.83999601116046,3.89867178439377,3,10,3
"1936",1.07370108228695,1.10453583651384,1.99910877072039,1.80483163642581,2.21390144093495,1.30436538701805,4.28032351173623,1.72246527612956,1.92309897666577,5.60408719148656,4.72192373825471,12.1777227500956,2.81777058498026,1.99154008756044,3.92901815466067,9.2267806390376,1.02029772997256,2.49364655263477,3.51618686409779,16.5826179916408,1.40033852303325,2.7156258014757,1.56996521190731,2.83412529514932,3.92505215990534,2.20997795812824,0.737486943519131,2.43040023082723,2.7830166691102,2.8002755110579,2.17618175588008,0.910023966768989,1.67318631842618,5.28433797337973,1.05493337054541,1.07078321230975,1.09829464966407,1.18196535710243,3.28409187322969,2.16994748122972,2.93299463229444,1.66655285577985,1.50676639086845,12.1654224617582,2.8652137313164,14.252065622693,3.90748904343117,1.62724906640548,2.70878128120728,3.41593948273724,3,10,3
"1937",1.57988816665902,2.17545514284523,6.00747421904889,1.42606639679151,3.49719696683562,1.36558581157392,3.764416233258,1.87594387780045,1.9523191114937,3.72758043606811,6.81378041833316,3.92474446935432,1.1912770998318,1.32813061541916,3.9073340072874,4.67403800681584,3.39036151457767,2.75906160128116,0.760486173181036,4.80736840393335,2.60675860407234,3.32223342041033,0.93836955597558,3.39903074137735,1.91705881159554,3.39146164524194,3.2614198791704,3.52943378260161,10.5236298051736,2.25578006057961,0.92723527424044,1.36470364099763,3.80946214840262,3.08112444840546,1.24170472199506,4.72504956630199,5.39073763564062,3.63303918955057,3.91430770521741,1.08458031362059,1.86130928076405,2.5053140298676,6.80321695233389,4.03689003625221,2.33367067460551,3.2009411403505,2.76354861412351,1.68227070343202,1.31290209767836,4.34786138587869,3,10,3
"1938",1.25554547918369,6.38272721522526,2.36626127792694,1.39412203045374,2.28052900715622,2.88581434834301,3.78176668093089,1.60381719029392,0.770932351439036,5.47637818845989,2.80291323048038,2.92775349040316,5.87158049799521,1.91669678857822,2.94530191080881,5.12162545217776,1.13559691117923,0.108708988214802,4.72222019655943,10.2181301200062,2.9150166368756,7.06812987652347,1.72309011693761,3.16135352627329,3.74538900432343,2.58960195435243,3.6255156623032,1.38449436129536,3.33717097449589,8.05303259521229,1.47126510144071,1.87307263511186,4.86885721874024,5.23605245063918,1.11125121174683,1.17178187975194,2.26769523945785,2.64331254331161,0.678877973099834,0.581094585663078,2.33873905834749,1.40332387856845,5.93167455582112,3.12994601425939,2.53149028251814,5.06802611360473,5.31602787302839,1.62405366289365,2.72775081016212,1.48214789274036,3,10,3
"1939",3.8176858705547,2.16462171153546,1.86975725003075,1.82068380405454,7.85939675341639,3.02212944096681,1.35836494857284,2.27701169011012,2.03064336770731,9.46372258966019,2.47001855319821,4.46333730572641,1.95470576120377,1.98978273491847,6.49504504532676,3.93873325659474,2.18137391145447,0.605580467061004,1.25131087331202,6.51900896258131,2.83716908507515,1.89692968106125,2.27057327941942,3.00308085006014,5.8165826269967,3.34036858611391,1.3515287505621,1.23713152754161,1.27814920165399,2.67937641600746,2.11011716300411,1.35278202584807,3.31510472527779,2.2084625787124,1.6720354225393,1.44221774078771,3.3956303721432,3.86021565799587,1.4237159880444,0.80195690983213,2.19345300830703,8.31404408375482,5.55724494279274,4.86667540270697,4.40167056876684,2.83339753238321,1.67932468393323,2.41364128291772,2.32345636417013,6.8162217955583,3,10,3
"1940",0.440767579215873,3.96965239128665,2.34887759935239,0.768034680550602,4.06884841527114,14.8432608737917,5.64223649878676,0.749163567542754,2.9687234300701,7.26401520421897,4.78764402279418,3.40727781533351,2.54855026749974,3.33286025236693,4.39426415615105,6.8683740201544,2.52973670503398,2.41246093746026,4.67345589824151,3.56002090267694,2.9733485868459,3.63848631840358,0.396850947982974,3.74134477058848,4.56821095362565,1.32755270463926,0.537683697591575,2.2529129259708,3.71522602106957,5.10275776078084,3.21059519489174,8.64052022942229,0.502472429625799,21.3628264118323,1.83791700822428,2.1413900735108,1.99773861698064,2.77094571873833,1.09490691295608,0.628309694259672,1.38626203263298,2.6168080767221,3.67341642361239,1.06193082226025,5.35909094983204,4.6731643483692,6.72573991216981,0.973727279707554,2.63100979167971,1.73614831413818,3,10,3
"1941",2.71322157023528,4.09988600585532,3.22014998160165,1.60667294525029,2.01600782748706,2.48200253954915,3.99124464976049,2.08982475134665,1.71981467782611,8.76656106947984,1.49367186286181,7.63450856398319,1.66753457726402,1.89813196348257,1.94919453006876,8.42628185884752,1.06824676171124,0.820794208443007,3.11433144941778,7.91791118918452,0.855808271540204,2.63478005184692,1.0300653497067,3.805440916612,1.21110252638056,3.67853021091124,1.13778637327486,3.47669840372052,0.89854076460799,3.63994792855347,2.07006566519615,3.84703337260279,2.3302046719794,6.99667561374202,1.31188110021483,4.81024299635232,6.04579063446252,3.40632534578213,0.29531998129734,4.92431875858846,1.70017325399532,4.33168683311074,3.61150239011151,14.0610212059135,5.78359611414577,4.24084892755727,7.64806299985546,0.998890989811377,1.96138477854828,6.56904670325753,3,10,3
"1942",3.18093717333287,0.871788449853203,3.14735526418558,0.969884019079383,2.62592364346786,1.6422128579938,4.29212188545674,1.01788957087095,3.09562745743902,7.74545635865782,4.36160475435807,5.34450900608765,2.25696436912936,0.804513092692424,1.74878173345252,3.8295464552202,1.55909445383285,2.65981586148775,3.51493499596724,2.45849143915929,1.26786185263139,4.62946176342212,1.86806875138748,3.39250038767027,3.5274885006417,1.98787774479969,2.64907948092888,1.40421220296139,2.62912177418064,2.6221467808535,1.61946174312301,2.93862378190517,6.46283275044305,3.35444189632135,1.23668294194056,1.14853162216749,0.933748289883614,3.30160650489875,2.70786439261788,1.55688876435369,1.23847175678384,1.21777408581175,4.62760590477502,12.1880846129737,3.54896741076217,5.31368140575009,7.27647391162251,1.08993362133,2.66710521110871,2.09249880118965,3,10,3
"1943",1.41096072389817,6.55917851577144,2.84313493522939,2.09706828734073,5.17673823370895,1.27013411480593,0.848063935699809,5.11070407397029,0.498711862916195,5.85201843061374,1.73996688969745,10.0205010079827,1.24853386776933,2.25883643282136,0.610893566744128,1.99376918379501,1.58192047046759,3.12078487254301,1.52869930205143,33.6685421745766,1.36512048595235,2.43151715747894,1.68292577452832,2.34603644138621,8.15304812640297,2.26764481916051,1.96280854816477,2.87897296425606,0.683135730885954,2.80392892151635,1.65109339891789,3.03164239512129,4.58149594668589,23.9538130069287,1.04937628973814,2.09064020109633,3.4077278807837,4.37641256507251,2.35688551293061,3.8744200646492,2.82675907094424,1.43651985432006,4.62968286723049,4.09942453667734,0.555426065291852,4.84875874235306,3.65212813970475,0.574010738103645,3.26976249648399,2.2490833820639,3,10,3
"1944",0.843916696110256,2.71371577312981,3.68703772546513,1.20699707348933,6.74210023562795,1.75140616811033,5.98627093724223,4.59052787778365,1.4686113122936,8.63698332866181,1.95138157102545,9.56201789830564,5.82217054841922,2.8228887843349,1.61954091685303,4.59144818648163,1.93282100615127,2.82859003790441,6.28160131052112,4.36016429595051,0.566373186110768,3.13348385255871,2.05734776703443,2.55255626664898,4.33491781938429,3.12309859858471,0.891146560863549,1.57711546848618,6.82387210866353,2.19787733332787,0.298654499585974,10.752208130057,4.18412627551545,6.83322230483038,1.45327185564271,0.795007599966555,2.81691972495932,4.8297091202368,0.115214050181501,1.05041674452559,1.26258196254905,4.49539467421302,4.05953034012926,3.27303024198711,2.30989856593698,7.85752676628479,2.88485980279771,0.96513997699637,5.03111998519023,2.91843575376628,3,10,3
"1945",1.07568042348772,2.55341479332342,0.934920551856857,4.1155628779308,3.07196863483342,2.85369644186002,5.30872064772274,0.78452071057945,1.28735224299126,10.7015640580676,0.518528078332378,4.34745318347512,3.18960157784845,1.95035006988278,0.999967117938555,2.89344097060057,1.5258073766304,0.750794183450483,1.40692106231335,4.55199937193796,0.358639713649714,1.43834997748186,0.679332972387344,1.90003973734748,1.07257567204113,5.7136053330916,0.596304571135464,1.52958373105252,12.3826488081938,0.988585343878408,4.87556750481249,8.58653005921777,3.47463625088202,3.44107042746906,1.21379670323569,3.57514001525385,2.88390688002931,1.11292875717692,0.976832972508567,1.67305996869534,1.58364407041674,4.65919393669627,4.43726078455407,3.60104617699956,4.30862897077269,4.37585887664713,4.39251090342221,0.623166207071018,1.24051464227445,2.64926698063763,3,10,3
"1946",3.12703253465829,3.60750490741359,2.82618656130745,1.58243873021384,2.44964394923156,0.737189752276695,3.42264581373867,6.4904629823899,1.56769878631271,8.90334074148084,1.70561484341696,5.36786455795191,3.80686198569667,0.545685680313393,3.3657179963584,7.07676273699683,0.241140045225042,0.429485726533307,7.11386380400649,13.0294161922516,3.14660967336117,3.17325157239689,0.532251919959932,5.11415663644985,2.53019518449289,2.41379740653626,0.775282855515208,1.8565146895164,1.78590961036995,5.77144182407939,0.563364005052873,3.44890027048285,2.56424386553867,2.76023706085966,1.42826551063535,4.57984785854101,2.51270220663613,6.19696966490857,1.10484015115007,2.71200312567596,1.42611396782134,9.60230769318293,5.00259120684352,2.01008926564112,2.71874109071127,2.24881567014045,8.40972205919302,0.808803558774925,2.22745251653755,2.25118561701338,3,10,3
"1947",2.93812070830534,0.88464925745998,1.77999839002741,2.81648017199654,3.2015730430068,6.412965093533,2.89992776771379,0.41672299351151,0.66952726242621,9.9236991511525,1.90188695533809,2.51192210505318,10.3890372262793,4.34237877769106,1.67356270875782,3.14665146424035,2.80405861325186,0.652354028361676,0.821122006301761,2.815515947123,1.46346142630707,4.057935398767,0.717736297031749,2.06642020733521,2.26443761243319,3.37244004218373,4.82671723718781,1.85212078362979,0.612454718284653,2.29551592972792,2.46706417208198,3.52261793169136,18.1457576711257,3.0383933103533,1.59791268965564,0.787107534540469,2.07191468807167,1.79031935872167,1.20087773568413,4.6582348003199,1.56693807608352,3.37196464853158,4.12860249040707,5.79367269704403,5.48003614954995,3.10487671027354,11.7251084899544,0.262926035821981,1.15621916337607,2.93546651862508,3,10,3
"1948",1.46508282660333,2.24082501953208,2.36808265149973,1.96949685617853,2.36463043582634,2.1386169624376,1.70178138811685,3.00008850931316,1.04910272321846,5.79120454253521,8.38926517101295,8.2339883968084,1.00150966382985,2.62039268351036,5.53938431054101,1.66908070711251,2.18832275649393,0.469685159438936,7.17142396659858,12.6315122701589,2.05939399040055,2.79799598232663,0.584057920724227,5.537818568516,3.61575437015688,3.25049125569418,1.63784976828721,1.36825940419748,1.60069990421676,2.19267240612825,0.94257973444816,5.5916921459863,6.8565751506944,4.90840748301259,0.399762368394766,2.73508613810495,0.782585760214413,1.54243139703174,0.964982878841532,1.17649980825089,2.33959214939711,3.75064323011591,4.78201520703805,36.8130777207003,8.70554164160004,6.1699041453071,4.43262981339388,0.477644895792825,2.88876509345045,6.51016527952778,3,10,3
"1949",0.683664232835854,2.73135949477697,3.55135617693106,2.50907879245502,3.37549049430455,4.69692473899019,2.93983477080393,0.953327684622162,1.80092429749908,7.68999975050658,1.76635258599189,5.77280705991013,1.03452228502193,1.05792590284418,8.06364330145616,3.13206505362529,2.361215085702,1.69486049636241,3.25864082291978,3.24283701283609,1.29637853879002,4.13245041163547,0.334794254998201,1.33420629823853,3.13633882136345,1.70917366531697,1.4455600623664,1.41612242180546,8.9780685528368,7.86233452431548,3.99963290460848,5.76841030507571,4.78248454461646,7.00210808122241,0.297584293008284,3.99011614109103,1.39474921886186,2.8806571915244,2.5472115143599,7.67763452293529,0.941958732241625,1.72470520986132,2.48790584528562,5.42757027528203,2.69558371590523,3.20099331057825,7.3611136825653,1.17933450991293,3.62423527571374,5.72812542559956,3,10,3
"1950",0.807200543630571,1.34293780437579,2.29266061925079,1.55468460935009,1.2035797906341,6.37059209038518,2.43747643494025,1.68027765097817,0.866695195180339,7.20561670794512,6.04360804909032,5.33820437775765,6.03516936371383,1.87081723258463,4.72211351638569,8.41981906670637,1.10398411023066,1.26040961481335,5.10543166976619,8.46800032738501,0.640258608017974,2.64313275826163,1.51309698842436,1.41382553774324,3.22463125087916,3.63259651558145,0.786191598853155,3.71466760603233,1.61253705943989,2.15515548423012,0.373561717567765,7.94975716691511,5.89618324516156,5.17912746563053,2.29007740452908,2.39911343416687,2.08596832874599,1.20448390059358,1.22902712214709,1.57850971302168,5.67532927501858,2.52173314793824,2.77590781934246,7.12702396411663,4.00487971319182,11.7280360365234,4.26802321355073,2.08643693713283,1.04810547998829,10.1465026449604,3,10,3
"1951",0.534575833228621,1.30444765560777,1.22679061891258,1.14897246531481,2.36808368401807,2.27996967539096,3.27072791726323,0.526227097222875,0.700508610682417,14.5956516518421,4.34380170214364,4.70236401406311,1.20779390688572,5.70114243276036,1.70185192225227,5.4171459869847,1.70193534807697,2.03693970398755,4.9814102423163,13.853487829059,2.89591708730498,3.18644137943609,0.466804225738236,2.21244807189114,0.791632289913782,4.81213594827462,1.38133080711737,3.17066551517775,2.51159446589032,2.74555795954521,2.23306716739876,6.28675219306768,3.45530620923011,6.69731516423644,1.8142573811999,1.35192601723641,2.37455391540091,2.87426507927047,0.941588918593789,0.879137488383223,0.879433263517414,10.8961071239358,5.11364473247035,4.44433656199675,3.32661056028557,2.28487421328628,4.44007109141794,0.96450288938668,1.53640434975721,1.66516409342182,3,10,3
"1952",1.36681943027187,1.18793546156035,2.3655123832486,1.4886728799677,1.51578646785925,2.31469867741464,0.619409353773922,1.33827486784134,1.20459166510092,7.45269535822951,2.35717910886324,4.055329014053,2.20930482976801,3.00796607008733,2.34383504072872,2.37587834112904,0.65665790021498,1.98812691989246,1.91074424034925,4.01293195674343,3.02198447920665,1.45652042978289,1.13301796950268,4.13657832486114,1.90652143695645,2.65309999010261,1.8743831191171,3.4297510696734,1.23421380504999,2.43581590235612,2.2636677821653,4.70223498034376,3.16106123058463,11.1073144027781,2.59631958672753,2.87109847255528,2.89030127303837,3.06407938775436,3.20496021279875,0.928601535095226,8.63650522384632,4.23967786667535,4.01688701758054,2.91493867478152,3.3322930942666,2.54486672826405,2.74086379517097,0.150032362482677,1.29212261362205,7.24172358153553,3,10,3
"1953",1.18457461249532,0.957952079786255,2.14678586302125,2.40282711968587,1.16045318149142,2.37744504271346,7.83845543671148,6.84540452341579,0.677402218746435,7.19021060237335,1.59932047220117,3.90087315557448,1.83453654182247,5.91837970459949,3.54750153744996,2.08379012047624,2.693598541491,1.1230147962671,4.18467129302338,3.8826317793034,2.33766086863118,1.9430889709549,0.326957486163954,1.71052673778456,3.91517629660514,2.95685315191289,0.599759333253333,1.83495455499953,1.65343253488698,8.37237602946028,0.454121548988783,1.78225618176826,2.55192177957183,4.2531666229892,0.355645654925622,0.524463043760795,1.77178673091843,2.18071440249195,0.827908030049079,0.659517853098912,3.5707054990172,3.13819578064365,1.17857100494,3.7061594930556,1.47964748569506,8.48762878366515,3.09815991234642,0.58743711297277,1.0340126106735,3.24666374797859,3,10,3
"1954",2.78638802192126,2.12610173039831,1.02002640772059,1.73590974399493,1.84205892822095,2.50938027265084,6.12177219568568,1.87703490490441,2.36365197618771,9.87710747639358,4.66973455509788,3.41269505000197,1.22372474432893,6.39961849209408,1.50590100270386,24.8482534650692,2.31148866714536,1.55395619661201,2.65724817564715,4.71728843541436,2.57559523660866,3.06687821534968,0.441901889776502,1.82030812833816,2.56776335371974,2.78656042491352,0.791593407410263,2.15366436889112,0.8529498555482,2.86265165414833,5.07093041972754,21.8462030183234,2.14010025237592,10.7437276662091,1.29700892870111,5.60522945895127,2.63240222659294,2.74587402468912,1.53520112471771,2.12747893024131,1.14226533398712,25.5359610193602,3.4897324443584,2.64382419650978,9.73825320541887,4.48859001387332,5.81618367840166,0.715436253370061,2.25065196128475,5.71000352924868,3,10,3
"1955",1.65552601721399,6.50593478992292,3.30747141190237,2.30204122018676,3.66231032869,1.05810855173506,2.18932379334685,2.66243476798196,1.73147001178736,5.27779660473044,9.99263456771018,4.78524742210931,1.95485779496899,0.871175462351717,12.0670823164217,3.27002127301241,1.9071742795341,2.66977765984097,7.78352531593469,4.14814094095355,3.62795920432123,3.19069991714542,2.56584843730957,1.7931545437723,4.68207507707579,4.71167495439852,0.615199072775279,2.20553690912708,0.622414437625071,1.46758208404496,3.16086609174359,3.82968641538905,4.51095015631737,4.55873992956109,1.84411082571991,0.890558272538497,3.60596955226675,2.13983944364388,0.78894167153992,1.75697149904408,2.70608091147108,2.94381487084479,3.96859080784337,7.36982447403784,4.63258497351138,1.55737208179941,2.64491032036397,0.845460963026585,2.49214959395983,2.04736878112882,3,10,3
"1956",0.669641252092155,4.15362636383023,4.52175382119429,1.88522195828506,2.85794551627954,8.13329311907783,3.83552451454888,1.08932822366981,2.62538975931082,13.0418272246612,1.06837943933911,1.57863272739488,0.352228798361233,5.54394495735776,4.39522213625985,4.03188847258561,1.86180536668925,3.65962615794083,1.82719582080038,4.42779937970735,3.61173458146747,3.31613564850388,0.298948982599485,1.98454514323513,4.63730167294514,2.32707018746554,2.7683399309675,1.52775166022016,6.35444380704297,4.18746548969749,1.00657072641715,3.32608213204457,2.93271278058454,9.37530639228564,0.703773581845323,3.28515063554777,6.10376764120235,3.5343400541994,1.70386013413362,0.579383738278799,1.24233676431966,6.57724984962939,4.78166536481221,4.81114451335075,3.19271348584081,3.48201510372064,1.9224208300855,1.23426902890327,2.06377761636743,8.57632393310679,3,10,3
"1957",2.25338001890142,1.43120810680989,13.5872071487556,3.30488542493579,2.83780896459567,2.52778702563424,0.81855591807916,1.32452642290061,2.47655515391617,8.81475640690284,1.1525326650498,5.28141769328569,3.25317281147356,1.03530186665119,2.60920663903055,2.49832551289651,1.44699136536279,3.0395321496334,2.28958806504618,6.74647767299512,0.871736629582707,2.58639621255615,1.56906358944339,2.00999871003109,2.94622126594149,1.47045811643707,2.66322726091364,1.61462614445849,4.0321067271145,8.20098185869467,5.82092346347293,0.92378775304061,2.99507363518709,5.951790464813,1.78732899974961,3.03709166419943,5.05090079422826,3.11090442145947,0.628725058741606,1.77039696627556,1.19446256124074,2.9620662256508,6.03660987205661,2.02462484459849,4.46127623789733,6.85752537466295,5.58870253844982,0.562226758086183,4.8427506984912,5.15290794378651,3,10,3
"1958",2.08770774576647,3.08255150644922,1.59948354836068,0.44276320246901,2.1151376303938,4.46095288121292,2.64750092442192,3.28857000852834,2.49890617981529,17.451254226823,0.979143550655972,4.28756573950213,4.5369458781043,1.45447311309437,4.73181331069136,2.24164929542215,1.80563179052993,2.33211726034516,10.8011705642475,2.20841268600822,1.29381936735186,0.998900709962596,1.13888607048528,3.76270472094891,1.78512627671269,2.64547127961638,1.75518006024468,3.99855433376331,2.02419314833882,9.80671812124398,2.65017150606876,3.51587021850147,10.4435648504573,2.45545177482227,0.522857222327805,6.38000485468909,1.27297944836315,6.60124300066143,0.200926305841662,0.815959426174891,1.36078076650618,2.05701634855739,3.07143540833954,3.22731846943394,2.0752491205387,5.95974025411754,3.46892452926239,0.555178256278001,2.84000440554106,0.498535325658471,3,10,3
"1959",0.357808360689488,1.2442506130348,4.37440355055335,1.96234570541751,1.14991867055378,5.57952126429661,4.52504527316156,6.17819672712553,2.11017782966195,14.5236505030105,1.73203986130581,1.89401189251215,3.8647544576285,6.38118939338631,10.6651812157698,3.50200283060875,1.38541253644159,0.368303601611163,3.51171951311839,16.7392948321296,0.530083518114276,1.3674258229292,0.682351480638365,2.65369047580552,3.91807975580188,3.70935418215839,0.806361960956495,2.25825682336018,1.46651707983081,8.46800489994613,2.24345604980843,1.16496597273737,2.90130088259642,4.29787976336805,2.33220857254487,1.89807303171756,1.83304920651152,1.96176408523595,2.87369264007882,2.16903142537575,0.557771133671743,9.36559375129044,7.54875894015389,4.34920435647435,3.47749735903849,1.76731247215538,2.8302978317456,0.888830433047959,1.33277012342419,2.01081553614482,3,10,3
"1960",2.6317537809869,5.01761518696173,3.26970905930609,4.75245813714217,8.22164958477894,9.00815289892978,4.31802456057002,2.71796821787589,0.898377622088806,10.110119291827,1.85465399347337,3.22773876044964,2.51005058515326,5.29595911836894,2.38323665296887,3.24035178499009,3.49555143593025,1.81576253039474,3.78970199715836,3.29644802738837,1.01326516191947,0.876518568157232,0.464081094076959,4.84876276906572,4.03638591335972,3.02456548831475,0.480686412980396,2.55939217641486,0.831700940580287,3.34866421244122,2.47791856201543,2.405652566649,1.01093616291934,5.34186740115625,1.55654773718637,0.695534187752581,2.83185039601234,2.85550250202434,0.147772277144794,1.28548972714843,3.29309542887099,5.38806247536937,2.89239832277212,1.07348695277979,7.57908473638495,2.84068892035545,9.75865054150055,0.576432736876929,1.36169470832649,4.82561755176422,3,10,3
"1961",5.73557090132352,3.83377320998106,1.83604308315996,0.783835143322261,4.11503550996796,2.69586174531151,3.52719979966288,1.57687117407855,0.311010087272257,28.8869424421733,1.09879971535124,10.6316794871263,4.27390235134988,1.39505904172071,1.76598829750008,1.79615811198581,1.01504999639133,3.06671562158686,2.32667995756171,3.71881228919766,1.60061379809119,2.84045610149689,1.98716017505627,1.1773850929811,4.12407171651371,2.44245317907449,4.05601310202509,0.888999500280986,1.80300740855821,2.43698419306515,0.490283359451118,2.64778217785605,1.98246479006276,2.79305131998078,1.24039440155426,4.04567760079996,1.96573967370935,1.35195743127148,0.514427798883985,0.697705893775288,8.84100631687105,4.59290603197488,2.53943671523782,5.67838104350093,3.42922163229198,2.48160724173551,2.91575514886205,1.17841036099056,2.1557243313061,13.2665838730193,3,10,3
"1962",2.83651825940027,0.980411834167852,3.88220926461318,1.75417086449379,2.29332951165437,1.64497009929749,10.0105696040403,4.17231771845502,2.48217611030342,3.62649064058874,16.9339021665639,2.42941748408366,1.16759550676402,1.91143188688283,6.35968174940858,2.47497398994979,1.26237019740254,0.657848300471579,5.27749783085283,1.95199064605717,1.67069180429784,2.40418108193238,2.76583616523221,7.5311403302368,2.24967675565406,2.12510106106064,1.03803409520719,2.04734611380986,1.35171504008488,3.06175584004941,0.30343097540434,5.14480498420052,4.05827216071608,2.93450350510315,1.93618879486701,1.77019023821821,1.07962276959459,5.63621064863679,1.18021171820719,1.26275953092817,1.34509403044653,1.77613681876148,3.89106597975116,7.58192323064024,9.54972052181355,2.11546845698252,3.78328126250464,0.539966534947327,1.9156106732434,8.31163992441078,3,10,3
"1963",2.77753108154778,3.81997549197879,2.20072024943126,2.96277401568751,1.82656855674984,2.70571473357714,1.00240639845413,1.26155579460786,1.96827876020075,13.5745640536901,2.21793257053399,17.4110753389124,1.70174772996913,6.28569226406736,14.3736083442064,4.48279288790857,1.08307845011937,1.67409373436962,2.13877334507269,12.8899669347938,2.87468799739241,2.01275109102646,0.787019521508835,4.15711470803573,2.35221154579509,3.31238100043528,2.45307152794521,3.25932202753021,1.46543264345635,3.16230843283183,1.17663410726283,2.58814327786016,1.48053895702768,3.64859247874793,1.44936385488591,1.09753547678847,3.47591763425338,4.69774944920436,2.07708146606604,1.782006587873,4.57478737056915,8.25475310250271,4.54401876368991,9.55381458305474,3.65140047576461,0.985238559727947,2.65276177673306,0.394110732405408,2.34268547969129,3.26780330104119,3,10,3
"1964",1.35578012941292,0.999399841233332,16.0831903702498,2.49562925167276,1.28756016124883,2.1749906947457,0.756184045813778,3.13125157320641,0.622790385220644,8.86836816502157,1.32031212837037,2.22066855113685,1.9161584255597,2.13267091355714,4.68658792752557,1.44424753608082,2.67254579084949,2.16842483519062,3.07578534670562,2.94241944214901,2.30567684905869,2.1588679679655,0.263571105166707,3.11801061243984,3.86147894851796,1.87450044186806,2.16012585679776,0.42154686185228,1.8624810259661,1.99046716094571,3.21485455678298,8.52649532393665,2.1732205327551,3.23846700364924,2.66519508537274,2.39894283261276,5.77818376699646,3.47579765586084,2.22306936286312,1.10596778524234,2.0466252758462,4.72021043746787,4.2573658001102,2.05541019284195,3.2586039844133,1.73243493279047,4.62170986088192,0.342131680671386,1.17994735758555,2.95472735526104,3,10,3
"1965",1.31314756232851,1.57023918373871,2.67315948684111,1.90020599715837,3.40004919717748,1.90286676726731,1.75725747358906,0.514133613864036,1.07049041107547,7.21754226311872,4.530828671994,11.6761100036048,2.85255427002429,0.782248387081442,3.3565671369998,26.6903635398934,0.96149266690654,1.27067433813257,4.77337820708823,1.74623044612809,1.39995064515663,2.461311411808,1.1149351721295,3.02631736361585,0.79637708383948,4.60884776792622,0.957095254578381,3.10889776790672,1.69215613932195,8.54573331453838,1.40118256085586,5.12569409341449,3.29503412899517,2.19644475665079,1.22681227556413,3.83959438513939,4.64823761314663,5.69223642815669,0.379583332372429,2.07567619244452,4.58970040398042,1.97228066654291,3.11138937984663,2.64448385498205,5.30506532294442,2.79286260653613,3.67516632181474,1.22151551007017,1.54512442614443,2.63359986452674,3,10,3
"1966",1.16599732386574,1.35659388766883,1.3489181293095,0.934048306774181,6.63647073712212,4.87980821080992,3.25767972725395,2.01545166492415,2.44421402768444,7.34841787307348,2.25422436323764,2.45006084904386,3.53828386703808,0.434609539446348,2.31045833163455,3.74190317539524,0.339966423307452,1.74881739251366,3.43939677465791,4.4301621603132,1.19021896987646,2.37900497747738,2.4245144653437,3.00976564200454,1.69701610834534,2.46265868360143,1.91326752132259,2.17718491807804,1.06710733721247,5.94798931390396,3.89459576179085,3.50226917125034,5.95776528931284,3.31769160605961,1.17952976992033,10.0334114899671,5.74353676027386,4.58334372902567,2.40061686246476,0.967507157207549,1.09520030867658,5.68935174842942,3.7419536888951,3.93201123142391,3.76265866998338,1.10872962713339,5.48888859817516,4.28154604217111,1.65844485149152,1.85130147624525,3,10,3
"1967",3.22045801889803,2.23166128347626,3.03538032372644,2.55806036934757,6.52368516951293,14.971270853369,2.18154491988934,2.35019996961645,0.444514054434931,3.62129763166311,6.55393123146434,35.5897009147175,2.8209666367469,2.80744467723773,2.91612665749726,1.93516445383977,0.851710607180506,0.810366318259566,10.9578603223307,10.0299156041027,1.11964788293465,1.45128044148201,1.83524490896263,3.86878246602084,0.878915768572953,3.73537101302906,1.0156054227857,3.43541158947221,1.03138904067948,2.12980629878772,2.38622293131391,2.75624927659846,1.3091808255041,1.8202186695937,0.965051850064322,4.65178856888499,1.49571228870958,0.750152610304107,0.998591443649651,2.09981115582064,1.19928274501264,3.2932875661964,2.51661694001124,8.11014963573859,2.44631501463544,2.33848080308329,7.83123730974789,1.32911432420107,1.36579336100624,2.48044130219641,3,10,3
"1968",1.78477147018968,2.94953553019928,2.44691763568857,1.06957875250754,21.9824679478014,2.79311585400418,3.68926182149208,2.41474877082077,1.37103306768166,4.44379896040723,1.0708170402863,3.75534578646573,2.18740436735428,3.29229653159726,3.48588029454853,2.74279379401494,1.28006428367804,1.35094412878922,2.88270577918178,7.72072583013287,1.91413374353095,1.06169786202673,2.2254976391849,3.51331218350668,1.22507207711317,3.31693415748607,2.32546616764926,4.72952101802154,1.94392271604615,7.67053372980237,0.959096375731141,5.15621838112071,6.10750882267747,3.63965258213604,2.04811262503979,2.29650681760419,3.14285243426383,3.95071308157888,1.60433323023775,4.86002797719532,1.17902139865015,5.31162067671355,6.43184409989452,4.64689502022219,1.83486100054857,8.64291426214527,3.61479973424878,0.799650052336866,1.84415739030485,4.18717908319657,3,10,3
"1969",5.76463795838045,0.982828425862817,5.11045082732791,1.33005650274704,1.52531469750848,2.48010536944924,2.99488788663149,4.65286657597176,1.18037510815679,22.2641885973626,6.00070170963804,13.8018112403397,2.40780247653536,3.80804434800847,6.16103695133988,4.05741271844809,0.602072357791818,3.13429991539994,7.3613055283203,0.385756995825938,1.32718073335562,1.5352579119689,1.62895356686903,3.10310613436038,3.92925799661819,2.63401451146203,1.26043296178305,2.99238523574871,1.39176090674448,1.65663604830551,0.137313743239947,6.1122229860537,2.71584404477407,9.55057446750844,1.28350018575835,1.00946365700753,3.77387898562232,5.05244254594577,1.67838388991585,1.25644682516492,0.630824624348645,16.1258834637708,3.99798063125258,1.14320174084142,4.88273016076428,1.71649322203479,4.39576309855194,2.35878323224746,1.11346107998407,5.13235192774825,3,10,3
"1970",1.62732115776432,0.666883360681458,1.82882793975131,2.02046783587333,2.44469773180502,3.30837000632862,4.55740091437415,1.12665764412697,2.24306321920418,10.7035616980802,1.94583977191081,2.71134371365336,1.34822249522459,1.8062028466202,2.56248146972282,3.18525480491469,1.05767356375956,2.57480580139748,4.68793884709437,2.76699891591259,1.79003275619978,3.97547524100743,0.421513951750059,4.78315636072406,2.27805883811595,1.6524071961852,2.76427906359753,4.2227817873917,1.13482976117349,7.56324707236912,1.1484236483214,1.88109190546796,3.82505784929231,4.47636843573163,0.72971401684192,1.52495654835305,3.0374578868171,2.72666128080159,0.555671603327138,1.57296777694103,1.51318204711771,7.13575388925414,3.988409463722,1.76284094622008,1.59402726528283,3.05823445102466,4.86356247336981,2.48453949697371,2.4709273469323,9.48433553502616,3,10,3
"1971",1.51258594808589,1.39292712207528,2.58060917628949,2.56204876002807,2.82241682620535,3.20584480760616,3.35679649757624,1.91183477175929,2.22110206766677,2.57858299927991,3.71199246128778,5.00276955527773,2.40908177177596,3.02687416288611,3.52747106648452,2.14687691643576,1.46707894314079,3.44943472967541,11.3171154081267,6.25889121671584,0.848236326545869,3.11099495366651,1.08559948738529,1.61991564113559,1.57450308600331,3.04400194532048,0.926599858666574,1.56367481167808,1.80361833331282,6.70459059226241,2.18595406733924,3.54651341307443,4.9462259520295,3.03893379503153,2.41125123878611,5.15813577210223,1.74274767140427,1.48880795551682,0.286417874843751,1.68402471530307,2.30440955398981,12.6969767065431,3.67163285590103,3.62450454928174,3.14729162787321,2.01174389123454,7.54757104667002,0.164886324032847,2.83832889858305,3.01465312718658,3,10,3
"1972",0.995514353721451,0.907263842596585,4.64345044596694,2.17589253556362,2.76303860070083,3.05961456453372,2.70508869653375,0.400768717664347,2.95942189888483,13.7800735756434,5.1041710078826,6.21551093614696,7.96649636206657,1.70211278349844,6.58251488236357,2.8660787152941,2.02009195970371,4.25718610562052,5.03533487905948,3.60384884213419,3.02629639519629,1.70560585112235,2.01049022037758,3.98203517233256,1.93142951325105,1.61460506890315,1.16626380610694,2.2034718638649,1.08846174915497,3.36473020216225,0.144988542208835,2.27506713227917,1.38514280426307,2.53467924902257,1.06181759630778,1.31629443198302,5.01520865467347,3.33175493692266,3.95569985433401,1.64597261432817,2.0148149150264,6.48407276229262,3.65849825130517,1.91585837511345,3.41318387261331,6.77038268280806,2.29680153964358,0.760722405297227,1.6242702064225,2.05798462083791,3,10,3
"1973",3.45428492383453,1.0990673093732,1.23520789823238,1.4354028114874,6.39313226658884,2.21785702650321,0.951730436431957,2.79434201162813,1.70939565038327,2.78835583204463,0.817019647028807,8.44062921742121,4.76087308148489,1.76306726613889,2.78412449970664,3.13261512312151,1.39462992797053,0.863324630574949,12.8016747508279,2.53498491625077,0.878784047623053,2.25027391889609,1.39694214553733,18.6207826602861,2.20730269046887,3.05540559789624,1.77587557777966,1.23109784900073,1.64340173736493,7.34588753488974,2.75508752688009,3.37557381370975,2.02173471394297,2.66243448294131,2.34062905145829,2.87414781359708,3.52204353744237,2.49678303895539,2.62608541891733,1.00781337449739,0.945602447949535,3.94615498986727,4.96945741055945,3.17101934388103,3.51087715635381,2.8602580106762,2.225328147372,0.590314257561578,2.04969912302068,0.964138433167056,3,10,3
"1974",2.18804159630831,2.7964778228577,2.57804268840975,2.88367775883313,2.29120632564179,4.38096163946685,3.8857042443365,2.59019340725112,1.91521839147967,9.49287546240681,1.46454786804831,4.39568096379624,3.82699915088795,0.871082016217899,5.03575368301796,1.3629183118962,0.560169253362008,0.594766221115187,7.35311163788967,5.65701293489243,0.764534614683436,1.92097344657082,0.91596792168185,9.68113744891885,1.99208095355969,4.84597054481392,0.836699352187512,1.17235857487569,0.963196868372549,4.3692039755917,2.52880896102752,1.29679017162549,5.58224688070223,4.70829571354729,2.18078512589971,0.560392007125926,3.38166587934002,4.26129201120749,3.08596934701529,1.29419554427074,1.68882951896341,5.0018098851852,4.3877006430207,1.63520401370622,2.66516496787288,5.23915562912813,4.48991029528514,0.33875853622311,1.59020727514164,6.68506182626203,3,10,3
"1975",1.02429280235952,4.52097984895407,4.02086841049003,2.26057314984973,3.16371031097609,3.2901650948974,3.12771631621552,1.77715774114126,1.63826421897013,26.4253361786107,4.27217306560698,3.85918132889241,2.8100292845428,4.07856387394735,1.76972655622411,13.0034872403607,1.5920874920498,2.92488664748034,2.3400177288869,3.08301963229037,2.15416226749178,2.10462808702169,1.48935754319429,4.04254926686275,4.06999217612795,2.62803454744879,1.13567149677021,3.21696390547331,2.34728637035014,3.32124520063028,0.497804586083814,1.60947400006374,2.85746683129681,8.92600235286186,2.08419849892708,1.80175146693253,4.45688798389001,6.25861073851232,4.56066798089368,3.20723396905467,2.22558711038343,4.35348725127876,4.48469510638566,1.4478368742974,1.73377072211489,3.23459862249295,2.51987203854343,1.20227512982094,1.67281340566632,9.45955243954472,3,10,3
"1976",4.87280741828267,3.04540172218805,4.77505752967556,2.42160610702011,6.64698677360241,5.14842012614391,4.05895731178723,3.63036214971743,2.3977547948517,7.32165887430548,1.1114031798446,1.88200694566632,3.2681087753754,2.23979559682741,3.14001656672856,2.49591214898816,0.711204846363766,3.83793212454233,7.6688008186331,5.45702551461558,1.00753354828066,2.22114541774968,2.32610211148085,2.52604609263026,2.71876990911719,2.2389995633293,0.861714397889393,1.23749365280088,2.08460686749619,2.2582213221633,0.28980894498784,5.8271255392829,3.4588982506738,9.10897577293987,1.68917737251799,0.724581933233573,4.80711977063291,5.46691711354384,0.831698534421644,0.349339410727559,1.21700639232406,2.44513540886562,5.95114427177786,1.95720773129871,2.64423524897562,2.88674342246243,2.23772959638257,0.391959901892331,2.15910571041888,2.30679166844824,3,10,3
"1977",0.701969481055387,1.15440470108454,7.33395071087967,4.57470784698863,6.53953303234438,4.07967373609112,5.36876335027793,1.20151661160313,1.71887403702227,7.17368187022252,4.85092732312753,7.87356157259294,4.3843322105213,1.68215805471439,3.27677366316771,8.68532177511371,0.967281644661313,5.17274580796062,3.2876161629152,3.8384818231769,2.48812556523727,2.56576710794129,0.878035607307939,2.5910662431999,3.40587719402834,2.33263100462938,2.46628250438516,1.82529846135177,0.611313266497373,8.30169424565632,4.67993237153134,3.7263925859422,2.80395672406625,5.9266009027008,0.913283759529865,1.86590573337199,2.71496359627541,2.41531952109503,0.571565915085099,4.87118875170742,4.5525325768362,3.45243134961583,5.21563433266806,2.82520392243926,1.7133655178803,6.02240629424956,5.32735457060679,1.85195317915496,2.54506724305013,3.55252408393894,3,10,3
"1978",3.76780845127446,2.47178212669111,4.55104302523776,1.56779828235991,5.98127253664159,3.35932470968913,4.33172629315012,1.1799653835516,1.38241086491399,9.37075606288485,0.619025320307168,3.28572157687764,2.3552156869192,0.554542778412521,3.47241535205335,12.1571990269911,2.64498394308872,0.380278562878526,6.1671130874963,6.81656073847007,2.00387019823655,6.62630416923165,1.25074162119601,3.41689864538255,4.01310059624654,1.10198653389193,1.39867274293624,3.67278380615893,0.701284931150405,3.88891278017624,1.3426912776617,3.45957162450232,5.2188343599215,2.14416395610795,0.834168093031342,4.73673003947199,3.40697296131513,3.75778227391394,0.584101172533063,1.76960757138618,5.18678180721381,3.68446067227564,4.42465908574725,4.04285834770382,11.4528931953232,4.71170956001413,2.73669785092505,0.480161184051092,2.25179525892578,7.22706887868153,3,10,3
"1979",0.897293531959902,2.67656978230058,0.925168266854882,2.13465229553603,5.1238490044725,4.20259305863449,2.5998894652613,1.35592172929846,1.65473955579594,3.59315366403232,2.0564544117941,7.84395873557342,1.33489046850266,0.594679160320744,1.37632248879353,9.12716958799796,1.50775447226929,1.14502041151667,2.64203331879751,5.9204705491364,1.636423065628,3.17681369624235,0.688688430293428,5.9860838325349,2.38243637854211,1.90443835105206,1.59026223337594,4.65108326258281,3.58426975899202,2.1858733028874,2.02079011060109,3.95457764995665,3.18595508429294,3.16474693697954,1.10888477296541,1.38861296316574,4.36904277370897,2.61266053676316,1.18605440603218,1.08796616788374,7.62746287284656,2.26030638180385,3.54638015973097,5.27475290865209,1.95987426585578,4.04060272391703,3.02187897802661,0.764468379900781,3.16733240135353,2.04895730495535,3,10,3
"1980",1.46706936165326,2.10760170048852,4.3794073874456,2.31348995313996,2.28389699554972,10.5145746992877,4.04775105665537,2.8422970538475,1.38392899387982,6.76362858819027,1.9052747588601,15.7999533072051,0.542837742400617,0.376981575519908,3.80162682892895,4.90361540138197,1.18435088194238,1.9254958388052,2.93883207509597,5.03261332168208,2.66094392717664,4.05806029932085,1.64886176392687,15.8664326353604,2.15654095460873,2.40297187898449,0.639088814721814,2.58203243246089,2.47851353762808,2.61583250964538,0.755594757840094,1.99461354730163,3.06939773690408,10.6284981275471,1.959247414076,3.24536994907909,1.72449760024254,2.95787070786711,0.662707536001079,1.21688837277246,5.0587946143573,4.63001108062569,4.37800614243478,6.62798073959408,3.7101017537514,1.1977297943557,2.112972150159,1.18726791960892,1.39186506270206,2.57166403286383,3,10,3
"1981",2.90877845312295,0.965417793518532,1.99846156616022,2.00807839795142,11.4755914757137,2.27852567872865,6.23490497000314,4.07970720372102,2.25885141785269,13.9283279512654,1.32570336344709,6.09346659712344,1.20352737938985,0.809597822100226,3.58772374725849,9.31065128985655,2.03829075284951,2.0533319496203,2.47789066665571,4.71836603180691,2.79628834279368,4.18496293404244,2.15240035516815,3.09559886981297,1.60597525591739,2.62528108327127,0.618211822863888,3.33415317295326,1.80453338049018,2.77009785803097,0.333932433441476,1.4457658501197,2.00290703714292,4.49558624837335,1.19886548258954,2.5562161204066,3.59525146741259,3.41826438530943,2.24068898141474,1.28121130790561,2.81623315459467,4.35559763044315,6.31126298505068,10.417751423392,3.61288299214121,1.23168393694863,2.17609600639349,0.658331593480864,3.80122944097705,5.4933319634612,3,10,3
"1982",5.15827332576311,4.5126453015626,2.92381054979873,2.96567357534719,3.44102352667431,4.58833858408863,8.76790933024632,1.23270872366591,1.23659719473717,8.81636001647733,2.16117557587939,7.60038273881131,1.8853756605622,2.01062533443794,1.72723426467815,7.159942732643,1.83701717833655,0.606220888678319,3.02042785527759,9.70535887078225,3.26735397224375,3.11268722102354,0.342157842930071,1.90351248054037,1.8286894351877,1.84643844776501,2.00512768506994,0.947740161956942,1.15920487005743,2.58247566869609,0.21812720662379,4.66012425429341,3.51765340727434,2.07847040002047,1.37160778667861,3.61830272421625,5.03494210973063,1.7575586352666,2.21772471556074,1.92067317376253,2.14307611424749,4.82794646735113,3.32871820775664,4.08708450767859,3.36627101338389,5.29872134309514,2.97654501274198,0.933066148689156,2.56117583411055,9.86673147507429,3,10,3
"1983",13.1819779213275,1.46785376923782,1.28011118027348,1.9051705081005,2.56557941935831,4.59667430991699,3.33925711086988,4.38748618814486,0.693001087526804,12.6728287874393,6.71906498389883,2.51347614698707,1.61752264753144,2.03944569874018,2.55288149749686,4.86826014471077,1.26417299882388,1.79181103600955,8.11642544897801,4.9533201318716,1.41297316686327,3.65745999764025,2.33907424918264,2.88669734522439,4.10087449267689,3.68655566486665,1.14805197948063,2.22643779225991,4.09406090086622,5.61294495492082,4.23061430408104,3.23701936961488,2.028482484227,2.79527343348175,3.10447714606627,3.48149766153966,1.26666195452218,3.19203538016912,0.402545070332396,0.297929276735376,0.895804081963077,1.82342940180472,6.10785620320113,3.86658242706588,3.10552362472069,1.84280428836971,10.1447083018258,0.575532010106736,2.15217989740991,5.91221529787113,3,10,3
"1984",3.19987857185531,2.17880366490511,3.3376673375634,1.04971818988139,2.34728499438308,3.29471976666921,6.36521823050627,4.31402802510217,0.911522099062891,29.5106432652768,2.28054082898721,1.0755127921203,4.7864908269339,1.72519241705898,3.6065995937969,4.879306776486,1.31336231586713,0.386337100824651,2.1508577974844,5.1418285381856,2.86190142823699,2.59592880345253,0.893249275682525,4.38088856165569,2.01527763804595,3.24105045422323,1.67388540864077,0.999759670501008,1.72514530047994,4.74793706248045,1.10056634638739,3.66585779570348,3.21273829175562,4.88685152524569,1.01510407246154,3.29469442290503,3.23709256840893,1.90723494703821,2.40691530351635,0.65120309675406,0.584739904533049,7.1125129492049,2.5804298047346,1.71141243380464,3.56427615929992,2.32005835224027,3.89381728196179,0.62201558077236,0.91911101215055,9.61358838233549,3,10,3
"1985",2.15328962856178,1.82044780357388,4.19063232055748,1.83598236666888,1.82833648984828,3.22368493631498,3.74860246146656,1.0408624806116,0.928687968381926,9.43276532808809,4.0785727436085,6.4410665556944,0.325002708420084,0.486591333599915,1.82035499911012,8.40954853323366,2.25681607234154,2.95384692031337,2.91632146438233,5.84079832739115,2.07889548572845,1.3943708207424,0.340616357857176,2.99477341411849,2.9362676217757,4.45546240336738,0.874102982440609,2.57742092337459,0.904999373657608,3.04432685445776,5.20810499916781,2.32845205029959,2.67277903832478,2.35795212420807,1.87272690850204,5.50839373572185,0.945494309059725,0.900275722495967,0.690974982535544,3.67194674458874,0.983397993482134,2.36295996581827,3.57275889322482,4.64508003432037,2.0980666104628,3.49049235757942,2.28114304148656,0.738218873882685,1.74128005557319,1.52231144278578,3,10,3
"1986",6.025433901986,3.46542903802527,2.41284425963194,2.76844071003892,3.33594989812602,1.34582363316153,1.97045683482446,3.74193722378263,0.764797035852361,8.64299099145507,5.42299254922816,4.86946136015595,5.65120703401755,5.13193809223076,4.23398196204273,2.98134390860303,0.587542332486487,1.64464512870842,0.957651566885402,5.61745408937185,2.04121623549912,2.13964008313447,0.908857467493118,2.3280942887041,1.66008771039556,2.66075572063848,1.0797404922374,1.56729012135442,3.39455636484109,8.84098248027822,0.941247574860028,4.17896826949737,4.80680413037594,3.23944231348236,1.24837170203169,4.41062697429706,1.12018916250852,4.95786014278933,2.56480386087172,1.24680136984286,2.1938270787301,3.12383499935076,6.09951527181466,3.78203416607819,1.59980117095157,0.833139281108216,1.57422759216016,0.612517688921752,2.49403678729931,4.03343765253573,3,10,3
"1987",14.6196377995877,2.8156811664228,0.893538447701452,2.40977024511673,2.95884094415751,4.87915221127382,4.39886307158562,1.61025572226943,1.48364604161958,6.05337600067188,6.85080157320441,5.0772207203393,3.40086587732166,1.96741025024389,4.84517360708466,4.19600506005876,1.1426900351232,2.16645883355898,7.26955605709954,2.94504075964916,1.80933139067655,2.2643951896993,2.73439244108694,1.01894353747995,4.11663441548746,2.45944264020866,0.659845002172186,0.781817463565098,0.41577789491048,3.50261573346418,1.28155451907028,1.57440050335306,3.01279041851499,5.29779855219646,1.42249044737763,1.07473822272801,4.04199513142924,2.2206025199278,1.15734111786344,1.68168754856413,1.29566819997236,3.37585657017655,1.81119534789819,6.50135029812395,3.7186241337181,0.867783604694451,2.84459492662487,0.574866981088891,2.45497605397315,2.18656591227701,3,10,3
"1988",3.88678552864819,2.73999767065667,1.09378775306817,2.99358710058556,2.74160585279091,2.59217754089377,3.38549063344715,6.14676272812864,2.62191840259303,4.70967661255393,2.3563118622488,5.47321750930125,2.64342751825944,3.88127799873447,9.51687096502912,4.23534799691967,0.718398444828845,2.00190843549592,4.21322719321381,5.33221643612054,0.971002887099376,2.43708608864507,2.24749805577878,2.8850255899279,5.7768147724746,2.80500025029429,0.905516133664607,1.21732029325762,1.74293145266557,4.08788800918288,1.47820802190039,5.34042522484323,2.8104153377117,14.3239261375946,2.33191503740101,2.01161117896109,5.57745199629749,2.89985670699838,1.44845110168944,1.67129452754286,0.942585863707616,9.63132552486604,2.76026876366551,3.70328219851707,3.02426190170686,1.41006151617434,1.88833182622179,1.55361538909138,2.28685068030162,3.06250437998766,3,10,3
"1989",1.23178585985578,0.992433440212366,0.794105773535082,1.55624903415704,2.18099784554582,2.30369084275815,5.12134425640728,1.17450391700379,1.40247992833675,7.22170433543613,0.829976685693633,4.34046261783743,1.53205470514571,1.84938850529398,2.81965196561592,1.38016138225164,1.31682070333375,1.42807654988815,2.37654910731985,1.06980791653926,1.61368516639159,2.96657116053691,2.02131117438825,3.75590621273381,1.10592818588041,4.08230361879844,0.854994864475036,1.24841914344197,1.07274345483319,2.54698837920662,6.81502973804219,0.557647790591975,3.39060750466387,3.36584521418371,1.50798820059046,0.684780187567808,3.826211940004,2.45134050299415,3.49697620927929,1.34522777674404,7.72032655626395,5.31134677899992,6.41222580962751,4.58138367206067,2.45393252344783,5.72389133991334,3.72642803005502,0.471881361604372,1.8869671516481,2.73927339143254,3,10,3
"1990",0.73487561723384,4.42319740994058,2.89844425891481,0.516757037952598,2.73895050598611,16.1420692178788,3.78701602504413,1.53015119499843,1.69920680475686,5.44340548569441,9.49889515338469,4.2214444775887,1.87949179457668,3.75359662303167,9.15917260257354,6.97148794739127,0.557423017440074,0.848541905380326,3.04191739605698,2.69280299272313,2.82862774238883,2.32691067834957,1.49172520339483,7.71849749869207,4.27462049077717,1.84388082873853,0.933533497512455,2.4100002737027,0.608752720309583,3.08948556820882,1.14861502172324,4.36419640381519,3.07132018845453,4.86570546551847,1.90073040791938,0.762793182921296,2.35360660497149,3.12202740043312,1.92227296558811,2.6560249699504,3.39494916510025,1.81049248545609,2.42724968182718,3.36907598853809,3.60402546838488,4.54375184294019,6.92459454461724,0.356504511594042,1.76835215065183,4.77459978711265,3,10,3
"1991",5.11073838948544,2.58034445171992,4.07317551409461,1.30112070705023,9.56031718579527,3.23530451960565,4.76708117524934,3.2091477924443,1.07859391093482,13.6658089103661,12.7082068342735,3.79900631612768,4.84811756575511,3.94676278601972,2.24095882465894,1.582864502294,1.70885310542326,1.98775561011801,11.3492263289073,2.34143358976228,1.8039972197301,3.56811228027436,0.989489638425592,4.80999093616737,1.93941357013101,2.35442169420336,2.48374004270856,1.60959809486431,3.82655373080213,5.63918911049716,0.348356184741899,1.15770320141842,1.64377374936418,5.47286028995152,2.39417524087373,3.36838657622438,4.72461372671809,0.80960112480056,1.25219802486206,1.73569796231586,1.48690609598,14.1704193459279,3.82354806182662,11.2687852243987,1.94848222443798,3.08955618970007,15.3953964662258,1.65689507096924,2.46901491027843,5.69480307410523,3,10,3
"1992",6.78799386622248,1.04722226416774,1.35630444017279,2.02273921128892,3.58284103034516,13.6076395797341,0.948651699659699,2.60152544233113,1.37816465347213,5.62534178577924,3.08307957418221,2.17708159462124,4.89944695299642,1.25934821732558,1.71204950166447,3.54220357942572,0.395407704586181,2.12678116303436,4.46032927249345,4.27414963207986,3.0443890770855,2.79963908205725,2.00325658210301,3.11552809971278,2.56417174320935,2.63044176179299,0.766928575698466,2.19392937752443,0.489825278058024,4.79853186700755,0.863681040792579,2.78080578362842,1.75919727540054,4.30785197987662,1.46941149142537,1.92204752735965,1.31478788301891,5.38174754027876,1.06691809424309,1.98213145749531,1.82548702823743,4.59587916323329,4.08590228779888,3.11841569165664,6.59855159418629,1.01432736106936,3.09614255949085,2.16355471536743,1.1089650703029,3.02412604596074,3,10,3
"1993",3.64074395455718,2.43791703663165,1.61483025015685,1.63699841478391,2.27462387055288,2.98909199909723,2.54925317404623,1.88450321760949,1.68703773239276,12.4206367464049,4.7050994439992,4.44740453601803,2.33482890991137,1.33601265711437,1.47374190427961,2.43501378445925,2.0123639318864,3.05356650331139,1.27470098841416,2.08098668560478,3.08557295572082,2.4388370286862,1.26775007368724,5.01680407240882,2.68708251409322,2.39161111679582,0.346294721058308,1.32347901072967,1.13113898166105,8.47360364378018,0.706523153527689,6.54880099677433,2.23697851233369,5.56656990558544,1.82097177327558,1.20241276258242,3.12747531674482,2.67749416489127,0.268919339494148,0.829738789466472,1.14962966750767,2.07530814579222,4.39292796919071,1.64321822668215,4.025072139374,2.6634035607691,2.19532778093906,1.45623344605456,1.41271022484132,2.17121998441639,3,10,3
"1994",1.88422695648068,2.67611464842988,2.43794734041321,1.34014782647779,3.4260601151116,6.00084365907294,4.25127810233059,2.48394961547172,1.26716834999086,4.42508031642687,6.59607737805048,4.53912688363365,8.17583353149437,1.0409341364972,1.75017396404211,8.42990844585014,1.47368606234475,3.05556159676344,3.48748096812215,6.57091540790997,2.4966314874349,1.55601625474726,0.320844903909444,2.25348584601534,1.70656001565579,2.07711136950626,1.99425749368005,0.622004557985404,1.1821575826732,1.6843607419337,1.26867790219429,3.11370066956752,2.17483179085996,3.91717828083871,2.78576056845332,5.37403000980444,4.88388021966735,3.37428829962279,0.245518620647465,1.98141867758179,9.67713411451808,1.68464728637894,6.2013904422835,3.21417335512061,4.02045350352124,2.146407647085,5.30911593256461,2.71477463476939,1.10662067621518,2.33285985575685,3,10,3
"1995",2.01249857095572,2.07630011114379,1.30266963163667,1.32252466200829,1.54536493111117,5.00917166737785,8.04823454298034,4.34522832063724,1.34259764365773,17.6200880676208,3.19894432372108,10.803687377015,3.32160099817288,0.896711301290357,7.10450953367635,2.53360924767214,2.25929679564012,0.657586174308229,6.84135224546163,9.06092434917715,2.79605151096399,2.92221355016711,1.46084051068403,3.54344754925412,4.55598446065522,3.41670853880476,2.15923341626714,3.96295691869657,2.05182899220539,2.07971320817892,1.36298608822893,5.18822779585951,1.24727446926401,10.0944148790163,1.72073447066588,3.24041679299862,6.50952365055061,3.16356856706662,0.887814692732165,2.33887137053661,1.56900173579703,9.34353548602474,4.56744592710885,2.64386852431681,3.14601978416454,1.73741960369492,6.18616743661843,1.0072989944559,2.85783941289093,2.49808809647184,3,10,3
"1996",5.17018779673792,3.19581653279682,0.99419451975693,2.64763675907553,2.10835790186549,2.82932556155991,0.875490504400595,0.569108188130757,1.06363509992381,4.8837741149254,5.62695982373094,17.6970619138828,3.2774824988857,3.65033142625184,3.49097508797081,4.7248191611406,1.05835583102393,3.55156013289309,3.28932835539802,2.41957239592401,4.02757098033994,2.87899483643232,0.573379261232648,14.4341077904827,1.94643947206665,1.36100151767252,1.15679132115377,1.51187228253922,1.48023249350416,4.30251132963335,0.216847136392305,2.35688820125522,4.89802066112572,4.60696495171329,1.07689039375751,2.48823223745804,0.878579478829563,2.5538451915454,3.85782681391795,1.05508650869831,2.45983862086955,2.82996047698569,2.54999258389871,3.65264993118484,4.00368338300221,1.58751773916799,2.2496479201812,0.589629654165029,2.18237183539337,3.43732805533259,3,10,3
"1997",3.05746276622696,2.33117059534667,2.16273628330948,1.88961449444979,9.16666741328245,3.68668597114876,3.56878120165976,0.368941486738565,2.1952221481156,1.83245638207544,0.962750839181976,8.43872654472215,1.47607916956687,2.91650565563906,2.07785383493956,3.57222321425668,1.51220071957628,1.23631124155392,2.5833995980194,5.41614628560084,3.05753736895168,4.88898850849426,2.04619442740763,2.82734476892296,4.10037127873937,2.46652472696645,1.61145501857022,0.696791876759531,4.56215317578884,4.31727389067743,3.92089126070514,2.36616218847636,3.01128170494834,3.76741056337316,1.37358073012292,1.55141810844017,0.42848358812974,3.22974082243093,0.569217426956947,10.3529351729884,1.51290474168457,3.39356401940864,6.83943127043194,12.1101986012035,5.06502753299579,4.00953616196147,3.99565944685792,0.364257298705578,2.08564226087979,1.30662970364799,3,10,3
"1998",0.682829434433413,1.40640563416359,6.94890851154701,1.5325226884593,2.42336439536836,7.29887915917887,5.5786481651986,0.756261365293451,0.557967403472558,17.1552705478727,21.2817358839459,5.60243701883159,7.87032120440367,3.73273451724153,1.36613758509899,3.51343151521748,0.858091440475503,1.03595116469024,1.87260256288645,11.9880887780808,0.507152119936323,1.50354966517769,1.93972885914402,2.5548475144832,4.67167951354587,3.58274589168707,1.31964687313165,1.81520483194573,1.97792365481909,2.25680009331759,0.640401286815147,2.80202665842732,3.21754188160048,4.92541460997812,2.33472858601978,2.21571592730079,6.09660604787521,4.37869429654519,2.40288884686458,0.967976209155775,0.989113409811805,1.37838122092178,5.73148941728067,3.20467157591811,5.47828435102956,1.92788050841935,4.88290974808217,0.450852789325233,1.53230243517114,2.93878620873266,3,10,3
"1999",0.429748579792409,5.1720373694427,0.837403814902073,1.29359328756425,7.56075061035369,2.39622517241423,2.79953310948574,1.7676905479255,2.67493331383526,5.7141117905395,3.04286551342037,4.74322724831537,2.10444950682201,0.796026555336656,4.12757207126535,5.0295668434592,0.988612095802509,1.47722544681604,6.79216396047786,1.86290810139363,0.802795136528804,3.36778296918487,2.46400507680518,3.63891323079445,1.9308918182042,3.98776052219783,1.36826942229585,2.29034162520334,1.01627156938879,4.00544909752824,0.162096301828427,2.14088855446215,2.58611077807448,2.64311849941546,3.06287064752331,0.816075609690969,5.15217380217303,4.27764361468498,1.64837815206044,0.694225598658628,5.74456216572987,1.21855083785133,7.47436909032329,3.69578668405747,2.48233810668892,1.51384178028925,6.86655009128506,0.595157253485866,3.10796430483544,3.23291055982475,3,10,3
"2000",2.58829592102581,3.58596847517074,5.18892486605859,5.6334541581942,2.71199253868451,3.20657594353273,3.97279101630243,2.57004460257831,1.41359563834243,8.87256748573303,1.45534017475423,6.98445740541278,6.09679987601387,7.36994092160127,1.11687814179541,1.37871420038835,2.10136583751284,0.489641698316472,2.5184431712704,2.76383598015897,2.26558861928278,2.37362372828025,0.692894325777725,4.53053883791772,1.66070828998094,2.95879956141579,1.05186820066025,5.05246503416104,0.416591699542094,2.25115822221403,2.79512205668804,2.76182540653612,2.59781875025897,5.78779907603117,1.40571200749481,1.46594934045233,3.23340976154201,2.98789839835115,0.106289439649753,6.50815908900012,2.83533997126237,4.32648092593761,2.65881436008527,2.84863412490375,5.30426454917322,1.29088865401699,7.85003857913684,1.48525231459315,7.99082266584929,6.39667100682829,3,10,3
"2001",1.37415134980824,1.8582839806446,4.19698194287689,2.45061328502925,2.22312909797593,1.33251371304524,3.21478823867732,2.4235330641445,1.69615118828887,5.97706403999732,3.95200732852712,3.75928767726045,2.7221501278123,1.44394511389391,1.80452338087674,3.52137998204822,1.32928078867048,2.72195906025262,2.44466058978615,19.5453980368877,1.18335419560435,2.5366952709323,0.762786395412452,5.67405500070512,4.32256285155968,2.18818838287437,1.87444771757388,2.18660960948463,25.5667178545819,1.40165850972628,1.24537013165691,6.26426042887391,6.99723153316834,5.2942210861355,2.19419876518353,1.69785554792935,1.26143578773601,3.69390153935321,1.2775926899227,0.605671109557506,2.66029765243151,4.16122145866078,2.79566909516606,3.73683077734421,5.30730706281762,1.6535492398682,2.18245942594682,2.34624499489657,2.00946485652525,2.83351052806359,3,10,3
"2002",1.53657771891708,3.91017221133602,2.09480416796103,1.8033244670549,2.83491214370095,3.83466351754233,4.60480574406955,2.14524700563779,1.21153227530139,2.66654587616993,0.694212806204762,2.34553291107145,5.0252106185088,2.0039130769861,1.93294758791975,9.10531677476932,2.23056644017306,0.175972313182343,1.3853940044864,2.81928217158491,1.75679093801828,1.13433343259558,0.170091677583132,4.55539882585566,1.10115619063639,3.77788196554978,1.57700991178464,1.05021654367299,0.732139894263758,3.64469302912957,2.20887396587349,4.9076168520728,3.57888940781243,4.25063003621319,0.936909858142901,3.8793373649767,3.27528675436242,1.62532672888758,1.23225032051229,4.0598713687707,1.03953462226206,2.83017455830778,4.88261404737707,2.10518352618289,2.18283036501223,2.91162602909231,7.90438759911019,1.20090039603017,0.297242313755849,1.5750696995991,3,10,3
"2003",3.92405022774365,1.84837017198895,2.97848861959613,3.02152292791208,3.95720579164048,8.21983749411858,2.65388792715942,3.62947167582712,1.26443372350451,5.56174916169603,0.459703708874292,5.38232823316123,3.44046195151757,5.10683018030903,18.2727126333909,5.16586092031033,2.61970245224744,1.36084703852126,9.28113980947256,3.91977093531376,1.51802980625737,1.49694021189344,2.42875017199032,2.46895344650653,2.5510481485805,1.28161302992241,0.936342232624587,1.77434221153439,2.27590487998748,4.01456027509478,0.216992216721451,13.1857300866519,10.3407218034164,3.24325242915944,1.82533615464733,2.14069455295748,0.500020826128909,2.69723031799455,0.441153072005708,3.4929686286434,1.80765240063362,4.20094506895061,7.70784847370334,3.57236797872625,3.31899044667619,1.90944861903174,4.20927583258702,0.919845989232403,1.69743696759656,1.60300780258961,3,10,3
"2004",0.595543357461781,1.8970532762769,1.81357729489548,2.74627955895702,1.74845589583307,6.22728544872565,3.97813895078321,4.52645095152352,1.23411417980972,3.02110553326522,0.758225728167668,3.12899615013204,4.46864029331357,1.01814825883272,7.7336898079467,4.70542657511608,3.47899110462301,1.36564023785018,4.75773015401698,5.26616165745674,0.461827108787887,3.65701830954308,2.08245318783049,39.6318772162047,1.51010961852233,2.38709772886386,1.46070745685163,1.41439249683422,3.05356418276927,3.1729865307731,0.310013911240027,4.27932672371993,6.12263465357811,2.41465836338198,0.929251706370496,1.46931688776375,0.721503041726847,2.54301636512205,2.72411012542372,9.11681755803784,2.37691310987655,2.54615096682914,3.81452362145748,2.5552835234244,2.01577733965101,2.98677517278006,5.79875834867144,0.353811119749074,2.66417464736504,2.10572629214758,3,10,3
"2005",1.68520351176392,3.80610862707083,2.40707095919847,2.52536945194601,5.95364065898819,6.31257807252702,1.59096187324614,1.66697595072178,1.60620290230736,5.63748062243352,0.984965362524619,4.00067724943047,1.74029351071456,6.37209693663591,8.5484992964712,2.61610978582035,2.19652664387896,1.93151332545504,13.304527294585,5.30856000485613,1.57986917107144,3.69280699265824,0.174564252142548,6.37291572015301,2.0826987491512,5.22824641352391,1.11814273839768,0.924762991526055,0.833425531337334,1.99672330936245,0.82859454900698,3.5332470778563,3.20100838089418,13.6193283024774,1.87567467974775,4.46009626041795,3.04402310491092,1.43909825943221,1.85473627523889,2.60269011143756,2.81047775983308,2.01373744698204,4.05149583321128,3.47545736112716,5.49177813175266,3.32465666039411,39.7091207362203,0.313602556737174,2.83979612652404,10.4626847463,3,10,3
"2006",1.99536807336813,1.27352439795415,2.10124564263071,1.46370595456079,3.3986181320731,4.59768191765364,3.43919567535525,2.50871209517031,1.06081976662804,36.1300478384943,2.41371853501541,3.77494799980087,1.34565566809331,2.41165399636883,5.68726514290144,8.42468876772386,1.6574640163094,0.452177793902174,6.85737425030682,2.26484039013007,0.81470216694264,6.61655324182347,2.15929409340626,2.28459540394056,4.47570761100757,3.09267567429013,1.42564819529999,1.83719751381493,1.85156434046468,5.10618204241802,1.2346366053594,2.76116319759079,8.739599481489,2.86087604842382,2.02358950915083,1.733554342853,2.98081276152118,0.74345142185794,3.09084336773903,4.3693317281287,2.8751190557527,2.70243521225842,5.38552366582549,6.57004140938337,7.3041042138403,1.41868477541744,28.6997093107845,2.31474731894381,2.25737840528842,12.8520465747623,3,10,3
"2007",4.25096252950724,2.01462341449977,6.53574343289248,2.32085125256824,10.7085752502198,1.93729157234184,4.30734014574275,3.17104400521659,1.52919983664117,14.5430697629008,2.48923070840059,3.65570365402177,3.31262716482308,1.31428382972009,1.15131483956303,2.9522242769492,1.60073550826104,2.57558860664569,1.82828875070035,2.59314783060148,2.39497013591661,1.48851100226306,1.1604501063765,3.1894498368827,2.72326061510342,1.17136137684398,2.71171375475965,1.65914152776497,0.694286379610348,2.67421342277759,1.4731931189391,4.96801087708823,1.88316858250936,5.96230559957489,0.876269532605206,1.50742853909091,0.247169196413684,4.33098786545605,0.683784545997629,3.85745600328259,0.968052920934705,2.02511746173541,3.21752131727801,3.19940150779097,5.3070781866571,3.64988541747342,6.0846432948812,1.49601070794307,3.18573677610728,2.19414300202858,3,10,3
"2008",4.65695757492616,2.2829618769313,1.45655830309089,0.801046581275628,2.09082548015398,5.66622486419807,1.08339783400687,4.64802412590643,1.09379565298446,4.64110953815441,5.48778489106234,17.5280870324163,5.15023232418136,6.03451486379613,4.04417751169711,3.40734279008098,0.767868837050001,0.178895342179569,1.84181543159111,3.73667589530312,1.47313826544197,3.08335853794483,1.11825461982628,3.74757131994039,3.48957681880108,3.78448169636406,0.932335455178145,1.73943812942452,1.32157487437961,4.20437592388348,0.775098169083009,9.74654817227474,2.71334184083277,8.90376036617987,2.18931997706876,1.58601179520789,2.44454481334004,1.10339240944574,1.18121848628915,0.908786763179036,1.73970771989478,2.94024130227212,3.2576652658815,5.45760160593109,3.59848407734606,0.988098922576198,3.82110326633872,0.413564131666699,2.41787799460409,3.14494310043147,3,10,3
"2009",1.33080916264367,3.97008594370957,7.01835346163741,1.62409118604679,2.91986348916311,4.02654601122725,1.69463222151113,1.52385143681225,1.60929713615477,2.8278553650284,1.04487698079025,6.33429736634063,1.86114540275183,0.791664847218866,6.17830872438278,9.43268687552701,1.08621433577602,0.403239522174915,2.51536380183646,26.1454245486066,1.77221866070415,3.32151091723622,1.18763515086409,2.94470471692204,0.856862227217506,4.05484009665717,1.77032309704828,1.37755498218329,0.681093098168818,4.28787010842113,2.83582486043869,2.98096588972549,5.11731188630277,8.35688075044743,2.02145274710187,4.19190971996036,7.60360848146659,3.90701113090798,0.138681550918208,2.4217708839351,16.9037338880696,5.19063981534509,5.25414944431164,2.27267972356481,2.14703155729049,2.08880602023216,6.82516195169567,0.490575189003548,2.74769020783804,2.24295064761216,3,10,3
"2010",0.836934626953152,1.84489162354306,4.28481836202636,1.47792037439024,2.73820988518813,3.27306113007692,9.01669515572778,3.76951546597302,1.15811397433644,0.957913063665311,0.712090545454101,5.69590714991479,4.80972534153462,0.935936946013937,1.86257394118097,1.72000629394808,0.632496830290175,1.01994309389383,2.95170722986387,7.13898244245864,3.20145618517308,2.78519974497589,1.74267349922641,1.42269173996589,3.17787032893263,3.23177720750722,2.53411246683126,1.55199136188707,1.69403534946951,1.55027834426971,1.22062964952836,5.4262523328273,4.20526257712486,3.97085520883565,1.72502862370315,0.769402390320468,2.25979000222241,1.32174440711574,3.72798289261863,1.45655250162785,1.88242236032974,2.99901708716935,1.73405916232138,3.86920943529369,5.24601295216788,0.875908558833956,4.56006185755315,1.80138570110712,2.6018823811313,5.85138694143993,3,10,3
"2011",1.30945274158038,0.607814045274771,2.78392139761186,1.60253980515756,2.34827514847292,2.7489657727572,8.52344934688269,1.20721001835061,1.85662849289579,8.3902697350661,2.08485551273645,5.5771595931192,1.25975431005539,2.30650166526394,2.47865795658794,3.58710340321217,2.28346897796158,0.708647819643107,1.92581034607736,4.75802368294669,3.4267255290252,4.90718743658011,2.33864286424548,3.21194814992938,6.43544796116141,2.57336162468811,2.42950149400088,2.6671515571124,1.63054251240869,4.5433386435381,0.840355960748732,10.7766611318707,4.69406992254255,2.84106253117179,1.70628430516798,3.49453068869256,4.00291891810276,0.402287650691289,1.68934775172667,1.06501940528624,4.06699302702939,7.08921697737436,8.75061610703024,1.48862586895466,2.00312305709041,1.7528100642168,8.52728209250158,1.39509260812682,0.616269651645723,2.27103042391081,3,10,3
"2012",7.96195296218004,2.58962443373109,3.64436732352924,2.70037216569483,5.27651798307348,1.67817296813616,2.46215888617408,5.02298361450882,2.22744684273173,4.51624450962182,1.40471454605163,4.25438073243785,1.3216442029206,1.31896958331517,6.87295300478702,20.2081147527868,2.75833743291683,1.4943479531959,3.65177189126916,4.5679562894905,1.23507657014136,2.77689449019228,1.09250581166204,3.50963634750676,2.53599082283846,2.69731318695798,2.63007621870686,3.69127973138783,2.30658855545123,4.24964168513423,1.38658760110339,2.00398552507619,1.8698634932146,3.87680939458335,2.35927935864737,3.34561141310752,1.24097265094654,4.14146414895366,1.66858115258032,5.80526064695559,4.58624967550363,3.10478753743429,3.48266395202249,6.44889542715481,4.60435448281166,3.94000925189233,5.85197078940867,0.458167715444764,3.22141176664412,3.05525326602236,3,10,3
"2013",2.30997589278119,3.409573373804,2.26463963879146,1.09303281906605,3.44604849426319,2.31194379084214,3.04014042160721,4.90022052198738,1.51676103353851,5.9278004374495,3.24741108997352,1.56202103583125,3.2617367834536,0.721977361072587,1.64706782097715,2.97156182492212,1.58794061600212,1.36470762391765,8.24931117039434,2.95686880011976,3.22617654879808,5.16488616820183,3.00825649444848,5.98436211184715,2.39072908552951,3.74132805100371,1.75406899615888,2.38971553480474,0.518584346658802,3.889538702166,0.920262131138071,3.53934318670545,5.73955782806358,6.37942666825535,1.92108199045694,2.70960816695437,3.76614241755861,4.07235670328931,1.22506914573418,1.74489621670639,1.26444947196886,1.99435263623647,4.88524426278424,3.37612851084607,3.5091404298959,0.983000006665507,3.24268517180241,0.624634293581165,1.3612389589951,4.85218245988148,3,10,3
"2014",0.393036450910531,1.18127171892776,3.78162968770594,2.14535075944312,4.57613887455779,3.00480536419669,5.51083718673522,3.88406808623049,0.578664488400096,4.78475644449477,3.33645129111562,3.84686991806,4.05103574908936,1.06203824432874,1.78148399611826,5.80398429264365,1.46340843361158,2.08664681459533,1.60178652114257,6.42710274474062,0.979870512425263,4.00523578770428,1.68451032147902,2.85995106912714,3.58063741569934,5.17408929972264,0.480534064095538,3.85046372662947,2.03457725592322,3.41682905342237,1.15857556024978,1.22149787907003,2.25972586104905,6.37457267823503,2.08271048138044,1.2062596479712,0.688503795106209,0.296438745260138,0.477955203384746,1.20490533973547,2.42259502269906,1.72637156497786,2.76389391437091,13.7295369459052,3.73403514801183,2.68545368923272,3.0963798949906,0.941832588522666,4.52422835861564,3.35151293796792,3,10,3
"2015",0.585892413953314,2.38421774400394,2.56319974809029,4.43850786174529,2.67652068397311,4.69124503531792,1.1963605496599,3.46959382837093,2.15535898914188,6.69047028553785,2.13227700851478,1.83829718037443,0.566049733169806,3.65385884208086,3.25602904790267,1.76083278086552,1.38015964841199,1.21805644475922,4.28379996572047,3.83336104269806,2.05717356319857,2.12666190836661,1.10553806482614,3.44411600629245,0.992393072220923,2.79038447793417,1.17761730340496,2.22261034914318,0.607394797624248,3.24506396921293,2.42395609645562,2.57949163544402,4.74550583780073,2.21462871745285,0.924112872188851,3.90673968438077,2.6289597398306,4.29413176494538,3.32647448109439,0.473192662567142,0.519709656215631,7.01993526747739,3.51961788012552,7.88930168720289,5.06637073409501,1.74662737032589,6.75435937371771,0.737752667268785,3.08302376115768,5.55987380377331,3,10,3
"2016",2.36327489866862,2.96274088249471,2.76326389087187,2.37463693348689,2.96883246736487,3.32501531386469,4.44937966396162,1.99290555031744,1.86402360704296,7.44066004939252,1.28392262680399,6.9844258174959,4.92251565602242,1.8858415616035,3.74432885091669,3.2998624657299,3.63929691383008,0.230477099826253,2.46788562492262,2.29993119709129,2.93483201428631,2.87676764278977,0.626601868467997,8.15808047112131,3.61327608786948,1.83419159938358,0.392931847843709,2.16326143950576,1.2264470523399,5.50033943561837,0.349542844019516,6.58368778493389,3.73755484582868,12.0985300263145,1.02999988792724,2.9574656269802,4.00612042617321,4.39974796127487,1.17444864253664,1.03050847782751,2.14354540551798,3.43289791008919,4.73962966223721,1.73031368858522,10.8779881998383,3.54147138039048,3.74109222631515,1.29287214967728,3.18808665350917,3.66269006012513,3,10,3
"2017",4.8731141876834,1.60993876421411,3.73369387194086,1.96949928709121,3.52806122881094,1.73339888892444,3.93482882400803,2.92401261207353,0.439131040702392,7.09842005594703,1.71267231117088,10.8263436294602,1.35342073355882,1.99671577057644,1.73307665748138,3.20702929793449,2.32170090683346,0.49810208278117,5.34807210879929,6.2475190573955,2.53721115140352,1.96538398657341,0.211480654082061,1.84375576135872,5.83020659731963,1.74041357519642,1.11190709542724,2.80509368035087,2.78432731195309,4.40869775457394,0.262951562103757,4.76840850727005,1.85727682487135,3.57527585969147,0.437287013518644,2.75113864276193,0.598185988229006,4.10818860244634,3.72949455475759,2.65705078785718,0.86342006689501,3.32687552114987,1.14964083854374,3.08598868673605,5.99229916868306,3.97329153748752,8.82969774386272,2.13041662536858,1.8983159739342,2.31002572694648,3,10,3
"2018",4.79211949782998,3.58344133764667,4.8351998582212,0.763055114795791,4.18048772056874,2.90023693808151,4.40937770331998,1.98658672240656,0.928449400645685,6.12163241996183,1.85772151148159,3.45782936332046,1.6969933749805,3.09778969070056,3.53352152794853,2.58292835542257,1.54912045812688,1.02255454569063,7.33048918639264,3.77698048669709,1.19851252935807,1.05832094113818,1.58273146739607,8.91913536247776,1.65137281079943,2.39845141331252,1.73565394582049,2.72839462999517,2.11846635914395,3.18661294868984,1.29121589642419,1.41474845246647,1.70015904684313,3.45227057093593,1.79060060032526,7.05818422033153,1.39094770525772,5.62985628839531,2.61321819471552,1.77408618038812,0.804443438378015,2.7393647347842,5.48961754842523,2.76905932901309,2.08582710557257,3.43289785885101,5.51993328037477,0.908345305301907,1.82183719094809,24.0345864915937,3,10,3
"2019",1.05963166993228,2.84677659584229,3.03730150971374,2.17726552938836,2.45605491338239,1.44853840557122,2.71127978076367,1.25501386772013,1.26349777186491,7.67932434641505,3.5573013705833,28.1093652288016,3.80577033563525,0.23670327064061,3.59684213846981,4.87835260165724,1.11512714933071,0.25619015442039,2.60352733142658,11.5392551316074,3.33385685671149,3.53126686688664,1.11290059083768,4.10455724385438,3.31221825514375,3.79215759287287,1.74821227548249,1.35117940689007,3.02948675408166,1.71621738690198,1.12034343002027,3.74614789560402,6.05684001301181,3.48236211827091,0.767130623799661,0.553482185824918,2.94537931875001,2.44792441649775,3.58704142478974,20.0123450552615,0.512086385584274,2.18852766118599,1.66841416895686,11.1537640537294,11.6575473246806,2.66366124796875,9.31319370758053,0.417811843593833,1.56666857256169,3.98968860608664,3,10,3
"2020",1.05513782765628,2.17710150359306,12.0617149042181,2.22535182663429,2.70579314889651,2.60734307535857,1.21313415336255,4.75929107124771,2.41056494204651,5.36126212761732,2.86021454507116,3.51353408251356,3.0437469226987,0.959596693589183,1.53215996515649,6.42614458729775,1.81523893494489,1.33352819256805,11.7796607955804,4.56292584232151,1.47613541982993,2.27762487678247,0.494766358022511,1.42926514749064,2.69535218335976,6.11927260906708,1.11306622856686,3.8615716400108,0.444003528756819,6.89703127180228,0.668573626909206,3.06026691657594,1.6290667340888,2.95173630319304,1.25633743125218,2.95723662680457,1.55552204669888,3.06719681061116,1.12402007409711,14.4556289088406,1.14294260518811,3.25611619138537,2.45463646808169,2.15092846030891,6.75071511180519,1.28979763777957,2.52673640047083,2.49717306867428,2.82691949297739,4.58097650912216,3,10,3
"2021",1.42972924068065,2.65763876193624,2.81450148899806,2.05734931172653,3.02611597155037,2.5990949942586,3.06032279892696,2.51161131322754,2.14921399754343,21.6800359811552,0.789709021033358,7.18727880666381,2.55209666533961,2.13314824213423,3.83544889140457,3.53316824140029,2.32106494335508,1.32188292758988,2.78861013695641,3.36887977615475,2.27972346006483,4.48737324075086,0.139339431691707,3.51132285775253,2.1893800186599,4.29018568124978,0.34712286302337,3.59676876657204,1.27001062570335,7.45269566985787,1.20919430731829,2.82165276786082,6.45837217937183,6.52263624379494,1.72149615452896,3.69364255320407,5.57767790940867,3.84866947889277,0.686851498993449,4.52179785986383,2.24922482970919,2.2429546052446,5.34877786759603,12.6624468030517,3.76938682819821,2.38084564995102,4.1377063704097,0.563315663355802,1.98590450323337,3.45022631735468,3,10,3
"2022",0.765280046906165,2.38644529813998,2.28851882874305,1.46614106816657,3.2305979501711,3.6543252520764,0.675948781479575,5.22934526591016,1.74351404688266,4.05444710339991,0.856586485390035,3.00755034639583,2.34306190458151,2.24370519501764,2.39250837357986,7.8005726191066,2.15200376194324,1.79530033883012,3.62703897749827,4.85944108969832,1.55868124445671,3.70353997829779,0.406154110599372,2.27979383156529,3.80304617348744,2.63470685962652,1.36522868770368,3.15887758968609,0.645281810227567,1.77079144134869,0.217651021503018,4.48374596203878,0.659974386404784,20.9391897071803,2.65553934840893,3.7797762602845,2.71335685373771,3.68989151425138,1.01756022883604,1.02901024582402,6.23578332470816,3.40970897712702,2.02081867277699,3.1448539709034,2.55623895370403,2.18990873672912,2.71657665540505,2.18506747398174,4.38617644967524,2.39066422712578,3,10,3
"2023",1.2240826520048,1.90201270975379,1.82491544831959,1.30782100310946,6.74630426299942,2.64042041057406,4.74508870293133,5.0482525846583,0.980629042775024,2.4679828041928,4.04277855955588,9.75124219688178,1.74919134050093,2.72031926372485,2.21786228577771,6.26211075995106,1.33510182841804,0.904349842689999,8.78093609766509,2.78530488962085,1.85856919328912,2.59913125189151,0.466744979109743,4.23375807795741,1.4412669119724,1.77981898730266,0.916814386597533,5.06278687508498,0.592872102280276,4.11151626576581,2.19426260230274,4.26941003765555,5.92219088617744,14.9488071365403,2.73025796672692,2.27577469486114,0.658356405416808,3.56631495057652,0.266041620271465,1.68172948571435,1.99939491665236,2.51886303347224,3.379204495372,5.58853032681376,7.98828590621042,2.43133347918955,20.3278687300161,0.435096111428215,1.49434231542464,0.85199966207543,3,10,3
"2024",3.04129251610856,1.32812569674088,3.91994091430453,1.0009894837842,1.28906170772001,1.91251034425381,2.71594250781804,4.26197592663765,2.09850979815668,6.39541790908114,1.61294294250074,4.47779585507661,3.6931767404868,3.97386881006542,1.2529400893967,5.66093466136036,1.26392948470877,0.992012193690719,2.38175784826143,2.74992160011548,1.84994134552416,1.84296677674382,1.10926091720265,3.82398982903565,1.62916392902658,2.12105323884091,1.81621117344023,2.36164813075413,1.69698746349073,4.47085766075409,2.61669602938096,1.77497729770828,1.36630863935559,5.05097145217812,1.48096957769198,2.63332567938895,1.07565341839216,4.15228877334516,3.52086578242952,0.798226483978867,0.754547960908661,3.98715672201282,3.6247867714598,3.04897082918426,2.56039180525498,1.46061090716006,11.3957578524156,2.27301087571384,1.71645520863664,3.1457430458248,3,10,3
"2025",2.94967681612662,1.16654871211139,6.31379778506755,1.55016675884832,2.52332622619219,3.57839168078795,2.92278629910477,0.750736545009769,1.83990343415792,1.62753805284026,2.8474578694182,8.38116898619658,3.4025921111895,2.97540054974003,3.39690586702635,8.08473257576477,2.95087466164519,1.34527749254569,2.13880479575245,10.1072250308787,2.31509646793948,4.27979604946104,1.2056225705635,2.76476585963787,2.96728975558589,4.15701571899896,1.47754232535311,2.43707090433221,1.76152465278163,7.06915752471801,1.41325702882812,9.24728316308534,3.29676627988748,2.80865289992637,1.21274813142106,1.12590202440153,3.62743098464201,2.6859363495021,2.89007592131064,2.73624840999302,3.28224111584051,3.0244371459435,2.14963423583411,8.8008874917096,3.40747449074642,5.8430093678775,6.59377636050073,2.22877350137933,1.90151886949081,2.97700064396515,3,10,3
"2026",1.58937753681274,5.30946579638,1.43070619849827,1.32236754588171,2.49149700654411,2.3189775667422,5.88807799880642,0.519341594473727,1.53774057554392,22.119719199461,0.570027943456128,7.63701238504294,1.71194935022935,1.42636847836051,6.77026934833358,4.00834732129429,1.63176272826314,1.52964921429519,1.90423482173602,8.3931353080316,1.32009013865948,3.07519686024511,0.168154393469781,4.84126287232001,2.07286199104663,2.31367436713058,1.32195584735602,0.783047299958613,1.05804705060144,20.3915471886296,2.41986940275979,2.61507781889016,2.29617635830273,4.34112868802789,1.07131081285053,3.03106232182642,0.278232618217612,5.01952433072269,2.32798864750278,1.66949701414868,1.72780478124863,2.53998436819225,2.45918087242135,3.43580760268498,2.05335906402601,2.18632769210313,3.87620879818741,1.85501532580644,2.24768820518129,2.48524140764841,3,10,3
"2027",4.35417947082085,2.46806923917608,2.83916477659351,1.90347957558614,9.92844706732622,2.43337733088228,5.57350408167076,9.13258458749199,4.44952312111477,1.88615458578613,6.05823010211824,12.37408219244,0.323162267830074,5.2218878302833,3.53905508177018,8.24409267614486,1.31164353921116,1.35151272236424,3.54415263726212,13.7707295863666,1.95882964095714,4.28690638529823,0.504572855424277,1.72289460399449,2.46154871046525,6.26559832705562,0.294252249729675,2.9968897005177,2.14097562443338,8.31165641598339,0.814108335654504,5.373147604736,7.27839091825671,5.93190224027016,0.625696234490246,2.15462381012282,1.17972115653436,6.17716888263401,0.11181917709669,10.3592917179068,1.89521587914162,1.49587803794543,5.912896339392,3.0054980903169,2.53722400093808,3.31989248337001,5.6149014028012,1.39061840164014,2.06891030708364,2.66137046059324,3,10,3
"2028",2.19113329151745,2.81041163232417,0.562903729308946,2.31428913897833,1.56719287245851,3.03342953420863,4.68377581697422,1.90247939177174,2.19364511665937,12.070636658117,1.57737255153912,3.92408149879608,2.72717119534257,3.23773478189308,5.78479287652136,9.06099874256702,1.46681836035297,1.11872536657053,9.45300904108957,5.59813408665289,2.13347292188123,3.67251410515308,1.32802691998631,2.54021576107636,3.57440367750337,2.73464223156896,0.926580928614129,0.759263545002838,1.7697016604034,6.08576217362109,2.21127962328185,2.1658361768264,5.03064855573651,4.23161131343876,1.91580653111632,3.16337340529663,1.05304524133836,4.57771397280435,1.43324663842616,1.54906716942041,3.75077553859623,5.11605629373116,4.02826366515799,3.51231235916539,2.91879282368719,2.16065143544522,11.3391554342189,1.65787923533508,1.82665214535784,2.68725093799588,3,10,3
"2029",2.5246619168122,1.03874560207022,3.33541944805916,3.11376384724456,12.9320172931929,3.48980557236619,9.50079673485964,1.0353656090839,0.521634894333969,2.45254248716146,1.6014545597688,4.19759086767453,3.33410337615228,1.82481906718239,3.46200175524211,5.95276660474955,2.24648088802476,2.15008358017756,2.24534406301685,9.26077725032514,0.878194920966546,1.86806332590545,2.0439495775549,1.80874101063052,4.73458494451394,2.2069841298796,2.0302007804255,1.64400177992456,0.962088765391118,2.56590395927207,1.59286417348944,4.26847756160092,10.0831305014698,6.8300180975251,3.49563740890997,0.961471766074964,3.89195407967313,1.51529564616679,3.24035443389902,1.10788323509989,0.739252116746429,4.55316273709157,7.22788411227735,6.0091142655209,5.31523963844318,3.17715809863874,3.20997913290138,1.98387943160751,0.73948748340425,1.21410737587177,3,10,3
"2030",0.970866481068534,3.2808959626692,1.18116663293388,1.90675350274704,4.65465436311043,2.8235522165699,9.20885417087955,1.61652947355634,0.667447623944498,3.28502883055529,1.37688800511307,8.41609701033956,0.70401128174209,2.92788098783082,2.8805149456131,3.56433804969562,2.49318874380484,1.09211793106131,9.1362523470793,15.1767465331747,1.83793072645009,2.0668132849991,1.02415321427366,1.26245815342029,0.694239692604647,1.38939630605475,1.35328535433576,2.97921208745515,0.439480638516494,8.01777915586165,0.457327005029509,1.98752059806351,5.0359178888706,9.06504504120787,1.66157872367266,1.82461645603269,3.43020219869025,4.09175410492134,0.802444783570701,0.515864027476006,4.60613776475407,4.34519533793694,4.04224159547238,9.61052479947386,2.0640500184226,1.88533610974019,4.86224014563907,1.22863259876801,2.55327051391606,5.15041463936295,3,10,3
"2031",7.44080134544354,5.02665398356103,3.43229836892279,1.61214498893957,3.19379690028185,15.0931696390809,3.08515049340004,2.02741180556934,1.61864663462382,2.74337640395166,6.22607219999903,2.84520944468104,7.49651439753892,2.24617089914046,3.57117975429377,2.58650886117095,2.21702845784268,0.587949662955341,2.71243998833753,4.44116389687257,0.484258017207159,3.16066833675591,2.60935686909847,2.78995149240555,2.53321094219384,2.70389243862656,1.45642620593007,1.76789663598908,1.57011266652455,1.79292706319767,1.59712639548911,6.73759730625617,13.6003398165246,2.80858678078796,2.24724425103327,0.298778144569881,3.19095646232787,1.54408302939447,0.546529244642572,1.12753784541112,2.19182587935055,4.05098076515939,2.54927315054028,3.46676741804524,3.2337235686491,3.03585634424351,4.03932957674634,0.75295658394827,1.60642951354888,16.7500925247068,3,10,3
"2032",0.915582480074736,1.82844159227989,1.17659145359261,1.83104406204012,5.76361413813666,2.08347402595275,4.75729837781354,3.15477057534913,2.29729049857196,2.09599036900595,2.07247195631486,7.72508985625768,3.25579204784129,5.92990841165617,1.14593655422708,2.32817601420736,2.46038144365705,1.22141936272103,4.48637086404177,8.14422326962734,1.61470868711605,3.90882665871032,1.06996186169284,3.19238482141726,3.23399680154207,3.43159235693653,0.892668087012673,1.60379144221574,0.805042416400452,5.30882381307851,1.0959611534642,2.46540245657489,4.64839134424944,4.09117750796933,2.07275740057944,1.48491411203709,4.45512286212557,2.13681337289862,0.625410786684177,1.21639133379905,1.9882083434755,2.11069132956618,3.77322406070003,3.57893091517904,11.2377121801317,1.60222285256837,5.10104783039222,0.827658161994796,2.2729789406724,1.97992819382513,3,10,3
"2033",0.914838010356854,1.77804240842568,3.21772014384872,1.56371615350489,4.56787668564932,1.92261530669938,4.61178053367628,1.3683424010988,1.97454103557959,10.5130685240578,1.1914082419706,8.21840814688798,0.796603235017107,1.7936467311042,2.77992850955295,6.24904065344281,1.77165988563874,1.11816038713989,1.58541886425741,4.3510920403678,1.96231188284085,4.50360384284921,0.766239809621188,3.49840794192423,2.2301474252351,4.80150782436662,1.05661061552052,1.85223375475823,1.54377310142603,2.21314613526646,1.50369408971756,0.645589971692205,3.76968790815814,6.15014828930297,2.41239782588347,3.4038695615313,2.74992694454658,2.01190710154046,2.7134574179599,2.67047700267469,1.13906312169031,2.84861367051182,4.0542200671389,8.15312093896661,3.64778190454138,3.87286221509653,3.65757369040556,1.15161764499735,1.71267571647476,5.40985011006711,3,10,3
"2034",2.28210195891538,2.26947512284105,1.63715600862215,3.16962789303165,1.57387640243356,2.63698915867524,2.21282704794824,4.66829232180948,0.929007639846915,6.72877708430098,10.3714207187619,2.05730762928028,3.54858723266123,3.17870667222204,2.33646601573025,2.21140716153906,2.09632884220723,0.769796409694091,3.10687148758463,2.29563710734715,1.08961618459733,4.81549929943267,0.959048559560986,4.92887944507067,3.67967638764069,4.74614446533366,2.20540132875041,1.80538817213485,2.4818060586607,2.89740043381192,0.361161349798395,2.81523576047692,4.76674561045691,2.29920665552515,1.47017874398363,0.155531665984626,1.87852799352367,4.23094049804161,2.27918352353666,1.60697647786744,1.41344613954921,2.48389703235005,1.77041311071944,6.53040701665696,5.68114735980764,3.57346530108056,7.64721550055632,0.149297543428957,2.39299882459514,6.08632402351489,3,10,3
"2035",0.999569699052255,1.86794648006728,2.09703367832303,1.43677531307198,1.38551799156041,2.76510314649453,4.05669577315592,3.2993353047964,2.7691158703366,3.83201202787553,2.18643595943812,7.4135671284032,4.31573429293372,2.88391888999675,3.50331476304263,11.6266126735501,2.95833735170552,2.21062082410191,5.52644635296313,2.46536964127906,0.981082994968126,1.95012692575195,1.71698098549153,2.32935047964257,2.07078953271521,2.55780900231608,0.976175381318212,2.97390150813534,1.81946964449885,1.76727151911034,0.359376836301722,2.49821477678192,4.98242926509663,4.07351938904198,2.07536383593835,4.70480171280589,4.61366057796652,4.33332836995897,0.651426814147755,5.89355908040097,0.559301152853184,3.20832271465495,2.52183806875489,12.9754442072932,9.76895570646984,3.2559868672302,4.06175108794727,0.514246594133181,2.72315546512994,18.056152876716,3,10,3
"2036",1.69209908472469,1.27762711834902,2.37185526173858,0.895079346444308,3.69215433001324,2.89722224319799,5.23392873428443,3.45967097943477,2.38133754111669,8.76665139606196,1.6892042243862,16.3551183229823,3.52793129016908,3.02469320253797,2.86143667483416,2.12099700520452,0.608544258216398,1.99759129235658,2.77919562749095,4.7439871232316,1.50625544791064,1.34014144079574,2.30055853435064,3.90444870137265,2.46344923369299,1.1718711389413,1.4016557791878,1.88397661767448,2.83499664123494,2.78714477753263,3.0275059073678,1.78896692673676,13.0888159547223,3.85212807814248,2.17365809908395,0.565655723233184,2.56822432719011,0.518918735835055,1.71783731994488,0.992316826325513,0.926594879106731,3.22358078460047,5.11718060069774,3.57957390112685,3.15718571524381,1.47274076206128,17.6988027528902,0.410547259420667,3.21076146660829,1.32018380301714,3,10,3
"2037",2.06435249823682,0.816691927564225,2.98964951159799,2.04503038864725,2.4747555154857,0.807364357571676,5.08912320862786,2.80024592283762,0.965297394332828,13.3625314228723,2.95559044942111,3.70387189713108,2.43982614545154,0.997811563062164,3.77488205045026,4.44888250518196,2.40511914609541,1.42492643727479,2.64873851257504,4.69067288157009,1.87258475873733,2.10607235604645,1.17159006636374,3.65497721298523,1.50008078789132,3.07395746466879,1.71387388095455,1.88686352826206,1.01446751245512,4.75026391429393,2.36641443081557,7.92058444218492,5.04159896135056,6.95693990427027,0.632390186106963,0.789828171591599,1.3995755711651,3.90601951318563,1.11616855490787,4.00942394017283,2.63518367396371,2.60705381437309,2.8057371837613,6.30898846164424,3.43294397477477,1.1198296769529,4.7407564875247,0.969873943748501,0.807671604116251,7.24603645601603,3,10,3
"2038",8.92349297923459,2.71777016623506,2.68176495959277,0.814774775214735,6.84715673126423,3.51240160055556,6.17198265491643,3.61719063595603,2.81325106624697,18.155280751176,1.05360505304645,5.4040538286468,2.66452095778806,1.76541740694494,5.78873701572151,4.24174032368384,1.52637264515284,1.44361047612542,3.09625948915806,5.00732881212788,2.1635862996238,3.34120474825938,0.7591735156024,3.18131678968378,3.53493935775102,2.3482066260798,1.74159412530951,3.91598039463609,4.82810145862355,5.09133844560356,0.247067782435842,2.26798487714378,1.64449133007682,1.13581859959784,1.23603514369503,2.55798279252594,0.773569442064248,4.15140128012218,0.855431373704549,1.62269308765203,4.69120272824474,8.44700111438315,2.59371742307203,3.02780275760455,2.18351961413947,2.24927700188007,11.1794192240707,0.368014546845646,1.98587666587556,1.52273324028922,3,10,3
"2039",0.877378354367209,3.54452510107313,3.09298128442548,0.996946139287211,4.20257323562441,1.41963523465031,2.57250692665209,4.38347437110545,3.30531511865471,2.88212531984271,2.54063750707721,7.62907244069478,0.909655894108625,1.57021204297873,6.79295942224955,4.63014607075386,0.95637744520713,0.451109997235523,2.19510334698763,4.15160538661995,2.07309353752191,3.06898429926434,0.448108053978439,1.44592913992308,2.08521963746317,3.18910423759292,1.78153306389251,1.90582821976035,1.32561457004773,4.98384283442289,3.88441521280108,3.71354920399747,0.890681813339814,3.85912919879046,2.1747238365074,1.73120631568278,1.15600453962071,2.99820721786932,2.20630142818951,1.29062262094207,0.982350425887964,1.70100517262519,2.1910569438784,3.04056171666291,2.28132557474373,4.14886686627022,1.52205013342834,0.835531490419601,3.70295671873624,15.3639451306112,3,10,3
"2040",0.831315862703281,1.99285678776043,1.54028563969116,1.77110132018679,3.5440082554794,8.08116324574408,9.24621758985364,2.33899867884083,2.20123466848235,8.65422138066704,2.78632535291303,4.88165116617833,0.870378421698647,1.83388782326193,1.64567778720425,3.636769484176,0.627849159858665,1.59413154362177,5.24934776793804,19.9132380822407,1.04414525841035,1.45172995276502,1.22743537270476,2.68325216512184,3.70256591398841,3.87610622674159,1.75787847760135,1.77592519898442,0.802101460243395,2.21672813939127,0.954476649124998,1.70755755315584,3.87896521696028,4.56482960240243,1.60795908287139,0.773673818993376,0.510555614413888,3.03388469045117,0.169621571100867,4.73880966379248,5.41738621599653,1.82513289145697,3.11375110044863,3.76253558155784,4.55764254953459,3.54951287945146,1.92075085672957,0.698508694172076,3.47680832249561,2.75886399412952,3,10,3
"2041",2.66957287363359,1.49786634675434,1.79320806279623,1.71626696668772,6.83985614331814,15.1303665638644,5.74129720141554,3.78494497898874,1.5043856288152,9.58496858904239,1.99366419223047,7.96075531183554,3.3106560671992,3.56486825817589,3.3566021065227,6.23422459981224,2.60257562900013,2.37912254554331,1.83986422269762,4.51113322369621,2.17237977623796,2.09372790089261,0.114895813882006,3.8012861553527,1.12049638983098,2.35981241151033,1.99288398459702,2.07156406899659,2.70027867130141,4.57779434751085,1.91242389534294,5.99041125017041,4.68085372647659,5.69570707706124,1.76183033570491,3.22158986350389,2.5578697137158,4.15885653192427,2.62368539603393,2.56982124110569,1.73061760508291,3.52672875360718,2.42842513385487,3.62245046817865,10.1317543669433,3.11052696250164,1.32526625807191,2.72699838668051,0.475509005468683,6.30308921219814,3,10,3
"2042",0.786414468931641,1.7352517249502,2.94419851028057,1.64903244812697,2.30727739433606,11.4060813811967,7.5501512669909,2.21772434629427,1.94194528291008,4.36261847840015,4.29649095426769,6.06041376709811,1.85303892503009,3.94936178619767,4.6608168938023,8.48043236320329,1.19272040188684,1.42313425537869,3.12049327870805,10.028201496892,1.51714951226398,5.82289728545862,0.475044607495699,8.17981567480177,0.869651992367794,2.95206558191197,1.47385541524295,2.78470584544904,1.68677109693909,2.89514810452019,0.449183388902536,4.32552402527855,4.77390776226412,3.4962609651605,2.95873937415187,0.546032072663145,4.541847424775,1.7403918561322,1.31986306803411,6.55453115177698,1.33054841780885,1.90099377833988,3.56599846386372,1.31247487726092,1.97078202017499,1.64498597528709,40.4357059860518,2.0159312761853,3.29345961642794,2.5543625247148,3,10,3
"2043",1.74522984696498,2.19771571265277,2.54366492392955,1.84249108586132,1.87189842083674,1.91839028068659,3.73352633577724,1.7487974341646,1.29372717326807,11.2982768051035,10.2000053185728,6.28944136649622,4.01271723127622,1.98794443214701,2.53890112219687,12.8016773498667,3.19893225065928,4.6205516830076,1.83314273918561,3.1215428778624,1.80341475018563,4.14052148497933,2.09174783608188,10.3964559481795,3.08434195971089,2.83267860638862,1.90441649629162,1.62564383300154,1.72574046673721,3.91699052907428,0.193097002191535,6.48036768975409,1.02222045546659,2.68685292937027,3.34302355643484,0.748535219263423,0.606063560379064,3.18543765306143,0.982140797384935,1.43881592125403,1.60919769476508,3.5900479327573,3.34047601166465,2.04208968740765,0.89033602774328,1.07437131522495,10.9185960764562,1.53228049142148,1.86669849644146,4.02349690617749,3,10,3
"2044",0.690390519282021,3.02533020831419,1.87340013449557,1.83928641013138,3.3977888144556,1.56145099100965,11.5875917961284,0.670135658442315,1.94815039995532,10.9722007156298,3.78205461559563,5.68281527534554,3.21373067918951,2.14883683591521,1.91425019418797,2.74777242941314,0.801728165719501,2.3595126780455,3.77746616179076,2.867360638272,2.1513184229527,1.8787957117775,1.59706930557657,1.54985562910597,2.60213408370042,2.17763752964171,1.61406563575551,2.14246168388249,1.36331194829238,4.59846720278601,2.38919688558868,8.98735101561489,15.7393634597659,1.2855675049854,1.20264652595334,2.59540405915905,0.921291670022191,3.38494378358397,1.55519577785247,1.86524159395952,3.35376256200898,1.1844205712641,2.67312850677274,4.45013146958972,1.49692763052235,1.35969586953005,27.7065197943848,1.62287838481196,1.79848309550939,6.34752724624889,3,10,3
"2045",2.46547505572654,2.55059992896659,3.79017452735655,1.3819947676068,6.93285946478368,4.08775153430354,4.18263969073713,4.32386627521577,1.26129104312979,7.69539590770975,7.16794371435222,3.3913681783359,2.99618385008381,1.70252197213183,1.27475557385982,2.12632395698869,0.608847357801958,2.47828495546293,4.56327306600124,1.41232700204836,1.84310308236049,3.48769365410217,0.791615173076396,3.03445248863291,1.20394221798728,3.44005189511273,0.970991682151795,0.941236285475592,2.55737937440216,6.63105032948935,1.42182574114309,1.10765815949025,4.10509932899304,7.5764493590487,2.13469479386674,4.61154470850656,2.94090928909186,3.03991709513613,0.555356480421312,4.08622906731854,1.25709634333588,2.34543708144596,3.3972937801619,7.81771936789907,2.91145134484143,2.19706476521953,11.9033565649023,1.70026334720267,2.98469370273958,9.94814790912309,3,10,3
"2046",0.678677051502661,1.48630445465476,9.03789689912802,1.47871114008633,3.59934533168263,6.94106866243549,2.90174448632255,1.90896265843966,0.572917428798901,7.27046770887723,3.24435763975739,8.72235248805,2.12578937677013,0.460163370441772,5.66253242830453,4.29089416096714,3.23510080633378,2.33874952737902,1.37767154040091,7.51580374794103,3.05885647289889,3.59986134037555,0.609758646269644,1.90036997795549,0.79335401359822,3.51150143320639,2.80612722591818,2.18688570284717,3.83918867020441,4.92525760712696,1.95401057395653,2.31790343643447,4.4472934435798,3.92876443385451,2.03662667556215,0.883778063358651,0.362526209711682,3.43367581536922,2.55807111250729,2.95057673416698,2.74762007257571,1.82761654265518,2.53075204522614,1.85625605454474,3.22538169387225,1.23305054019428,4.43860480931592,0.471782574382065,1.19484439224304,5.74809607376018,3,10,3
"2047",6.15735810070248,0.847138653308549,1.83121865348581,2.19168798204163,2.7888233362715,16.110273971058,6.261328094248,2.3236290132255,1.29924179417909,10.9885312648057,1.10938090915181,4.66079379084563,2.96248592392447,1.95284873723929,1.96665347631101,5.05151922285707,2.14503887500165,1.72894032840628,6.46255601841967,2.66889656786839,1.35564142155008,4.35379854256337,3.05317163697277,2.02750281776368,1.45486746350704,1.94216021958755,2.16039376881019,1.6484961661415,2.39698165314024,3.0764846552664,1.1310067157421,2.47927102886053,1.73238978836446,7.15831268440073,1.17527498523489,0.965244996240243,3.17923821664305,4.82502003320232,1.4279429812179,4.58954599157209,1.62979695576518,3.33751150383188,4.24731108837023,5.00352147651286,3.49593390422796,9.69374846387685,2.98029720314264,0.590666504935279,0.631831128210365,3.68694948484489,3,10,3
"2048",1.44654465095172,1.81554972048393,6.10222410985579,2.72356054729524,2.73367607819178,1.38895017396465,2.32009205136528,1.51445337877445,1.53812530032337,15.498339625685,2.57553753693593,6.37645461657095,1.92208911977648,1.46893555275607,1.43792761804484,6.67804665944039,3.62365909389617,2.69399547909382,10.1543549842366,3.67807065944169,2.62887532993098,2.93487145622544,0.440644699586677,1.15799336155059,2.3334477900956,1.76186199847619,0.781198017229958,3.4993671788008,1.84575977780419,2.1986537827634,0.381185657613401,2.34642304924073,5.48406956121009,8.15750193633051,1.70841423920625,0.0733617115260208,4.93920719626357,3.38482788221156,1.58015460054778,5.83303916127132,1.90587725166677,3.19098545784209,3.81145704261897,5.32830871619621,2.1009707882599,5.28956936458632,13.6572815564889,1.08378213101974,0.818704355367463,4.38110274390798,3,10,3
"2049",1.90218830906611,1.86573482610973,2.06037821607271,3.58050424583702,3.03313199530667,1.21849104579374,3.94201885812943,1.95831809705852,1.42207083294817,18.9652043082039,6.13495066049374,6.36448211242093,2.38811871479433,2.89202324084347,4.08520904002603,4.87923401002917,1.39167287837215,0.872725220506934,4.43324870718618,4.03531840816254,1.66834084858949,1.89887997127065,0.585446747534194,4.62818746772475,6.38192856561784,5.41806098746133,2.27839862751722,2.59598770385509,1.60223695986028,3.40479717819554,0.356673935626023,1.92169030884542,4.53362731179261,1.92766319116076,1.48765582609892,2.9000282342742,2.74766817549227,4.22193740699031,0.306956058594255,1.00137777781037,2.98707991095614,4.8260629229471,5.14252901365992,3.92192732131152,12.1651966757942,2.08861397494376,6.04759140285964,2.58419646720381,1.732183778138,1.8081117177551,3,10,3
"2050",1.67296292901068,0.962259459291479,2.91183018394425,0.820445347411742,1.93126094329006,3.46376905038035,6.78165343189257,1.01526314630658,2.76434642833245,1.62483587182995,0.950236471381179,5.22882587522731,2.27986485200623,1.25242175828007,3.12959461857307,7.16239949417567,0.464005231002473,0.997367955325938,5.66058501361627,10.5196747454897,3.40614048167159,1.76071349736352,1.80651902756767,11.7636363730542,1.80416455957696,3.35607465270751,1.32215182517809,2.89610668042869,1.60578947749647,7.06840919059885,0.448879624971126,2.40464263387085,4.04478182526051,0.542741506583628,0.895294029779874,1.82338571882778,1.90913144974934,1.74225736932684,2.73996373674379,1.49329701122411,2.078894072491,2.54013694740014,1.97481168146387,1.39333247989536,1.96518013156265,1.03541151447272,2.46591937628805,0.592967521680095,2.2515079907903,2.67602893588817,3,10,3
"2051",4.08553238382259,2.42717050928016,7.89561964414298,1.37536216168018,6.37633830976035,2.18460541135563,6.80991108141513,3.14022281527449,1.95185062613797,14.6787001274949,1.79671516354476,5.79381063937835,0.620505832455089,3.10500216855201,1.97526873001085,2.00513213483891,1.69074100340573,0.627948998711049,10.9909256512846,9.18050375447111,2.69694509256677,3.2410735121886,0.819071352282106,5.76338375210974,2.09518556560314,2.3910016254553,4.0124665833194,2.00258986370987,6.4749332495106,5.23430964571725,1.57521619681113,7.31624159373602,4.99345601877051,4.94961987360901,1.04826087743717,0.769928906848413,0.738143538764649,2.00715285559135,1.02702246119672,1.39242011898786,2.4075830084582,3.22095627728682,4.06773355967152,3.23441836094134,2.7190593691316,2.00506994797542,8.88438352570659,0.28697716797353,1.3450183951433,5.18529685464825,3,10,3
"2052",3.00990008676422,1.04289333535697,2.55315880897144,2.33434900949212,4.13645815785523,4.21763130048225,2.68509612336637,2.32132456889694,1.14853957716619,1.49478129829268,4.79867407477655,5.10155632042732,3.18168585486487,1.65235645390616,2.46677883820972,6.02454562876594,0.811512231683033,5.15501849772111,6.68070951769758,3.80850714653338,2.24649897991903,7.15366521930304,0.459155370440893,2.15434806965532,2.29467436882393,3.22764393786031,1.59752234971429,1.76861462819842,0.678840267932574,1.91076716440117,0.476960162935851,1.94541054911036,4.67789901021936,8.69256870386998,1.29316707182995,2.55588861598263,1.70863667569616,0.524007330238257,2.5658510641772,2.20152981243583,2.08904357593417,2.24711687709094,6.52670371399995,19.2541946717542,2.69045617214726,2.03338632485977,6.13237715324527,0.773052991133577,2.40086117031249,1.284022021526,3,10,3
"2053",2.1915296133776,1.99231724167781,14.8700440962453,2.87925834983467,3.03913621346451,2.43226618845781,4.21942028713323,2.18351937765994,1.59211920521966,5.69836157924432,1.88688133464157,3.63070106038539,1.31766569559467,2.43799782924473,3.18662183818289,2.97638835053803,1.2197083062,4.88902303406057,13.6748724432395,3.95353617648436,2.02549905478219,1.63757788032278,0.865700791421848,4.0193680678245,4.62338725244287,1.62231813030471,2.48831358929517,2.34579005435594,3.19417667272143,18.9139577049672,1.24823947636086,3.27576151897948,2.54889880423581,4.20713337957815,2.076370163693,1.39826917668924,2.73185999889606,4.22283340752031,0.890818190884246,1.7840997084557,1.17882528215558,2.48841550279145,1.8755623044796,3.08708190645615,1.55548002070334,3.32188409264231,2.54052193147846,2.32515949263757,2.49175207812675,8.01298054462163,3,10,3
"2054",4.42038705233159,3.86985746373144,2.5399859136275,3.04987448837664,3.37166843786516,6.0749906297991,2.29551390115976,1.37287374910193,0.948834153111294,20.6989642739987,1.62645724059267,2.14715262896577,0.562960056040572,4.26077068383861,4.83661369225531,1.95414148889959,2.83534401051526,2.60004807958258,2.54578085303421,3.61774885501379,0.393016218028965,1.88630619260237,0.46741496694088,4.32037732490737,2.53962380031912,2.16524279244672,0.59345367738271,1.68021725262186,1.05681061590408,2.41844415387289,1.95372452600767,4.27190093245806,2.41402311541112,8.29028393265894,2.98623667392093,1.10861789926812,1.47846168791063,1.85410260370105,2.5626916283779,2.61357094797563,1.22206647436839,4.91111779493561,1.44520606322303,2.42568982143397,1.50597264109506,2.77219065326074,41.9963384398332,0.111253201426876,2.09498993044924,9.78217943448764,3,10,3
"2055",0.533556111966274,3.64350156847911,5.43810440270082,1.66498919018422,3.56014758475829,6.66342967660904,1.37483780226296,1.81684642193784,2.27002949166244,7.4537380770953,4.33881081318152,3.42963529979089,0.817247233460031,2.39383204378735,1.39356321662426,5.10687105487576,1.82971704657469,1.42363975978093,3.8864851933716,2.40875055275293,2.9614612345839,4.26687447498108,0.167670696425307,2.0292540380359,4.14061846825805,2.37257327574256,1.22403759822294,1.22242873024888,1.55335557724466,3.08404795410974,0.464267577039595,10.2303598072158,5.61083835326996,5.73623715237793,2.57879993135837,4.04261903864161,3.21965686008154,0.742681660214533,2.4149817372938,2.47322955783668,0.808536864925122,1.9741138793788,9.09015114028072,10.457630419404,3.23010092740997,20.1651920563051,32.3959571811477,0.253680358618994,2.36887618659565,9.50101978950075,3,10,3
"2056",4.76981328569142,5.7925010185513,1.87345303926559,2.88407840963287,6.54972548717334,3.05424641979037,3.76464807628172,1.93743527354287,1.13727160105884,8.50108440715381,2.79895998843179,8.72177621645585,2.89982472946022,2.46426445970324,2.93776090824211,10.7690742029294,1.99459778603827,2.33444148761212,3.54464609010652,3.43812663485933,0.984811630736321,3.75029492759866,1.61774802795144,17.1129152220088,3.8019198730162,3.0650178892482,0.943100621502669,3.2313035515629,1.4358191847415,4.13789856395365,1.20755288876585,2.8050274856944,11.7297348349662,3.0400705215,0.997591353236407,1.47344583439521,2.12205072962768,2.92356430974387,1.30142754644709,4.0669398773406,4.5051883580139,0.868975854058117,3.12372978745911,3.56106681888693,6.70885048658294,7.34136847520533,1.20888976010788,1.34999757988793,2.98276758693847,1.88821283752937,3,10,3
"2057",1.46751282023846,2.57888008793247,4.31677963422006,3.99000956635562,3.73069897660538,2.97957596390194,3.85807638504284,3.98668491130119,1.14861380120741,10.6276911969273,1.93805210971316,3.4881805185685,3.37800543012463,3.43592866594879,4.10793760295762,4.53967450464613,1.13289972024349,1.54782215500402,13.2448695936438,3.83749013690058,1.27706051120323,3.26528829056021,1.740329002757,2.50350620325422,2.28212168741043,3.86658711551982,0.21929922096994,3.1784656075376,3.96519811961354,3.77636094821114,0.793989521197092,3.2595526843996,5.59290286130395,3.56449285795961,2.49019538726745,9.25605279117098,4.87226872073061,3.00356853585403,2.11572174423991,1.18571804559732,3.8027019963391,1.9914879587397,3.22192626810115,4.13282573028644,3.5802047552869,1.95349587627892,3.38985687335793,1.18987374840751,1.8037390433929,2.83096247433897,3,10,3
"2058",1.2098765902944,1.82707783504638,6.165142792359,2.22844830905776,9.13598087527666,2.4854628058721,0.863391377068707,2.59333243702972,0.940674818971696,2.71272849982829,1.2334766765212,11.8450664349009,2.15943602000193,1.10912032770125,4.21394849888207,4.40020448952356,1.8002730154815,2.28388517729122,8.44001739369145,5.77094902172504,1.61967955742236,1.16212060290688,2.44833086161536,1.58742641421812,2.05801253307756,2.24386256511582,2.68099394105815,1.18984499528928,0.458005625471594,6.64258084316218,0.884112562607421,0.76266111150753,1.96338376964266,4.20583428374248,2.15360838941645,0.790131114375176,1.71320113893106,1.96707426978151,1.71374738798063,1.27336778650897,2.103084439107,2.17559931637841,6.45546097552557,5.68694567441189,2.91685674345577,1.18489007690567,16.141104058877,1.56225652617168,1.38405412308502,2.84813939978243,3,10,3
"2059",0.933841964586159,1.97175039291791,1.70106361935418,2.12955148133488,2.22601780123628,1.36062302948339,4.34120490961905,5.81073458283378,1.62040861526003,3.17586935393422,2.53578470217599,5.14762259673592,5.23204774294137,3.11317770935056,3.84018317190248,1.98375318238303,1.83696245754287,0.852713831431324,6.03350576868024,2.53275011097802,1.70434580717337,4.79288701222075,2.13325550198879,8.39372942902164,3.54566179805937,2.01466773646475,0.895769936366934,3.92636060937276,2.39692307418027,2.34461119478264,2.59366150951122,2.33191735543484,2.43495105058819,3.42712294841939,1.37172061430854,0.715799271577471,3.24746942820273,4.62664586200599,0.963691342340895,1.40687901752184,4.0609044124996,3.55161990946734,5.70875264587733,7.32721212173292,5.66741516909688,1.95910120116011,4.51836327988668,1.00138358278438,2.41309117645573,2.86356727947718,3,10,3
"2060",0.918819854291753,2.23452832465969,2.88135304713403,1.67397698068573,11.4036719379797,3.72170153628592,5.86806482118225,1.92082957901075,1.71182525441929,14.3393502018062,0.267797305578575,3.15304082534596,2.94722687595622,3.70256860778026,4.85005331168999,5.74753905087256,2.25914411579938,2.11038273549473,5.05383754989089,3.85624507083188,3.84789961902825,3.31692399679773,1.80904488369125,2.56607548954267,4.08526415899755,1.52991580802208,1.83757983569914,2.79495130888619,1.24194597256411,3.23580795975166,3.51811358922438,19.8187318439004,3.75306811652098,4.023810021828,2.74419095052686,7.12392385822607,0.530654343042549,4.35389038467339,1.75940692702019,1.73706176700067,2.30185844152633,2.36669380755142,2.23691766935198,5.02525191353095,6.25875221951444,1.25787177399137,5.19802459166581,1.65173134181052,1.63520978585401,6.13261623846754,3,10,3
"2061",5.70800193762554,4.69218026994124,2.1401663744924,1.91367387219828,3.08539400555869,1.48613546294773,2.90632450896392,0.377785568735416,1.05854824982777,20.2865575503245,0.907064444131681,5.99650159514449,3.62768700020213,2.33072813853521,2.23356196113971,6.4052910070534,2.75107030246613,1.218750646108,3.17591042711861,3.78177044224076,2.79999312025891,2.96114223922226,2.65510538931789,2.09701499791751,3.89532909677118,1.99760513229109,1.71656018044068,1.56908369097764,1.74146360267145,2.96442152464432,1.87698328362393,3.52935550610977,3.91229355058895,6.66227273683255,0.827308551102684,3.39021211881216,4.60962613796047,4.53157949874704,1.18182421754434,6.07926978675703,1.49594194942532,2.26287578626143,1.52098594160998,4.62878169715181,3.03349562345303,2.76884680350817,6.70644459953796,0.662256113305856,1.5123696664883,6.98667365934078,3,10,3
"2062",1.33217884616076,1.33084697903454,8.60195246182429,1.75581774916599,1.97986207132002,2.96782036674128,4.31685338696785,1.403012954869,1.07562653116124,2.78332687814133,0.960507171866507,4.0323811249113,1.1817254597817,2.03421347663491,5.08881271829912,3.04586596679098,2.12160383359234,0.795048800732915,2.18196546206575,5.23986541779737,2.35445742266521,3.03156585920858,1.94518135431918,2.9169415486319,2.8994833384258,1.20924095718285,1.27815105974254,1.85161965698066,1.78465634694566,0.771712375451617,5.18421473898794,9.91057561431443,1.50581985099007,3.02144600015462,1.28893855330565,0.990134111862547,2.8141450143597,4.28219011840812,0.799800058593633,2.10426902133439,2.337291498965,4.18304219709336,4.3050687222901,9.05225505203799,3.22446141749811,1.80908855291559,2.5494953749958,2.10222948912581,1.20004679460908,2.85824356700571,3,10,3
"2063",13.4563330959478,1.83747267168844,1.40953151055305,1.59486254593676,6.97707813791435,1.5509003330589,3.73621602612632,2.56098574667133,1.4633446244799,1.92839005911068,0.506001989088451,10.0511437592521,1.57742814407397,3.77182283313752,1.76245951806929,7.47404308695988,1.84476283732457,2.48205528551547,6.89908331958174,3.09414627667725,1.95299287911787,3.77639578135477,1.69173118381251,3.25763312409461,2.73419256637383,3.20957313943487,1.18265246255056,4.21208666220571,1.02134594825981,4.50439039790588,0.372089602839674,1.54458776896939,3.67420962377016,2.65195993785451,1.8616082581052,1.09607525666677,0.285881551394746,3.30075788506116,2.93230420159629,12.9502531902376,1.08611646484805,6.36613213203306,2.84521634735712,3.14802433337247,7.76970629499302,5.82521421910966,2.11730801558778,2.74085885153678,1.70140007252696,4.16985570887051,3,10,3
"2064",1.76273876627105,2.76927470426878,1.37052121426554,2.41882499766041,3.11211835959729,6.00082614084106,3.15735345059154,2.66404045732611,0.826604013551987,2.27469082844845,1.90076831248127,5.1913183048185,2.69326104561187,1.85704279362331,1.53677259163677,3.95817191549703,1.69962577876425,0.704730116125341,3.70089338569165,4.0788281300481,0.560284288950358,1.87295872203914,1.02947087356423,5.48297742333638,2.15718475886096,1.17893243715967,1.2721411872657,3.39654520351772,2.056487509464,8.04230646092468,1.89255023721241,4.39669874062782,1.84705192309559,2.84683096738555,2.40086269709079,6.49244084361764,0.600750289928948,2.2482101935704,0.981993058148385,2.15705315719355,1.25370456436636,4.07702683982453,3.6334023520243,7.03963999139834,2.01585429744746,3.86976029703523,3.27078421364678,0.462924718206144,4.36406054745535,3.21609499901355,3,10,3
"2065",1.07409401183445,3.05243529938016,3.33392371383262,1.50841200570308,3.6424377579819,3.20390070989983,2.02344175388898,2.22501038715509,1.34677852916604,22.3149443796545,1.09740920688032,5.06032751089854,2.30958267474994,5.62033621192193,3.7287948954501,11.784722241809,0.489149414839862,0.973611402661171,2.13127445635489,3.96351200965698,2.15029153997247,1.51853683037894,2.69584471361229,1.8708052561109,2.44598479188305,2.1452795337696,4.06205397181335,1.31934868319098,1.21107022842913,2.81881723823073,0.890151831051087,3.14840883362948,3.22055190580848,7.56985496947233,2.20406844486438,0.12698003525432,2.32587721541155,2.3349809149792,0.609326938501648,3.30413190297973,0.511733177464174,1.11917426635154,2.82495387936314,7.05563592291859,2.46230739960127,3.07703991137509,2.21395734054555,1.43371383688204,2.39604639629339,2.80214757568279,3,10,3
"2066",0.852624430801713,2.15709105251829,3.44683836799457,1.72778025077925,2.71459648352412,3.22056355045773,4.16250266186354,3.9949118358923,2.32802126640834,1.05249254980823,0.752077847616777,3.85601417708082,0.738795733103381,1.3771928723672,1.4917152728652,2.03795909444564,1.63489343582939,0.598826177657579,2.91374079714454,2.40020861429268,1.46220634997255,5.42054283403772,1.92697711485853,5.63257802911549,2.85403317024624,1.8444860434833,0.655222000527708,2.78107677392223,1.27547903553236,1.64665517621281,0.191865224959768,2.47234891925204,2.78046703152219,6.36615710928988,1.89797059741991,0.992878667970012,1.36278218215627,2.36131665425204,2.80042702658429,12.5514893375108,1.19693000454821,2.75594860320176,5.57272409487034,3.44901639335677,3.43500222929156,2.2884772705681,6.66153452312427,1.88911579253986,2.7175459070803,2.09459674238748,3,10,3
"2067",4.15730120119513,2.15310892632512,1.94357875939543,2.87736550047992,6.84168915520617,10.1434429658726,1.73704842356855,1.74124994774536,2.3731729950593,2.51149465546417,2.26230187602526,3.43485627828239,3.99618552654057,5.2541033450004,3.24950061099696,6.55460037569279,3.78911681910238,0.541264978109182,4.71943576036138,9.44134455404722,2.06538977446553,3.85837616740133,1.91611668448444,2.973955401961,4.19119731706011,3.85443867873662,0.76495887544249,2.48760065967609,1.35962113552116,1.55812236987745,0.900683884497439,4.26079893254424,11.1544000598807,5.53071934090199,1.05146510527344,4.27889335846178,4.93889040643622,5.26653016122177,2.15603341942643,0.831743520867385,0.713728972312404,7.28067304903473,2.25990207807061,1.51354053144661,3.32210925429678,0.86794559292772,3.12425147133654,1.02829147697445,2.72494469311003,2.85198821837042,3,10,3
"2068",2.29599963649947,0.88437600282441,1.00644121207699,3.1866948086376,3.99880985570399,3.24257622487227,1.15900865232697,2.14131381658845,3.23648885276221,10.9894726247584,2.21208574160063,1.99240048813462,3.27223210984436,2.62533235383706,6.09230361637367,1.19583167747033,1.19431628353736,1.23470968657561,4.97449475918559,4.85861765928646,1.35195912858414,1.87314722171713,0.502603928952768,4.86408416375868,4.46447384949855,1.45886700063354,2.44910184427027,0.587476481002585,0.598255359158525,3.944723978827,0.665705571516198,0.924962011726065,2.03620211000003,4.66460438246289,1.53757799766636,3.42645169755175,3.50383871903731,0.265559581820997,1.6854845716762,1.56852453944447,2.11650547375255,8.77192938563324,3.42857172693076,6.98463240458458,4.55094026846058,2.00872879742294,4.83558090404442,0.928535020629709,2.04502507282392,1.62271755405047,3,10,3
"2069",6.32954967549842,1.58842286832374,1.35192496434925,2.30556380246981,2.68486128913678,2.91917459319083,2.85250772430495,4.45126148304142,0.681754881905867,21.4755295892306,1.01182330911196,5.15477939478676,1.72808533807493,1.66994565531963,9.11361960971838,16.1619500832975,1.92478013835127,1.89975434723106,3.40237120386286,4.1047391175458,0.974414080681464,3.71501095860778,0.883668303945968,2.033343001575,3.58057416778015,3.93511808583877,1.51189846353388,3.45832241468373,1.76379196404966,5.23500254137606,1.77221343533198,11.5575135549983,2.28645763721732,9.93029017930008,2.51023289477545,2.43209493379694,4.18222386909243,1.88219984738157,1.51383303547619,0.820363374520787,2.35510228515556,1.15608390976385,3.09572302380741,2.06575764471923,2.1672582093137,1.33965801852122,5.2149102261451,1.92518460797566,1.59081539733899,2.85647772392286,3,10,3
"2070",1.75137910790544,2.40811805383644,1.42442401839348,2.78433978061373,1.94547168242415,10.7468929140826,3.82241898187381,3.15859218680855,0.789885651917641,12.1615936903384,1.55196662084052,3.51582936055744,0.860497338146944,0.951663440189791,3.22968610019424,11.550927280174,4.06846275068099,4.40161412647209,18.8233121824662,2.7030407543999,2.01198669982533,2.05896729199688,1.45874175810787,2.30511081105143,4.36131202488424,1.74669362235301,1.20439551690941,2.9487851852284,1.24249099856874,1.71708275603964,2.34111277399877,8.99113737076982,15.266791041408,4.65024012040746,1.34039742465491,1.10010043576012,0.570222809437671,1.05194973318835,1.51541793439561,1.52959355464065,0.780459939796693,2.56134496789921,4.3140563019636,9.79845860825782,4.49290176075013,2.19843770582518,4.63588197464008,1.54063825914598,2.36953449832548,10.3494169830632,3,10,3
"2071",1.68834176162406,4.27586444046399,15.7664960454862,1.78407856049022,3.06700470332365,3.36046336703443,7.78350074037736,2.43935909492272,1.27495945533743,7.21655530829384,10.826053344456,11.5856712975099,0.701663040948372,0.428311781974112,7.52935096822687,8.54585639479764,1.14683294828861,2.45266414999969,2.75155068288413,1.71436836358903,1.74722519980294,1.77936071927557,0.69867783581961,1.79016403920356,0.905923632768168,5.05388095432326,2.49835825567124,1.87573731752083,1.80713488873801,2.61507099572496,1.52964452669377,5.27558684207916,8.59823618248576,6.89500938819498,1.67320620413761,2.65163321978329,0.27460797278879,0.612689315620175,1.91840839208613,1.49465106438201,6.76099598156229,0.914825904775859,3.12932638381969,1.71923089036756,2.8935306819849,1.69917247306864,1.42813401736148,0.564176717936313,2.18256471797628,2.129421232565,3,10,3
"2072",1.34542427141678,1.65269321018582,11.5658651425049,1.65561840263684,2.2419917644173,0.90999164984862,4.71025673023917,3.20206606135137,0.56961540639179,10.278710208496,4.42852724562444,3.96642752226392,4.23975976491529,1.80136139236028,2.19185705855314,1.82971819117975,2.11174620970443,4.10339004912207,3.6178850015073,6.06099061876224,1.50517875152236,1.98715338130723,0.294182655042271,4.01251214026694,3.43751403852389,3.05564137119541,2.53073746697873,0.860306898182865,2.22177698657436,5.64508759030194,1.20480815665583,7.94630232913361,2.24194733718755,1.92160043639901,0.612530060216813,0.314150765065026,2.40603031674021,4.34836007077779,2.24817393373547,2.00729783392302,0.81107399714269,5.51008786265964,5.17512448681763,3.58648111017362,3.53824749659091,2.85621294104041,11.8847729228779,1.80122710053118,2.01922967004971,3.21294135494319,3,10,3
"2073",2.80145296016234,2.45081634328601,2.18449743584718,2.24351384419798,3.48848768556204,4.88942912460429,0.158003242314514,3.31817720778774,2.27547180392452,3.95647300629949,2.71538227801162,4.53904214532638,1.67212580703617,1.92050502415494,2.74025218485904,17.7259632136139,1.3584089906384,0.270392078663998,3.73591055429013,12.4859478864323,1.12100235622081,3.12023539693416,1.88365251761498,1.79610774747556,3.39850330013248,1.83933037727195,0.844035328829898,1.5955855377553,1.73221994642488,4.18929036022398,1.91072852420022,8.02865409039169,1.57627333172168,3.20018850107865,1.83517106396985,1.89211274930076,4.21614212162445,4.67131749686208,3.48294554159752,1.57216754476831,12.0864569064522,3.1351533937721,2.76233102417525,2.01002412628095,4.97847528081719,1.80911710136116,1.59382643770143,2.88031531905802,0.852833466232051,3.60424557022723,3,10,3
"2074",1.35242713295036,1.08659092651962,3.41495679167692,1.16562838352376,4.73883177597418,2.25454926763196,3.68539753043533,0.344275491960327,0.699296341170867,4.78316404173846,8.66474458655007,3.9900996628208,5.28071015518272,1.46590536459132,4.17491691985798,3.92646619697636,2.03860905340575,2.20148553182024,2.53879490218316,9.01848054576125,1.51923384092412,1.54160080161674,0.738715251686942,1.89823636732706,2.20746700318684,1.95905399804377,1.18969173412253,2.10854361019124,0.607001145841997,2.49208597056161,0.717093682801339,2.58915586296361,1.93754468766824,6.37968601049372,1.21841398572051,2.28995606641345,2.28247298665632,1.73890962304033,0.428015151347766,1.46507455866964,1.86937949658447,3.37590069367101,3.87804086029373,1.87904200948021,7.15430244431408,2.12729279405765,4.65765082070113,0.903792439860852,2.38501506849132,4.62300619086101,3,10,3
"2075",2.12178229701137,3.40136413591122,1.82370397476975,3.01719852450875,7.68703925032911,4.06206100870646,3.16295180233082,0.83301889146743,1.08286801461755,6.63359356019226,3.06144551091037,2.40810264798727,1.89057524366655,3.64495903818759,6.21687673666149,19.3555025211137,2.32768922734292,1.04540930354081,3.14021773667258,4.8982741479386,1.64455941366152,3.72622329387802,1.83201090634838,4.87148020864835,0.688532143796164,2.46771516274979,1.45209338931188,1.69532810663364,0.689589600348057,1.57054373890709,2.47721605878859,3.70095915702079,6.14242360974402,2.99334002289949,0.588464656517052,1.01940462658043,1.83416088408205,4.83968370774741,0.52265596979921,1.92881679543514,0.919098953924164,5.46439008947606,6.08502486384083,1.14023500763158,1.93734892228588,3.12820953361283,2.88206741660265,1.97664883464585,1.94934794203869,0.619565980777179,3,10,3
"2076",2.81350968740634,0.808257980813251,4.14326189508427,0.679164412546967,1.55453469058105,2.29661240666179,2.61083675454971,0.931420906224354,2.25438981606452,7.35643588780819,2.83275995735361,2.53739883012845,4.68079337064559,1.75794725732272,0.986163383945041,2.04124426812392,0.41979936913622,0.492135094932073,3.09022271853648,8.15079384655822,2.20921402230295,1.66476188652663,0.78404592315157,3.40053861860427,1.63592286541468,1.52750319251746,1.46828067982681,4.84263850792437,1.68521311993081,4.86824040725733,1.00799834569874,2.78300730722025,1.88603934377392,4.77064262038435,1.51907281296556,2.99059702426346,1.47890804998655,3.75514419868078,1.54089844339538,1.00083738444665,2.21244587469895,2.99369814919608,3.44822899989145,4.21418787586758,8.20180696354797,3.37217058148994,3.03259587118063,0.966287872722346,3.79403481848675,6.41906515209334,3,10,3
"2077",1.14618502575125,2.61098363544597,0.960576918788576,1.70075840120761,4.06608465820659,2.14624668359425,3.16856704042735,1.16470335852849,1.23297948960722,6.82154693629075,3.00831388577188,2.69598552910988,2.08971410015099,2.31462408782306,12.0586570364558,2.21868252147258,2.04744731069153,0.699974887756274,2.16486937460716,1.43032148804661,1.68973624095323,2.98162744051132,0.301514335271825,3.66133031973353,1.64795702331183,2.07608433656698,1.54125464837239,2.63981674415021,0.944538764233254,3.11505514237406,0.848484358421831,4.01480605632986,1.86435500059838,8.4233016148487,1.75078867736095,4.9132345716008,2.21492558876322,2.24272745971355,1.54216093978925,12.08196611936,1.09258494649638,1.76334835855051,2.75114082109899,1.54727401322284,2.41119347451116,4.81800265646546,1.94167997752501,1.44844343623114,1.08896930320445,2.08868728434329,3,10,3
"2078",1.83017126773131,2.86267511015643,0.82425133560545,1.3832875304713,1.76290333252495,3.3150302928884,5.22881614328023,8.07686569966859,1.10302482943839,6.34558573474043,3.53294802159982,3.02182092975455,4.32848057540765,1.28915088098169,3.02324175805636,1.65615364817502,2.34498286596566,2.97169091614818,1.52058910587432,3.95041915141649,1.86465245462704,3.10501683537005,1.9968879319252,4.05284207300603,2.87372135509668,1.31555095249431,2.1939965869082,0.905532105512798,0.631900755606979,1.7474676849636,0.384446686710991,5.72288524870981,0.703105448603188,6.75030847653286,1.56599349418825,0.884299062691955,2.41164626527989,2.6304058730368,1.44753520813934,10.5356882280023,2.0934620405208,1.6497004788814,3.72233914839543,6.13754606172277,2.843310738046,4.14709402072451,6.28299344706652,0.862657689148168,2.72012438391832,2.26415634983513,3,10,3
"2079",2.28505785181004,3.20643472708879,1.94674336819237,4.32373336276475,6.86478449848589,2.29919602826198,2.83715442239723,2.04442730488351,1.67876442287254,15.6275427668754,4.3677352817528,2.01726906944677,2.13604259105991,4.52154743981334,3.92983380444457,2.33514140007187,0.757865486400843,0.319299617966377,4.88822272249297,3.10638192737632,2.02814305114957,3.24317651639077,0.807249132148302,2.1803268776589,4.40978214586269,5.76868047888466,2.7999781303385,1.62160456984589,3.41543399204774,4.39143919956602,1.75017126235877,8.59272600629889,7.68334243997809,2.86664943651974,0.392388519395054,4.3244150069912,2.22530480207249,1.5610708926778,2.86538093087322,0.463862228183817,1.07040284114796,3.19851333868273,4.52815571881209,5.76060034884545,2.32141045561606,0.892058042628924,2.90193335021223,2.05255725140528,1.35716272274625,1.91828659105757,3,10,3
"2080",0.795312973419649,0.403177428722008,3.5863986204293,2.09107677713858,2.72831440076635,1.58058315093491,2.80930101250528,1.83520721088177,0.92035278930729,14.0098904009749,12.3816786782392,6.15528984376888,2.97949330828071,3.7348838547931,13.1561654726469,4.03261577543032,1.85229880370646,1.37244329873478,6.11902922702537,8.80559723189885,3.05776403100795,1.34379034752123,1.46781305255707,0.767576674926824,2.13565107010356,3.49129387494567,1.06822976486427,3.15450521051685,1.89619049710437,5.4266104284002,1.98646296285983,9.6064791390719,7.22872305775402,2.7677966930321,2.38240971065763,4.53844817485174,2.88182650753712,3.04840945501599,0.949935375620455,1.1855037614788,1.95314350900449,2.31022174139733,4.4595303674269,11.4549771856567,2.6052748055792,7.16172605956907,5.87624615789226,0.767860631631414,1.88178163377156,5.98680912263608,3,10,3
"2081",0.595126109843778,2.82485472913107,3.65732430299803,1.45398302563631,11.1164995104992,5.7333100945956,2.94336766660177,2.00176316363674,1.83825765890611,7.87101757154148,4.01555949057264,12.944268276408,1.72358481315097,1.78378735740223,7.79419289270654,4.40829981848481,2.13520188068604,0.740159094195915,5.48879560519529,1.47272612391863,0.968153834486414,2.19897419823757,1.11192323888069,1.62271504949935,2.22107593675115,2.29027324185867,1.64292184476312,2.26120964207764,0.595175262853374,6.33558142570186,1.71149338064158,2.93984897834383,2.17056381411819,9.09814699343977,2.34376619080986,0.801186543152716,1.46853159993684,1.92285443634781,2.70321216336243,4.66323339367681,1.02274860698983,2.06613837879057,6.24951100298036,3.99716406231917,2.52965500316911,1.04570291715972,2.1697539110869,1.4430873445057,1.13567500164735,2.44489845985219,3,10,3
"2082",0.349661403024845,2.09258636290524,2.31005082937837,2.20740168047675,1.70191456081688,4.68989800996357,3.43807513114298,1.16995896846107,1.10985557879154,2.89202999664694,5.7696096407402,6.90568728149255,4.92549959818329,3.68413889995002,1.33051513722409,6.96159581942553,1.15451431987198,0.68845389102304,3.15802983438218,4.1611087958169,1.30867321880733,1.95148609674602,1.28891979898921,6.67274524206263,2.687491561583,2.78522751117274,1.16903474482298,1.51703470992387,1.64129893314201,5.70534680428033,0.435737686366318,1.8228228738161,2.37769455784337,5.45328860627736,2.83918916701273,0.71978727516408,0.714923659288974,2.00970250845397,0.429728781209255,4.94818406622613,6.69196171539526,3.67763976622611,4.27144531249237,7.15019503030308,7.5136607121934,4.43682941421049,2.59953527115254,1.77081134402234,3.13898388794304,1.73018585648937,3,10,3
"2083",0.671799464483404,2.17388580757948,1.40370140236183,2.47630097971349,2.18058394026874,1.4102796903049,2.2889041622136,2.19045271627813,3.15617132049925,2.35484584928551,0.623333023371521,3.76816192069161,0.653592850286991,6.16027081123013,2.18344755666472,4.22575859810478,1.81974041597247,1.3209134031847,5.31398363656038,5.41912712075675,1.9303052622171,2.91440007471103,1.21591830008474,4.51397552407542,3.58022916445017,1.63593086812886,2.18118443161414,1.20182845038273,1.17526545797886,2.50079816937276,0.318270466329058,2.11188675062393,2.22237655671034,4.49724881177615,1.10908316321931,2.81737419689198,2.80765105404209,3.30912145640209,1.7716926884272,8.15311712682275,5.58529479802563,0.888792064988029,3.64528438692924,5.23691852540045,3.32044664871901,1.40234339059549,4.84912370840434,0.713276191743096,1.29493227407144,2.09026283583752,3,10,3
"2084",3.86901351264157,0.764210238743936,3.41334937969764,1.8587032988525,1.47053530642539,1.31410548401621,3.22969616609753,1.64163185465073,1.5323776969465,4.71041158279181,7.42657219761137,4.01191194343807,3.30202735964777,2.26985998364823,8.60845698432274,9.13237711854453,2.79910720569172,5.54898393428188,3.94885275939089,11.8245319177353,2.87246585466086,1.08362638021511,2.96010985303215,1.43823738600749,1.79499399301381,3.18375729002788,1.9123835966826,4.80388043898823,2.60513168758425,2.47300524971057,0.577075967393487,0.993422637554529,3.5284727248831,5.15853787636172,1.52348079845407,0.911786369276964,0.173939909889354,2.98581108393188,1.84210162335608,1.82827947611016,0.883251603587711,4.26003032149842,4.09710333525599,7.6502041464817,5.42726706486665,1.32315103950762,3.01995813632104,0.996181284521986,3.07939029298986,3.23476189461873,3,10,3
"2085",1.99986546433536,2.62580596997045,4.30970486105839,1.88416412567633,4.88876999569585,3.53352288788182,3.19042679152379,4.17438761047639,0.899387356439704,6.6553114763638,2.98518452738846,5.52597992681467,4.15652965392445,1.99659624094722,5.28184723478848,6.42127112297993,1.70386026961074,0.818943814113288,8.04573826521472,4.16242667812366,1.74107780319294,3.10110940455035,1.22198971354806,3.59245609276133,1.39258326472224,2.93155203232594,1.00643419073911,0.846879578203728,2.5871128323887,10.1062558935612,3.47054475402943,6.22459592013528,1.9147339193978,7.23337481351311,0.90555306725559,0.122361367136305,1.84011492116269,2.10885563094831,1.07681642746606,0.285818959508477,1.56697696304871,3.01760175657481,4.1088757647005,2.78846600580614,3.14813852581626,4.1969458581363,2.70114752762798,0.39518116135969,2.58070788862152,3.15729150861053,3,10,3
"2086",1.62897329498571,4.35914627378284,1.74931309915612,1.781188765859,3.63488376614446,1.50016455525346,3.09230893162817,1.94178550250165,0.585199521172539,7.70101128062045,4.90526912385242,8.70570258326056,4.60275574041122,1.12964232404985,4.35807163378514,4.19903031476546,1.20174331213754,0.522954001639059,2.26944917090843,3.03601256570757,2.1248523196998,2.88936248684497,3.39433973096829,2.29493118195748,2.40056675033473,2.26053293050663,1.20701161350881,3.42726680923297,1.07923945168941,1.85854426130066,1.26521792226135,5.97151067746693,5.32382620083427,6.0510382115615,0.684438207104638,1.47728572321612,1.06740949398983,2.02546407498455,0.758903751209608,1.01286367238606,1.02792604171343,3.78321949443742,4.14739334594807,3.26903001161436,3.06013521240654,2.99222015581933,3.70444817607775,3.69318637247512,1.41935760270936,1.84698316116197,3,10,3
"2087",0.445767622128068,3.63840642200684,2.22501143228438,1.92904637566425,5.04636284177019,14.1044814103866,3.47320779157573,2.48950220021993,1.75790052608411,1.2465647907137,2.22537132429888,9.98878066033427,2.7682907414301,1.70617727261541,2.36395024941324,4.66985917470313,0.604133138235267,0.792573614102041,3.5281323503371,7.811879925603,2.02446425794517,3.47188927851537,0.895057004499087,1.42880929204224,4.37013161533804,3.67833575309428,1.2656406264933,2.20074490929941,4.5480584934726,5.16050984235857,0.927951280680101,2.78850703878663,2.60737114285853,9.12669603261263,1.82950675812814,4.11344805360844,2.37057914730372,3.82403198599413,1.27386743744163,1.21447812979259,1.23320120807196,4.25050084031882,2.54705481388711,9.88302190725893,2.94691817576749,5.12294630658038,6.85417329345187,1.48378782126313,3.64841308371576,10.7100734228534,3,10,3
"2088",8.18820782584388,3.62026560114692,7.89617997486812,2.3223952233718,2.6215697248899,4.49361714505871,5.36703961145991,0.903852027132634,0.872209369388421,2.58940150894853,1.74218036914242,18.9716841719891,1.39618968287588,3.76412850219245,1.49655957942434,2.57809415939784,1.29569238210973,1.44433071524497,0.709585023607418,8.5176441830533,1.57164345060452,3.50335099746049,0.746206303374325,2.89853372147778,3.02727552260455,0.196415186890585,0.826178465670157,3.48500706388288,4.2133083769731,0.655698350293141,2.31351926548915,1.40005733370537,1.84394954073366,3.52960646478288,2.57884691904467,3.20176212286377,0.509668791442834,2.63401340075497,1.96455236047816,2.47265853539205,5.09301021352209,4.54099538652141,4.56010142869074,4.91407376641371,3.22215345876824,4.16877196275409,4.03666812089104,1.03776259206439,2.35113439548069,2.07798254524732,3,10,3
"2089",5.43183746856108,1.547804613733,1.80660314409314,0.681310792931911,2.57115222101693,3.74242633359973,2.65399320647849,3.05851631457443,2.29442880202632,11.0591730871621,0.507524773917379,7.10164358906982,5.21317528798635,1.34872744691561,8.26723552959609,4.52902673002547,2.93741168142624,0.871861664315724,21.0420910780098,9.06284645639975,1.63940769305035,2.5326828804006,0.953963014200136,5.80627728516482,3.84160075210043,4.67416561856104,2.8727978366013,2.19830262524591,1.59452031996978,8.50837782881548,3.24028853813626,5.37007179275333,4.90067377027898,2.94821322925876,1.32938186907424,2.2036053820522,0.611645100671712,2.76316352811545,1.93120686825081,2.64288411987128,0.531833725466095,12.1526299963231,0.83534230522319,1.42398947613242,4.76849346229347,4.91617919546519,3.58238789141664,0.834381824744053,1.57530256118412,2.98180721400822,3,10,3
"2090",1.6188939189108,2.32354794617055,1.21290942372071,2.2915587489177,4.07995636764305,5.14988278520802,7.07659358923354,2.30944594125002,1.34332729955515,4.59660326996297,0.503826765688705,3.71331048679529,5.74722623064522,1.1452833728627,4.72280780603713,3.65272656305889,0.695933860435473,1.97150236111882,4.04067891428637,5.12947237119313,1.97707412035017,2.07737896099412,0.932886413336596,1.54485251549161,5.34483865040339,2.14569671139742,2.98203580731108,1.81844128536492,1.88235842523486,3.50890121553769,1.65737713420816,11.7922011547614,4.12347678119983,2.97369276565244,0.84057166091255,4.01325452432531,0.359600521135,4.33273032775395,1.43312969141879,1.21894095733404,2.36099467702902,3.59725208287769,5.77881014735557,4.39252505385844,9.21922052811635,3.55991135257988,7.01376298083324,1.25383356005905,1.15851890329375,6.9791792835639,3,10,3
"2091",6.16720459108381,3.82521865260838,1.74798048051115,1.49631909994045,3.06305400611695,3.50308777713354,2.91084395042292,6.83777616480281,2.3652626034848,6.48454318996911,15.5051948203732,6.08095584226704,1.55930674348184,2.91501722859075,3.51784155378983,5.40812085012955,4.50929442590125,1.79805210081573,3.9426643440465,7.12850130749494,3.3935776078559,4.15951155807652,0.518845794129051,2.54038639245773,2.33639314140546,2.72299271850312,1.08183231933608,2.40647234837575,1.36267733841731,5.05366113478065,1.19509434266492,2.53059385090978,7.56133524134694,1.20215233630214,3.07520588093305,1.11724371177458,2.06436968330734,0.736025204878738,0.633689387701179,4.42252455820791,1.34336915407641,3.60008211284063,3.89834060249539,8.2384200548542,4.17854688257629,4.47438335353117,4.20876129945708,0.295315402815386,3.49458991839085,3.20808790143963,3,10,3
"2092",3.28094439629488,1.21964313429409,3.1433496931934,2.32149967220478,3.28678002274222,3.22649256205607,3.92742743214207,2.57673186868915,1.56525350491991,20.6299479949049,1.38725999531208,13.1413876285648,3.17435156721062,2.95026429049077,3.16925140201284,3.99738101564956,0.558630246504397,2.23613564630674,2.56792047119493,2.6660955928554,0.386022594251783,2.5965432942598,1.30436854879811,1.7016518632313,3.9918860254314,4.44012706919987,1.31232189235213,1.54429673840743,1.35209266978064,4.71086388619851,0.167932000418627,2.43370633731287,1.98860495183209,5.73041969560819,1.9980087227915,3.71317914162275,3.1104273316255,2.14978755077597,1.12550047062101,1.8823751473834,2.57021432803392,7.51306116538594,2.66013958934639,5.56815612109537,3.14327193017875,11.5495446704487,1.94333214446874,2.21163268541106,0.849146098127875,2.85993746697911,3,10,3
"2093",1.42966458010641,1.70051805982287,1.29764838635193,2.42611997360749,8.37352437744046,4.79935324836493,5.43334129168471,9.09662885752375,1.76139903981414,2.35277046909443,1.8740885633704,2.91486888762125,0.990311549930404,1.65990191258256,4.14896967175236,3.09735905929377,0.446163200851109,1.3897316288572,0.688189768948264,4.82609789711404,1.75894307341857,1.6364025359772,1.35673174318393,3.94007611929395,3.29602239293119,2.53826392408574,1.64968368450943,2.33960658447813,0.982180027282134,3.20671033049121,5.72008217747003,3.80790190356187,6.33605891279934,4.66779544558493,1.30718823766678,5.43636362025904,2.73930578991072,4.61483932633224,1.15066754460678,1.35037078365497,1.34484161268548,6.79307117013166,2.33934222007947,3.49328817355258,6.30637837283507,2.23372951502681,4.60308781737395,0.619674346169511,2.57575178053463,2.88809651816261,3,10,3
"2094",3.37998130831495,2.16063594314806,4.55221170761139,2.7706108528159,3.54585029078677,1.93758631782637,3.28188219595118,3.15737039014171,2.09443650076531,4.95525217870824,2.40370938718266,5.54477157880701,1.80927928966504,4.35212507963796,2.5210815034097,3.22856634385723,2.35828224484325,0.748631304786174,5.82489242376874,10.3700376133139,1.54946083085627,1.80457529381975,1.15502762867989,1.29939277438077,1.38602296662648,1.29547170039131,1.84627700729339,2.31442510988597,2.19340663607323,2.89606969931051,0.535100153643498,2.45097256628538,8.77948574231926,1.46914018148463,2.7653323699953,3.57156881602776,3.25736111937091,1.23803883800359,0.311901754242449,14.9802962953289,9.78369391416682,2.24032512593275,5.45325269281027,1.69113083666466,2.2859207704866,0.864872696081129,8.00885132668519,1.61690977083915,3.36458139715561,2.04857057209905,3,10,3
"2095",4.40932295081197,2.0993150280098,1.25306384369868,1.14663905682115,4.2537650865758,3.61161466397118,3.10884232659746,5.8567862287466,1.78187055871307,4.72153339589329,1.75597292175905,4.60967519397922,3.39970689697679,3.34666839906009,1.37636244980928,7.49640732437046,1.33817520868667,0.260176067119699,5.24877250789444,8.29918439417859,2.71694266552171,1.90745113289924,2.61823765943746,2.92832140920483,1.94874754358868,4.22666270981073,1.91141014979377,1.07118076188371,0.983099178003423,5.8476863071565,0.381055597758991,4.53905578296658,6.18869233229803,0.583578190254444,1.6561926506969,1.31205545796238,1.16395825672527,2.67134299528217,3.11172010147651,2.08707669546192,2.76071656792051,2.23064253549374,2.48636755710719,10.8517335009796,3.7750196983878,0.975927837576148,3.53710601008484,1.24804264382942,1.20765434780845,2.1259572068167,3,10,3
"2096",0.908982119125447,7.11945564283229,4.30366086177201,2.17684627597228,3.81796750465686,1.45783119685202,5.05361040962892,2.95676845486627,1.26677357798027,14.4733943490915,1.18708139018641,4.45446861795536,6.39321253083774,2.01968749739147,1.50390346486925,1.8899936361299,4.44499596696561,2.50595985057054,4.43714737278202,5.40363544597408,3.54554849045839,3.57882818806046,1.22811816728456,1.52245911973756,6.01639052879228,3.0657783984315,1.43228134643034,2.78987605321651,0.967393493648676,2.82269371125268,2.7803740937082,3.15520484398266,3.50512903509633,5.13532552677923,2.46452587414924,3.31660038129311,1.60829048968631,0.367222797915155,1.31918441764187,1.84994134307864,3.52252343121463,4.73250684775864,5.36089721951836,2.26022222175228,9.79851380212565,3.99768646535769,4.53675694215911,0.946954788278203,3.08776158217159,5.76989202465665,3,10,3
"2097",3.4637817732653,0.631882650247791,8.15733108263147,1.77007311186482,1.86265231309707,2.10739085947955,3.63394073577481,0.532307740022047,2.23444422077747,3.64093934565427,3.34854071452432,4.86620552481281,1.94086821803549,1.87793631372832,1.20260735676463,2.3048784511472,3.87365992118541,0.994767192229044,12.4045576974132,16.279829205267,1.69560244292583,1.60556298226383,0.676075016317958,1.78467244613307,2.01206620937633,3.743633167297,1.26410785789215,2.13521433525128,0.942160946486644,4.85492178275177,2.31956779146648,2.26669029145056,5.40157981049251,1.99458396836562,1.19317932022575,2.58468021612484,5.78665318578576,6.46546444821082,0.68811935681349,2.13965709764898,2.21700927342349,6.13430760594263,5.04535345556656,2.66065261282405,3.37145525090886,1.75257407067552,2.98192626884937,2.93379586950561,1.45721846462235,6.35143367512357,3,10,3
"2098",1.31204103592776,8.72611621796539,1.76436478286247,1.67491096095475,6.86795030829009,1.44368448442639,2.73773929042312,3.28175810291768,1.1006920210633,2.46281486603286,0.958739842010685,3.34305337330171,2.11327556267545,3.25988818382637,1.59445242182516,2.16322615165285,2.00709891406349,2.8807615002806,3.21413596177772,10.056825980801,2.4867463071948,3.58526411253815,2.00301774330613,1.96826489895183,1.64518715152287,1.87750507144848,2.33012587099759,1.98504258761408,1.31815541528694,3.46133914381489,2.77533151893386,4.50686680221728,3.02922550085851,2.50933836711722,1.57597009796896,0.16102220655316,0.663007717256747,3.72740707971009,1.36991845182561,3.11663843435408,2.80971545698062,2.31029078850431,1.64920686746271,9.99701333655171,7.56091595896305,0.900634346284537,5.82279369226719,1.01474440060777,2.26234981251189,2.16597885161474,3,10,3
"2099",0.649446180478402,3.37733617851352,7.92067125004617,1.48499481789501,1.64299782305448,4.17536273775944,2.98840605240706,0.290134403699024,1.33817955854465,2.56790055593661,3.57578512668064,3.15109546922488,2.84379084803272,2.0113671756265,2.94161338041554,46.9942539158617,0.797877769611385,2.37358823673052,2.40860086938528,7.93008010892919,1.83006452425305,2.18615367851674,1.80587441170049,3.69033753085754,3.88699204600206,2.35581563194711,1.32745985764785,2.59867310296572,2.29102670355281,5.30775311768061,3.16393867432548,0.605743545448996,1.51797347216753,3.24923789881676,0.997916763738934,2.4326115767741,1.05921858934263,2.94629778696034,0.733877430179314,2.99635723905532,5.21510465882902,2.44226020765947,6.48940825844139,1.30357559494112,3.46536566203949,1.31878321284428,1.09009864558749,0.822755383181401,1.66152314527028,1.70386111693433,3,10,3
"2100",1.32780547296337,2.28105852295641,3.39379606151088,0.869033579436738,3.0895369875049,2.00432270894291,2.12902960757353,4.38154375486787,1.35860861359231,10.1258204400855,0.247638108231174,3.7645576502041,2.98875188070044,0.390719406535928,1.89628140276336,5.67646917331996,0.831969016696007,2.57428078042478,2.84668854189333,7.384549661218,2.42619835180223,3.84297717277741,1.0570281939366,3.562537833514,3.24149408628316,2.1649341855255,0.374806233938556,2.47657650335687,1.68670054948855,4.74702990697751,0.608234206772582,7.73662738428071,3.04206209334076,51.6613311260065,1.77393113316392,6.85477448292195,4.69856824137487,4.82630424328922,2.12050681453875,1.7929583655995,6.03985861646511,1.42373370539755,4.56066300519183,3.46528051020577,4.75548353569658,3.6234698401883,2.60385851553578,0.799403095905152,2.61250601353196,4.08107591105389,3,10,3
"2101",1.92494961564158,3.17897744630589,9.23606914571745,1.38185970946829,7.76762643634088,3.60523529763813,2.56942369338184,4.07489982243999,1.66094136577804,8.77077054347126,1.19576962180546,4.83113050068217,4.92945865731405,2.20712401351659,3.97776393630238,2.66286089851814,1.85416970271916,3.4908631664031,3.00070632586617,5.46560976547836,3.22162262056232,2.01953647136908,1.40946567534685,2.6751205273094,1.95053602920709,4.01125378315374,1.36469915850491,2.64686100220102,3.53709478886515,1.3022752068947,1.52301735871999,2.17709984204499,3.37503910437803,2.23141765846847,2.62115927440241,2.90093785446449,0.284892829204853,1.23540059944695,1.07154449928456,1.91102588882046,2.37548332402322,2.0957142451931,2.7679059479777,3.55874276194745,2.76320577976466,1.16804471794313,0.985623594573004,0.455373763454101,2.4067159499496,7.87914100849831,3,10,3
"2102",11.2209763979723,3.22710377649054,1.83532614830985,2.34140327079505,6.69819925691037,3.99954089753301,3.76392342264323,0.890636284300269,2.51434088879935,11.9996965746036,4.24269686141829,8.90008886080683,1.94665729299895,6.28313474187491,19.030281758667,2.9103237934316,1.6015910982998,1.73210539748713,3.3499042992185,3.02636214985698,2.50630167966975,5.16981404053178,1.57143829226432,12.5069345207046,1.01940616669011,3.64322358325435,0.894565342313769,3.4464577186271,1.79485254653961,3.77715072478332,0.487966558704375,4.01446633145042,7.06696363539048,4.35328503689339,0.837552804037169,2.04630225549771,1.95742205513982,2.89431526576622,2.10407810613932,1.7552285826567,1.55378601681783,1.89427695242966,2.01932147420872,5.48690845276032,5.83247143911874,1.63342187823955,5.60449504334242,1.53640730478882,1.8755518652501,4.18936356096805,3,10,3
"2103",2.39463841808652,1.35278929489707,3.23836693672926,1.77033511091496,2.31471752645538,3.87490135245687,2.65056643721139,1.82465369864523,1.35976018529397,16.6419916890615,7.27484947462235,15.0364816960037,2.7197377375724,2.86166849293927,4.30935581474253,4.52525435886176,1.37625005253921,0.378089635209475,4.6405500605495,5.23916988883404,0.949457795528268,2.07655596406597,1.77853998895395,2.03770973959436,2.88740785169697,3.68553525003511,2.06404031675868,1.14751120672496,0.754759602571418,1.42470058654404,4.06384188474815,2.60504952885005,5.66144713239837,2.14312476739592,0.549469959165753,5.38571713416164,0.245789642624786,0.526209218370853,2.55882590145593,3.50936583314889,2.68689971573656,1.14854943005432,3.87843765665279,16.0777429097935,4.89380289763655,1.16389826755215,9.50705075415628,0.903543785621921,2.05956023071445,1.68684998163717,3,10,3
"2104",1.95692118854342,3.01272854027549,3.24532731618852,2.22824492359703,1.65414467135164,2.4591764497208,5.05873569199423,1.92978334039927,1.15252610254918,2.67407964726973,0.754493986284322,9.82396087938545,1.52881054015696,3.56213750378348,11.2821492339703,4.44317671236538,2.0003009497656,2.76943791646466,4.62764218274999,5.43450451085915,1.14153114910912,3.96642758017187,1.36442462186512,1.76865815397751,1.57171750845002,2.12688323007475,2.09217499576343,4.01502969411053,0.40793990988867,2.42216697604324,1.60314970051204,3.40674536232844,3.08441143408869,2.78900883294986,1.57061351194726,4.49163979003806,1.24621663445827,2.87989535653557,0.906706872849694,1.28422366302158,1.00248696608456,1.68761130383259,5.20535623755893,13.5326844440663,5.93380201588623,3.4556852195292,9.92100408407547,0.793170043920297,1.26176091387669,4.83215373270099,3,10,3
"2105",3.91488854158774,1.59496694708745,1.70861161747108,2.37613749551252,2.4887057187966,5.54441884159845,3.59055620960712,1.7712463292508,0.833413237812321,3.9299239107703,6.59476091297921,4.81846072403166,2.54329146078405,2.72434576069795,4.53215838595632,2.48670146854623,1.50209919555217,0.485300837806819,4.44701842516176,2.06078571379952,2.35707674281019,3.61188595197494,0.720112516206639,5.12829644801964,2.09348690958801,2.74920836649863,0.96191202385333,3.07580367082376,3.07412889565001,5.20911851417372,0.901202344486708,2.23144718734186,5.76271655841152,4.4069920156758,1.72601189649367,4.05511334797826,2.45699560047682,6.07052835556949,1.01261649688237,3.50713915444232,4.66697403093422,2.0107150809617,5.85718937962044,3.37208541754699,3.7016215614397,8.18852668127145,2.22868114436866,2.14123559359092,0.757966272160551,2.89193616927102,3,10,3
"2106",1.61857664215024,1.25664158222369,8.61591545588559,1.42868746800875,6.97529593403476,3.67960374959847,2.12412710901691,4.27670408115574,1.97733618620783,11.5586695508169,2.53308776738777,5.18926271595621,2.49170772219433,1.65506640827993,3.02575107153364,3.69031793566221,1.86653345186933,1.57434428239996,3.58469286308032,2.54471987367591,1.43961437053462,1.83083718409944,2.53937708060708,2.92130545508153,2.36854825355614,4.94131128065795,1.36909644397042,2.90152878902768,1.64332490252677,2.11681951465167,1.6612164975258,3.90577222503142,1.85880571560979,1.49279641720123,2.63294926399965,2.53046780382961,3.12300850627004,5.64207022639681,3.42726315356455,0.894136539709853,3.50456886561166,4.43103334340465,2.46888299065704,14.9133764078869,10.0925296991315,1.23348137104075,3.7239940740932,1.40205330227763,0.931765350056967,2.26640630169624,3,10,3
"2107",0.844308303387528,0.613064486705905,1.39083942468489,1.72345618669463,5.47935010114961,1.781967998586,2.47057464481215,4.28678891018677,1.42233848419928,7.04724575318317,0.853499874402665,3.22106860960839,2.3300151161101,3.10236990912704,1.57520408266571,2.973692517452,1.4230849406977,2.28212283327848,5.6761312450762,5.86366410404345,1.29146706896683,1.49146164774163,1.04841966978776,6.88922508594088,3.76910325281071,2.9232281202497,1.85632851470879,2.78519706061957,0.913637656687102,2.89869849720521,0.4450501026333,3.528715336148,7.45548657940771,4.36565957959868,2.08031796966719,2.63308142296238,3.17581606847754,1.5542266507804,1.08032309764913,18.3645046115292,1.20174344404923,3.67590565586221,4.88753456918206,1.85715970894608,4.39282360031482,3.35908162463306,2.10810207247434,0.705249510556304,1.4797194613193,1.8737538101174,3,10,3
"2108",1.78723151365066,6.04820074020786,3.2311784968423,1.25506930208427,6.3830616397234,3.43398522290401,4.63678200956393,3.0297615580217,1.28365887964749,2.70603521672139,1.04880365708177,8.56736507599097,3.12039170689255,0.212684168421422,3.14256218173451,4.16851997884331,2.06679565789596,4.01065472888928,2.71438604653401,6.55728712016357,2.05122105863816,1.13391924710633,1.57340566633066,5.45134038756843,2.60084166388606,4.97327737048584,2.25442205559646,3.91261449300733,1.39048955679373,3.01140650407445,0.79154900699079,6.64373759213321,4.13334136822478,6.37979180163583,2.94683709614653,4.23457047738429,2.89260072867688,3.48544765615808,1.00288695904214,0.893665356015527,2.43549776942816,3.5931408627366,2.53536663594912,2.36818694537732,3.44108470798965,4.1971423918441,3.73168490811069,1.79192791563517,1.27306496606896,13.3936566548539,3,10,3
"2109",0.983537384995265,0.998280270914955,1.85574471603562,0.352336883752161,2.74693462158095,2.36496880971814,5.28624581395847,5.8186545550284,2.02149175176354,2.65817092894187,0.848905443521981,7.43993383495514,6.07264569440885,5.31825083085235,4.50048620693256,4.44615626725718,0.929600097644268,3.04988987259261,1.87678019855133,10.6474471343022,2.62611951639184,2.98720641010954,0.411964407677681,2.12797910928099,2.35979033108673,3.88668631138297,0.412208005985504,2.16712079389675,1.09437758343854,2.53977697253005,3.80521816199256,4.16741954860182,1.52290523118687,17.4283582687854,1.50108108400884,2.9357736551805,3.45612468288542,2.2318482312434,3.89140691326048,0.529898033491758,2.54841515661497,2.33797517167516,3.54041519691827,4.54346483885156,3.92810240606353,2.04262983986345,13.6131259565983,1.19691465022014,1.21173736097622,1.87830258222301,3,10,3
"2110",3.14007296406595,1.77682444259009,3.63540241422462,4.72200613452709,4.77274533887971,1.65779695551724,3.1555649863746,4.09102299041349,1.80566010628278,5.75242067979444,1.80648467444001,3.04489871798877,1.03158043496743,1.6441395190796,2.09220443507883,5.88407124369964,1.83942865356397,1.15663240288971,4.95492567889332,6.77305517688911,2.6457195119741,3.55201644003833,2.02416695047065,2.8335291816398,3.49122161314702,0.687681954661781,1.7786736027854,1.10774724772275,1.63312028137078,3.49978328394347,4.11496498476212,2.23587674456169,1.49000788830424,0.540203689542557,1.22488982500169,0.359207508669776,3.18526769762703,3.61330105563378,1.93950321414237,0.620827345415489,2.5523193125966,2.61625091543365,4.2551632580424,15.5289494802927,1.7861259080424,1.13730376052426,3.28777347645266,0.440063404740014,3.57034770644573,5.71091559990971,3,10,3
"2111",1.14520104197547,1.56315904757832,1.71051077465723,1.30442466794262,6.43561383812192,1.69894758595144,3.07053604970363,2.50613218201754,2.12512797725063,4.3338062634263,7.46044968798526,5.81508310211291,5.78780458990069,2.82264687912338,1.70870507613649,4.04316273484452,3.6302694682422,2.82342727975335,16.0684455905629,12.8645492872349,2.17270579090712,2.58040707994136,2.17302480746165,9.99044662331037,1.36386367014998,1.84246211095956,2.35592526730299,3.03603886752083,0.785020622897654,4.35672765014467,0.823085723500794,0.687844466185074,2.02758161421472,2.61197629003315,1.55520709142215,6.24618313499953,4.31359066641718,4.91413624816684,1.51925993261338,0.402789087090507,1.97462939303966,4.33994937000669,2.20839544789191,3.94042128406821,6.14529347036588,1.40746910104174,3.72905988661687,1.72199434263925,2.23604853009481,6.99606352069296,3,10,3
"2112",0.893682872462816,0.774232654500596,2.46686206074647,2.59959078103667,3.2241760108216,4.59917283954645,6.69230326122766,1.58219503861129,1.27469377004091,7.94022485905337,0.929147619358364,7.02977864066314,3.95092426789593,1.07317848143085,2.60777387670133,4.7063707858101,3.09790751448762,1.80328273337489,3.83525981566599,6.68594151104041,1.77273646303421,4.99645114660593,2.81891111381289,7.79998595589041,3.65540393821848,2.66816914378024,2.2868995186663,5.20096858575581,4.99473975502797,5.9380163840824,0.268287154989871,3.6788578633896,14.4994798814942,1.94549720795127,2.59100119440316,1.91386226552724,0.392257198235827,2.31862742162866,1.55947821008876,2.99283623707443,10.1634854147318,6.06557081160895,2.85022793681667,4.18078090247029,7.02391376288046,2.47308851456468,5.58523026393306,1.16613818766713,2.01357843348257,2.11384072531641,3,10,3
"2113",1.02465071330211,0.982957316607856,3.21071461751088,1.96434204694105,2.32958147130001,13.6924117595383,0.1450332349413,8.62606739377575,1.48685634431189,30.1547375996576,3.09221076637161,13.5133170470822,3.4261222577196,5.43299873083443,4.60402842938761,4.97529351241316,1.59289251681942,2.89719374025766,1.22101856618842,2.30154964409385,1.52161717795262,2.56467404794332,0.519025324487053,2.28227835020158,2.81533871634941,4.63530776391276,2.3399895418706,2.20354056313587,0.863735124272734,9.43754002518381,0.530702425047951,0.790483955238037,5.32829104229777,4.20920548870812,1.55327115639231,1.04404574437783,0.227522434645478,5.2953690981261,1.52131784980181,1.41105013728446,4.01288743633187,1.11755415408065,4.05198703614141,2.98925868084004,4.62564894490459,1.22256204508909,2.10519910995832,1.45801189541595,2.01352020853348,3.42738468646826,3,10,3
"2114",1.23465233856987,4.59825159387531,2.35444953432445,1.0481069928153,1.8070554057771,3.03625693953525,2.22446479360509,0.382501941732946,1.41537967310177,7.65753394666166,9.95439442698375,6.66465807338298,2.16496878153603,4.33321368818362,4.83944961129476,10.8045816350179,0.917726736168481,0.843300917658082,4.31852424563795,2.11642943189275,3.42406414697991,1.95729978374291,2.52300294432369,2.36911098711336,3.6534524907379,2.52900003654727,1.22314316974612,2.74507197926005,1.9403895813997,2.97909671680468,3.36673595373977,5.59544154753305,2.75190459182963,3.87840481929203,1.83888776791832,1.04545383705961,5.04383814039129,1.23028135643309,1.97846872345605,2.75111253146033,1.47304206652125,3.070044331901,4.95599435411556,3.44891337217271,4.56551110889639,2.05653533938533,1.33605395848429,1.32767798290297,2.98070182215261,4.4477845037021,3,10,3
"2115",1.81003549053448,4.31530839261019,4.76038642369735,1.31194187642812,7.50649148032655,2.11362991094921,3.24237129632341,2.31362319083655,1.69434537075586,12.0146042042768,0.88172115087596,5.58276280342029,0.829403102745982,1.79182977112066,2.59299115090045,10.2143107921709,2.21227779254348,0.783902011583784,3.22262352339683,3.18080620306823,2.86517951967391,2.12336729402477,2.90077809795017,2.88992036657128,1.44173014824011,1.64343381662804,3.05035876594144,2.34366061562193,1.23994374035023,2.61939034835113,0.635607843737847,3.41782786316575,1.61075752137954,4.08009904459925,0.684787844970732,0.878774303987098,3.4205117970094,1.07071811906753,2.41867966400527,1.32007295572599,3.63432022090836,0.827833091021008,4.55961724551305,3.70347784566937,6.48774390829925,2.92239387103251,5.62848717150797,1.16666383450747,2.09362604389095,1.48207924367781,3,10,3
"2116",0.53684228390063,1.63646737643505,3.04893047206543,1.34494518420301,2.41472937763414,3.00819546838525,2.68480937483825,4.33137005635955,2.66762408687154,2.288282916622,0.73116713259702,5.5610562249003,2.39013403406246,3.14470115159002,2.99699199628074,6.1140987250794,0.896595584072403,1.23421734909243,3.72897818328175,2.15247540958094,2.70184505383738,1.92901483959595,0.170655311124314,2.55030720348095,3.35830161250085,1.46342849437845,1.73438450527393,1.71287062459705,1.635883425849,4.18166858147079,1.30687487936487,5.39796126521975,2.45615681050677,4.04504332652728,1.72117667076076,0.49361006673572,3.70973954553558,1.89261247929221,3.00449179401026,0.800040675282798,2.00990121370342,1.43664542547188,4.78692107206318,6.22153622276632,3.46183136946857,1.74486958432599,18.0167112319251,2.0654993305102,2.57973550255776,2.40264756463716,3,10,3
"2117",0.601978046485787,0.887977170242089,2.75042035088687,1.83159636904436,4.53377663076322,2.26345736994412,1.41922356607852,1.21759843754635,1.81353734467715,2.68025487426753,2.05169619927281,9.50677742386174,1.05266081471203,5.03755676242324,3.62287225947818,2.74521368185123,0.365621260823938,2.48772825562742,3.89821507996347,4.91488934144759,1.49509195331378,1.8532648604699,2.21826476403644,5.75263199673095,2.01190071326492,1.94256587265451,0.99244286188453,1.8465510419973,16.9241609953313,2.16788760699736,2.41965377575427,2.87336836591299,1.3089989240291,11.1627020474012,1.32012719483234,1.65598202251554,1.00456953332008,0.643609438985647,0.448810163017592,2.34602073663952,3.96625705713325,1.38000554521386,3.47385396995277,3.49159317071719,1.39094082039595,3.93010857524438,22.0317736599989,1.03585166425181,1.78277436495035,6.34260893901872,3,10,3
"2118",2.35794597644638,1.44652501347853,3.74597921430041,1.14027039314971,3.40783125247672,1.04373020323907,1.62972572220663,1.70694195694029,0.600546806006634,4.49705205617677,1.06073015303928,4.4177119627415,2.11561944853858,1.82398288927229,1.42577783788861,2.30648863876847,2.32703339502044,0.207274211252739,22.7380537726931,13.4724107275565,1.56942945078552,1.39593451554431,0.843459219763253,2.28173829849681,2.75655369854426,2.71450204509898,0.868258857925536,1.16971732904383,0.895083197926551,8.28517885294082,2.38008811759813,11.6229151162171,2.52949034230277,4.4767627500676,2.06731452191972,3.28991298273827,2.46623917183556,1.79556178573584,1.02038102807838,1.15395206242367,3.07455165095089,6.26543496872658,3.90184985030761,1.92654798412353,2.51438068405573,5.57046799870001,8.63164839325431,2.29536347483561,3.2686532509927,1.85516601836407,3,10,3
"2119",2.56264981104626,4.56143381200055,2.90793445205856,1.73144862662432,3.72714680462188,1.86652974797773,6.23190159993791,2.49223666275972,1.96955831377053,10.075082040356,1.63870265631385,13.6519841744114,2.57348080468675,1.15585956795066,5.4742545780162,5.26958669025116,1.21984221779499,1.5957647076757,12.1209106165778,2.39859115509195,1.62969708837247,1.66823697752555,0.870668444325871,1.85586628946755,3.90783328764062,3.86870395753003,2.69068018925481,2.80951155114177,1.21034933023286,2.25626385401658,3.12871520151327,6.22694766133343,1.68771773818038,1.55403499447891,1.96953491713751,2.919281331981,5.18600117902791,2.88770315722873,0.55485213912449,2.89805915558542,7.27827112264965,5.83654137642254,3.81988872417901,8.12992223662048,10.0182314322432,1.7516422172817,2.14631108349333,1.80165933731779,2.20634313620467,2.80709514683278,3,10,3
"2120",1.73737879930777,4.40412698068871,2.25284638675617,1.77546190425017,1.80275793814539,4.2906579180038,4.38108717439334,3.14447393984003,0.502467194710169,15.6894982239737,0.517465725951558,1.81815856700068,2.01378070848865,0.810809997654211,3.75382080030886,2.32352846844372,1.40850618963926,2.94707529870409,6.709731469463,3.67348750533034,1.0014074484781,5.16998392075941,1.37719221545552,117.943337663856,1.56642144468972,3.19774082920005,1.0675528319957,1.744075584822,0.520120953001212,2.47495665095235,3.70123429131077,8.03680246412059,2.92303141628074,4.66737898737034,1.11435995159776,2.08833985506654,6.97960198128461,2.75415473722284,2.84834612267071,0.551779539132846,2.16572069073,2.27954691079885,3.1639569078537,1.29747116433601,1.44659622701475,5.65127826380313,4.10183027158594,1.32290936819841,1.68548961548883,1.49593829176258,3,10,3
"2121",3.68561918291766,2.02545800450203,1.91780132655463,1.7230828408737,5.03509116474515,2.46750056166038,0.141503737460125,2.7628978534327,2.35932021873418,6.13591280117583,8.27197273692958,14.2458527904965,3.83117857542815,2.31129085666239,1.16938523737968,4.980711814524,2.49376926183113,1.45079015334745,5.94058910056837,26.5310585971944,1.24409584694261,1.81865145740597,0.70163906062337,1.73379977570718,3.55510272346677,1.45337305893424,1.65539113569765,1.82484679534359,1.41284142596905,3.06140429651633,0.531634088954583,4.1843619178381,1.10633956806966,2.26401588325746,2.82585100502956,1.97545586862864,2.42624210785289,4.06969572681338,1.02070315397992,3.70864344550082,2.30188553668683,4.53749821024723,1.99836348694684,5.64538669618561,3.54478072008666,2.51667534317869,3.92457631590545,0.157732459575637,2.53198711328848,17.7561845908601,3,10,3
"2122",2.42931027704111,1.65411923876038,5.16914786471735,1.30016410957441,4.98583361926665,12.7774421569609,1.7584652397384,4.59707489086825,2.56863459778869,7.03980619631694,0.865286007300385,5.78452411187657,5.1393813779176,2.10880332855766,1.99735458232053,2.31891943220027,3.23060377017819,1.11434089807991,4.63159913613895,4.29942910400513,0.939222297459184,4.18608372154261,0.448015465820434,6.89278200639634,4.26047123259687,4.90572467772534,1.46555454074486,1.31554227843119,2.98147175415901,1.6666061893994,1.36202915149957,6.92249556988422,2.62560251026177,4.55896845835238,1.97577105416902,0.474604754965187,3.14684306119505,1.93908011574779,0.441982008431744,0.762648681633089,0.798127961165548,1.84119093753968,4.2766251567616,3.45502842979706,2.01475088588666,1.49521600642938,3.14410294437644,1.07465766119593,1.21664156232812,5.32267804536593,3,10,3
"2123",0.956055398704736,5.02397130971206,2.26881179095421,3.13643983706891,2.08880020519946,3.83471697292189,3.12902444177125,2.75276268080056,1.48739447357417,6.36779913703148,0.576701119786147,2.04562188454906,3.50939520652391,1.35379102724733,0.995791646018152,8.69262910859775,2.17919820761766,4.24229995824096,2.56236677290258,5.59086459012452,2.74360706267459,3.63769056172465,0.511877291280466,5.78608736482529,2.35778721191841,2.33509194332981,1.65557067684585,0.999464416062254,0.493891695412591,2.12878457697164,1.36007372850254,8.20053013723105,11.9799712231276,3.8455395556369,2.75894284601387,1.55191792650351,0.189333647103528,1.23513436017743,2.3259970420067,12.2158585776399,1.64841203014025,2.17911804361763,4.99827747535694,6.67879431417306,2.08597958071145,3.02025300217175,10.8682617921369,0.924397077646443,2.62583712001852,3.24807800749962,3,10,3
"2124",1.27810178910985,1.68234102797393,2.37710206504617,2.62998021589978,3.40539898453852,3.29754956283805,2.73456608840193,7.18104632467721,2.86867030171285,2.9824549970096,4.99104122261255,2.33000975711142,0.809084003371591,0.555986252857098,1.42611976644953,5.14811216591662,2.42740100173179,3.27501468733239,6.79327979107033,1.32224182861713,2.31461887256806,2.75351526030013,1.81594281920675,1.31528488386495,2.30704735708542,2.86402185939319,0.829646210052686,3.66396473111955,0.753720680267075,6.45092826223345,0.221380887805028,4.70704257728837,1.65526400127654,3.70275325224798,1.59850721957311,2.51849341590197,10.8671481260336,6.07855392469181,0.92065386371363,3.64043634294198,3.19633979331239,3.88378790964846,5.13763266177751,5.13612470522965,7.94320284910351,2.78914142431389,2.44162943998594,2.22444243294177,0.846939025339959,2.45109106276257,3,10,3
"2125",2.14492038036332,1.75220130197871,3.56031983575541,1.74785370203136,6.322116717106,3.06186204686528,5.38477980168682,4.20288121950708,0.494468129317795,3.36849944638251,0.85977144666051,6.24039357315285,2.74713193413697,1.50007393587844,7.85439142039186,9.95046082484269,0.961624640987926,4.81343422460147,2.34153613961952,3.26810987886851,1.28600910567998,4.06211548031097,1.23999265228111,2.50589008249143,2.10751940766241,1.70553657277793,0.775723684868012,0.689917246039982,6.46779415416507,6.96407741328437,3.45202134466725,3.17899486290888,3.1562682605532,3.23334136175296,1.46836448704673,1.9814538119817,0.634173541704631,3.10356037307889,1.58955287811087,3.64128021094468,0.758593980225153,10.2888831451148,4.12749851601808,1.581536010927,1.75497800321986,3.56229961358207,2.46557261362309,3.3115785396875,2.96502746068439,2.39806818741478,3,10,3
"2126",1.75190550036862,3.33031077833258,2.24399491331198,1.58822490993477,2.69437470476179,14.3012030877157,3.0503231851795,3.59299725415001,1.79177593310167,5.6365742643038,2.17177128303539,2.25587711702993,1.78893455298488,2.40385618771184,10.1061496826408,3.67913235065129,1.20258364149307,3.33887615856965,2.37022776025245,3.42313217959036,0.859947898606264,3.65142631559562,0.163210129910331,5.87980143513466,4.43726718960524,3.93612566895902,0.608348823311922,2.95746076264419,0.886241868700433,3.5140208726192,0.368051917516283,4.51096011206035,2.5343283855893,5.09741284285113,1.8672148493548,4.34892143133328,2.17452273419793,3.6507300995641,2.23205546093701,0.40973505654096,2.78963298372916,1.85227932891312,3.86005886721886,4.83761682990149,1.46023993394027,1.46388775176133,27.4984815868975,2.69724117618514,2.65562121146698,3.31779054337303,3,10,3
"2127",0.378927406207781,0.588072030405996,3.27099174539496,1.6663429532969,4.97137609469941,2.27568686343166,6.99219129308719,2.19013674236876,2.13578910552723,4.27521687190444,1.64796476572405,3.56766340883699,8.34276281973775,3.1579965484356,2.02638664103176,3.83015345174461,1.32622654994064,0.272859107378179,7.74918988491146,19.2429614863384,1.62469437498067,2.90181227141335,1.26364917571582,2.94002443232442,2.13993324447138,4.10960240106755,0.904052978002538,2.00718946958678,0.371907614811322,3.37213190789912,0.394735849849179,11.0433760692716,2.9243310529918,4.12887238096134,1.03570317606443,2.45633874326443,1.28210600024841,2.60193217900453,0.611495778897753,1.04642987551006,0.542763405347807,1.98393625297716,4.99730546485129,3.4920675568501,3.50591221413517,3.30794436942847,3.3600661927131,1.28231305281551,1.38523393624574,5.07727596221449,3,10,3
"2128",1.68190266419128,7.02127677470287,4.83538860299037,2.92706095479025,7.27446677322164,2.3621232648632,3.8013059691819,5.10572326725647,1.78661465533393,1.80085600784904,1.10501348176365,2.64348184969959,1.12671418093594,1.29849952064133,4.27608557471818,2.15877222039368,1.4750913752347,2.29160913983465,4.41379117932518,2.94971275400886,1.24753296601397,1.32426943922346,1.59877610643697,6.3849862685101,3.56067939879212,1.82031326207151,1.55532801371477,2.11639734774245,1.47661677106957,7.1568607877722,3.54585537774052,0.569361745213879,5.24808284823489,6.61893231693422,2.38946457162682,0.844447816264325,3.19392044351897,2.81073876991078,2.14344880304346,4.41159979550075,3.97029448436939,1.52829772127229,5.35318007823076,4.96128661458672,5.21417989510221,3.7481326075022,2.68938707222597,3.59894725522127,2.38792605931174,8.27878679641523,3,10,3
"2129",1.48767237640055,2.7282259284149,4.75238585352322,1.05249343911977,2.18036277318721,10.8435130773597,3.16040885394675,2.43778545188368,0.762014205147358,11.4615159900486,3.49985433280371,5.88248914085066,2.58086730428614,2.52704823530893,0.998570716321778,6.00171705421912,1.75529062377366,0.958483030525162,2.02248650293335,6.5774400068784,0.878955061415009,3.97850602100264,2.86077434593877,1.23062947931927,4.83726057405924,3.20495614217214,2.72242366273213,1.30733255770845,0.423621865870993,4.27723710390593,0.457554981202444,3.27438067194075,3.33391362385489,5.96755186555091,0.911814333071241,2.25646714048905,1.01537540492185,4.05804547598135,0.555492314714832,5.11162930555719,1.03558387317186,2.23720499979696,7.82009668102835,4.24687908720862,3.89971822814245,3.42892740871293,2.81139728152807,0.79269170958397,2.66039824125011,2.4535086543148,3,10,3
"2130",10.8324856952136,1.61512240631339,3.60225795656431,1.89455038561705,4.89131424292139,2.91648053633489,4.18182059119343,3.10354972477686,0.95082242639549,4.44244305905037,3.3140301710899,4.95949407177658,2.90275748379827,2.51917619987545,2.12699149324442,4.20972863148345,1.37350992690467,2.94746798444682,20.54065953516,4.31791222329353,0.823878684066146,2.68151346182621,0.862053663192191,2.13923523499666,1.18214520376853,2.3060915393845,0.923791392530674,3.2061373264259,2.08182727439674,3.24088906609816,0.66977912836024,1.97918949930433,3.83792472391928,3.62289664177877,3.29864900460035,6.28732082341695,0.403159682863688,2.54048643766932,1.54531270361341,5.44349048324353,4.54654809792734,9.18660875152345,6.14498063277625,7.27884470314088,2.45330555329083,2.74479111456512,3.45448599066449,0.411140933026178,1.41969102900582,6.50104667359441,3,10,3
"2131",0.858741496625265,2.86379283093002,1.22701749388859,2.5308951357317,5.25232788586107,2.96707288457706,3.57454018311088,2.15344190690511,1.25020974209932,11.8320507186425,3.92696879535879,4.3936585068229,1.99513483171349,4.37522330868889,3.41500847144381,12.1055466752338,1.67052125845769,1.59859719336945,1.83418103785279,5.51555822838223,2.17414895782246,4.47037443707182,0.629813155344834,4.70187156583569,2.50330067418232,3.26265311321137,1.08026456414978,1.19784573512583,1.41554409390244,5.23784082512512,0.511538628203816,2.17320788409934,2.29032178533339,7.10417678297684,1.98854761093087,0.835090321134827,3.86794509019866,4.33775470359611,1.61201573386054,6.09493898751416,2.66765940174367,29.6425225246316,4.54961512742087,2.06165545934991,1.93931500197624,1.87573363322642,6.72996821184685,0.580050134832225,2.26737433107491,0.746047275078165,3,10,3
"2132",1.28139787943647,1.70006223878752,1.93063793878143,2.18278985724089,3.1560458476461,3.90561307267281,4.84843569233934,3.40612860703343,1.42805801576226,2.95670026425382,1.51085775874054,5.48240791052171,3.90459023966192,4.00005490432529,1.81806243222477,12.8652593887954,2.2569128879362,0.757333809429657,4.19077537170155,6.54824089815441,1.0724582682792,3.18425812996781,1.31082631735624,9.91547737393326,5.02511623514582,2.3442082750831,1.05233980698976,1.66021494328735,6.96628907582775,13.058029145917,3.15484253116905,4.1330962847603,2.12376363688932,4.46658107978104,0.449392767009563,0.409232955165563,5.05278463170483,3.47275121014779,1.80535353318213,3.70073820889042,9.88332672056777,2.30704878922394,3.07176111220763,3.39918100187528,2.30839164680349,3.7522519540448,3.39420961608393,1.46028474384014,1.2328108991762,3.62005445416901,3,10,3
"2133",2.01250779016158,4.13627394311066,4.11914643456032,1.65120668937562,3.71760908298942,1.04167063264136,2.94493286405085,4.00607146112174,0.763490307763007,8.10731773338496,0.92660275148291,3.81154416503675,5.55636702274065,2.18424032645039,5.04840524785082,2.05895072284882,0.791930249781531,2.13050799377823,6.33339145777128,4.55199336831361,0.816936373298407,1.58434824750318,0.79562998030373,1.70181904720312,1.15295344767494,6.51448005905831,1.1527472059371,1.39263541618382,1.3590632001905,3.40871470584851,0.920253218425288,1.37382206701319,1.26026605561201,8.77181975465785,1.99832713470649,4.41839781183611,1.833992005389,2.6826832781559,1.99829035482908,3.92930285500099,2.83366078060599,4.57000066016305,7.19503357246939,5.16910390081606,4.72048519639805,1.26046454981519,5.82239743987318,1.27832376627927,2.14348609824743,2.73979276197126,3,10,3
"2134",0.558197330770138,0.859490704169435,2.01244181217888,2.71605967406841,1.74406979461924,1.22180104318534,5.48395246951,2.86641527834518,1.80254845434617,9.64674421466012,4.09191371036568,3.43218566605436,0.887854819326265,2.68358028109315,2.59987190290033,12.425861439603,0.41705614212109,1.70020611096832,5.92561918252572,3.62634103670881,2.61390267212907,5.65849173495002,1.89003691141252,3.3884649073511,0.608803266645376,2.50926992691264,1.22037644999699,1.3721758216223,4.18001728081048,5.61655866144819,1.13489519343038,10.1418816753765,2.42324569465891,2.24996674149242,1.66670092701005,1.30932940743622,1.09242187545269,0.586571985331692,0.388644615750444,2.93851535159523,1.83737145429388,2.50018527344709,3.34470105792098,4.37016297301186,3.35784484179021,3.1977840244113,3.02452681589503,3.51818417809298,2.1635646406513,1.30964427128822,3,10,3
"2135",1.32368062197941,3.25541688685998,4.89271168883764,0.972443201532293,3.41318212101877,4.74951533809305,8.81391572849858,3.62854609358487,1.70029478533464,1.86622736685851,1.51567632734721,3.30165088044889,4.46879842984446,0.470808831530795,3.7414360288356,8.2161606829546,1.72713113997166,1.21021717535198,3.87649795262263,6.08700282824854,1.57344710674587,3.32201936319843,1.98543776009333,1.69281286025409,5.09622174795698,2.12128714285505,1.20307568803679,2.55655177354004,0.746675820383419,5.7383570632761,0.200868611570941,2.67162650974316,2.96867480008711,4.43668668655783,1.33769307334742,3.12550196746838,2.95243488603579,0.678437692071936,2.43450863078819,0.96251564099578,2.15225183151295,2.3818560220558,3.26367393654641,3.81171893314334,10.1230779692554,1.37006890328489,2.36899192372658,0.311782318090163,2.51813891443672,3.57153766621868,3,10,3
"2136",1.31051099543689,5.29617724960946,1.7029032892427,2.17580334843973,8.03336964976256,4.07294657558822,5.82019395799189,2.46518411601813,1.3992802338567,10.7640395469695,4.09996707067106,3.30544349242775,0.970260105530033,2.47413748691861,1.87335898596358,6.68677796589466,0.816390492823624,0.435838368503351,5.07218256844981,3.86562685187396,1.26723207250599,2.02222500050629,1.38165085598774,3.92619408746023,2.3931936828219,3.13761082649053,1.66577728830519,1.88182172148718,1.85347619408938,0.896062914337438,3.40538447422033,3.39635693284236,1.87307472061242,4.97351768128048,0.531731462684235,3.96547946553247,2.27233250200444,2.76505634470977,2.1696832373763,1.09385134937301,5.05300691377423,1.95596239150929,6.04958193319105,5.39856287079056,2.73976727883486,3.40416861282206,30.030535190605,0.726021632986448,1.93764026913618,2.08129720949503,3,10,3
"2137",1.86471164945208,0.866476841428287,1.61130683046715,2.23122022224607,4.29531835767856,2.47923421307303,2.25044341550406,1.99912136715115,1.96166723155403,7.91518540211707,3.66440964532414,2.99855150453164,0.807876728460728,5.64473631149218,2.32038359869495,4.60945242096088,2.08416549933667,0.784275430511838,3.90452898372109,3.70627857492304,3.35790974224306,3.45759182754823,0.686472929611549,2.13563835555305,2.70764683274856,4.16506933071013,0.89856740374798,1.95158408808005,1.67456789321996,0.872709849175293,1.2994838214045,6.1364458246677,2.00295089527387,3.46481248664223,1.76393782904028,2.99912823064714,1.75207856132815,0.769273496890813,3.77988372733763,2.15152585902051,2.20836563910198,1.52327979276741,1.28155474437981,1.32829177025017,1.91191556615863,5.51948630921348,4.04576084151908,1.42083548728318,1.75136892342813,3.3237252473585,3,10,3
"2138",1.25028233533233,2.65817784338915,1.5528528672721,1.82459323506427,4.31824126496693,2.34505041012171,4.77599283192658,2.49082284136503,2.05599568340685,47.4054436957474,1.61897761030935,6.58120682295991,3.5250343778405,3.30952871548735,3.53412458836731,4.25688254408653,1.72782756292338,1.98751093704548,4.44595101092515,3.86658476466452,1.75246119933358,2.12890582830419,0.731720075019693,13.0164819190907,2.81041236834399,1.04955089689953,1.50241913388877,1.26418669831263,1.4017666319716,3.12631281053992,0.557950251046962,1.37749476933827,10.3776590291649,3.94026187612072,1.18366257277144,5.02103048917406,1.01062345099387,2.54296381583951,1.8414798464258,5.31219892107931,3.94327761777435,9.64672941591436,1.82810065084138,4.35221255351548,4.95044106628631,2.95075934965868,17.7007118088438,1.57486069735396,1.68136794680577,4.76808196111527,3,10,3
"2139",1.37286211275864,1.95364526684145,6.25982270268435,2.85823124226442,3.70772028556585,3.24145844962996,6.37153413175594,1.91506808208534,1.30322636405538,18.3738871691507,4.17316881027085,3.89236649710292,3.83058396428769,1.64344491850959,2.63060456601506,7.68878974271254,0.490934724807592,1.14975774107791,2.2418103731889,9.93029297755262,1.38887378548165,2.75996622567484,1.3603913597034,2.14017747089823,3.35966915041606,4.86038009478051,0.666301719368464,1.86838135083487,7.95272965350246,4.35577829549395,0.91892421762342,1.64049302217547,1.61498148335656,5.5603118110346,2.05254102234366,0.145400682455173,1.38366631317991,4.69524536095039,1.92770498620624,1.16146322519973,3.47902686788654,1.48903460368142,3.07503158887794,9.48819282808548,4.69534509770836,4.66131857329888,6.43532083228033,0.0762875161867418,2.29474002343824,4.63205962400271,3,10,3
"2140",0.758460514852033,2.61862519322422,4.17967477743769,1.76744605839228,2.72186911488933,6.24782759079714,5.78297989374499,1.24410662352693,2.49498848480961,8.8931423332026,1.91204227798371,4.94569066530759,1.50918217347902,1.46684915235068,10.7742584065224,3.29355219566625,4.89222378379421,1.75515881158801,3.47653228849129,5.80755973176527,1.69390892404824,2.8130415696305,2.15190799526212,1.48285884058994,3.18663475321301,1.54982792152327,0.979952215849021,4.31436728752521,2.15354048073478,2.52195043408198,0.934636293311912,0.532865442584933,2.87413240788604,4.61817030492809,1.28650748157373,2.13171097399101,2.47053754546031,4.84420226006078,1.62233955450523,0.830119609010873,2.25081666294596,5.62764170938971,4.84161165107249,6.02002564037173,2.02565776758828,3.13558447866033,1.10276714944878,0.827625276538934,3.58270761929484,1.97724540663412,3,10,3
"2141",2.40761494598471,1.2009559320945,2.20538401567356,2.47740846948955,2.12566710109586,2.08198336494636,9.26740201070962,3.92518182866511,2.49714808879196,7.09545397904437,11.1102205600346,6.56212643528191,2.68311230651003,6.49740647216697,4.05330034860943,5.49463304181419,1.96971263335491,1.23952512358922,2.07408380649459,32.5160548782759,1.4034473538388,3.74518045666145,0.618567580984461,7.38088039988406,2.26423400723713,6.03474055220002,1.84907963209934,4.42411416589914,0.557892673880877,4.0451555776101,0.689639487952604,3.48578956118702,2.10636681260821,3.56339562519633,2.87498278358857,0.5662032171498,3.29686185842222,4.14584966207777,0.836409581974964,1.09273849946081,3.02609459354365,4.58192119996053,5.38931492127514,5.43912029296376,1.16800006034267,14.5639159832939,8.87944222167717,1.22518114966497,4.22441589304429,7.01078566425455,3,10,3
"2142",1.14713641975407,0.911418530705297,1.27609941048834,3.09907631084552,3.77420687221296,1.89063922851303,8.44297657983435,3.10318825528303,0.858961825310342,12.1420739096105,1.32843472657831,4.21174517935193,4.37392293546384,6.45392820274574,2.92897117145314,5.03073230891533,0.361464717271833,3.46279520680436,5.68861562918396,6.60998193376588,2.06375822279837,4.64098816633753,1.72372375063347,3.99426031230206,2.9235367939644,1.01735478426815,1.21611937905645,0.898705979602681,0.741836805248999,1.60698610019952,0.546164306385127,3.64882719220976,3.60662038258722,8.19143617311301,2.09060982264138,4.8090540990143,7.07037545876171,3.74563607166243,0.76052140329432,4.58389169047753,4.42467647743236,4.96764325473713,4.29778023396124,5.41725396188982,3.04836513598533,2.4585113724853,5.1842425442159,0.601781679456997,2.04287552723062,3.9796379452164,3,10,3
"2143",0.636995989837149,1.96437321139023,10.0472333036436,1.12738149315247,8.66013964252772,2.61891550025003,6.42488059386346,1.72957004691809,1.76999557410758,4.14224230656605,3.11704430938724,6.16696953068366,2.42721836774476,2.79254959087197,2.01380599995111,3.72865388973272,1.85032815665028,1.00142209610591,2.60038042032471,2.73039308382819,1.0880212662293,5.84070603743734,1.01329167617574,3.22713117869529,3.20167324206873,5.94448508175575,1.10159420545995,4.84815517676697,1.32660047996973,5.22758430210478,0.368336561611399,2.95016714971876,4.34349156170782,4.71534054509774,1.7784624859968,0.729419433917605,1.95794067320579,5.25812541440942,2.21242804103779,2.64112908775536,3.86421787240815,2.1647278297989,2.47575318070437,2.98087025014765,1.9995457509662,3.11288009947221,1.70519131936939,0.361769647579635,1.98055623550762,1.47354321601587,3,10,3
"2144",1.83352418059937,2.04456764798621,4.0110263693179,3.78574307597514,6.24596264946853,7.21736381247686,5.65076106944873,1.20451966887554,1.84687031156993,3.68300842985826,1.39497004448184,11.4975099356553,2.6130361795525,1.41575587292157,3.10194036340774,5.23167778367636,0.645758534397053,1.50146884409514,5.23401192296305,12.3636379895936,2.51373792372872,5.2186088194259,0.213970574062143,2.91838785464192,2.93217771028042,1.49281356620595,0.861819690156542,1.44193800926057,0.573506645859891,3.83742109176008,2.35680321407483,2.3891440802782,2.0106809307315,4.10021309027512,1.90349304784517,6.94752626399261,2.19370435448741,2.70317861442752,2.20917115111026,1.30515706293693,1.72200106486143,1.91769421548042,2.20471836500896,2.66228230509178,3.41412612308456,4.23597811946283,14.4764423338492,1.09510593194091,3.76201273731948,4.11836124731017,3,10,3
"2145",1.47714327505631,3.55617652012795,2.05149879597984,1.62595793851788,14.051513042502,3.2904084001227,4.24687297897572,2.00738152670406,1.51675851508974,0.702257593645832,8.31965108271776,2.63756540193921,2.51700354805394,2.50830903100375,2.55785103618515,5.10172129986505,0.812840113790052,0.722918933843354,3.11664646343511,1.5843988576662,1.28869413638524,1.31503492073798,1.90853843223056,2.48241706271555,5.86727993304853,2.726932628181,0.900216994478168,4.72146001596785,2.95462669311731,5.42470795416483,0.82108231045932,2.24204016969056,4.37686883205443,10.0600490430052,2.17352997710658,0.59695588041353,4.87969486929856,1.45645607732672,0.491843985209499,22.4101710699121,1.52766889447269,4.21543284355109,2.37375196265348,4.74777173162411,2.50552000747799,3.81749864021989,2.0509891364451,1.27067362265452,3.19401363332796,4.70185109999123,3,10,3
"2146",0.937729442531598,2.23253618765239,7.21393071360272,1.12198390962858,2.3810736464119,14.2047365420114,3.90680703296854,1.39317221130892,1.12054693095227,2.23024376755854,2.29194479535908,5.94193767691598,5.92549252965125,1.18568111278553,4.24811291902996,3.67240949030262,1.89910134672273,2.59137331229417,4.46987188259063,6.83400397352177,4.14212373183071,4.49851535148938,0.476155534011603,4.93058517675012,1.89184950814032,1.60774205724448,1.68372890961216,2.04396978426901,2.40927176940354,7.36022333985195,0.267922749673159,1.16226615667236,2.00695216025273,2.47954859619302,2.6916645674043,2.17887867706541,1.97133158278771,2.4569885957175,0.625695892331699,1.6675816169778,1.62385617328917,2.3433158428734,4.19019549234009,3.97282072265427,4.14953877646637,1.46583460094755,2.20058617789768,2.25516387024764,2.83602128049922,3.73698579379421,3,10,3
"2147",0.358432310655289,2.33220962523412,3.01660881223749,1.86912645189093,2.16104673085319,4.81873513336278,2.17254967607127,1.13161946139902,2.14010112826534,12.1660267389633,9.42492623289181,3.69737983467954,2.18820563100173,1.36175344653573,4.92624118838461,4.69354437956726,1.33730374745187,1.60188786130113,6.40769725448566,4.06823208531154,2.36720261890321,6.65764248360418,1.08007125884159,2.5330995865838,1.75205861560157,2.6479667226737,1.01343552817735,1.68392920549297,1.331841007722,10.8540584792192,2.45180949945736,4.85882762503876,4.84955951670776,5.60353760809874,1.32335956713886,3.9087122855004,5.21487182139059,3.48088051487694,2.42278706777022,1.30074075032307,2.08436725561396,1.92154620068347,2.46340547793756,2.71405854403547,2.23602165752881,2.3408855699136,6.05995220416539,2.65095290296361,3.80974896555102,3.18315848142385,3,10,3
"2148",0.77707981684602,2.45892505985216,2.46698265580176,3.14674549747242,6.515987720003,2.33237516855524,1.56975429512382,2.22718582584736,1.79965693247451,2.32340473776965,3.56015311069893,3.09049492590955,4.69495168621462,6.59684368024548,5.53696193016814,7.83297324238504,0.821519119475988,1.3183692278656,7.9234194490865,9.92103238472922,1.33017877297608,2.3604535203444,0.407703120085008,2.08930296264503,3.48855287684002,2.86807995292823,1.09062331887304,2.33171386011366,0.53197577226399,7.148616007633,0.810609111466397,1.1662418386994,3.00974123926759,9.61167617642407,1.21235666561897,2.05638436273869,5.0165485857891,2.13456505062919,0.910376314262437,3.27851606260392,0.816713409809869,3.77951470865465,4.78629845020324,2.95163106600176,5.03141129773601,2.6263517575295,2.50441923256035,0.72843268064594,2.29327985540531,1.38443228321831,3,10,3
"2149",0.821924894763063,3.42525829864484,8.13461687062891,1.42956631648946,3.47607424414634,6.65012710858328,1.76788312282463,2.50606920795649,1.34724246379105,4.40967631218821,7.1558466932147,5.09948014533996,3.30112936986034,1.11286509667107,3.21349614685517,13.4042709517777,2.08110328402802,2.31849858651399,4.7957788128048,7.01146183185292,2.3967713366118,3.65010380431503,1.46980484962087,5.96922178940079,2.05036630938715,2.21774676539076,2.48855416556985,2.98487320018297,1.09900830614386,4.14222773536597,1.10844153269412,3.7240994953201,6.54566564370664,5.76364897231272,1.59551119052697,2.14117223957945,3.75054438880147,1.73243036652382,1.63732129030981,1.93044657981244,1.11159813246877,7.27644728074787,3.70132229088226,1.60243317531587,3.96431315276342,4.26516324395901,8.83772140117943,0.976602723581028,1.77273737810654,6.91589965572106,3,10,3
"2150",2.09061870680982,4.20532824168161,1.84127323645025,1.53245377912621,2.30347184132499,1.89205129232674,2.57788929895887,2.81634034823864,1.29005971023132,7.43281495253772,0.61549938101133,10.5775630576276,2.54072721509431,1.4001547641731,4.70934227559586,21.3694513325595,1.29739397473481,0.50695920120871,3.88281254420788,7.86960642326865,0.283035188491537,2.04516726836525,0.977408069215837,4.36967253539915,2.85489091530367,3.4026194832813,1.62940242386161,3.21105963107085,0.59092935991638,2.31383249389754,1.2091063958439,2.30421378712249,5.94275369231314,2.0415941682489,1.34630110379803,2.23823309177952,3.12449220967543,2.87097069859283,1.91254910216138,1.09598824953323,0.688930533219599,7.72993219379782,2.92000706436312,6.46078159170338,2.46192829160545,3.83527079360675,2.95023643182837,0.767754513438769,2.32515231131604,3.49459582323261,3,10,3
"2151",1.5465403095114,3.35958722948144,2.80636997023159,1.98975563427756,1.62826096151049,1.58436002033738,10.328014683426,0.823244536003233,2.51265858436858,8.58859098448615,1.67520259164779,6.51591824693134,2.50820052067818,2.78755077282826,3.79278326684878,7.44396860896584,2.10406673838682,1.14873415455577,8.20522497289559,4.24843529947379,0.975929406445891,5.24112427214096,0.322987720379639,2.60889935129884,2.30584588140596,1.77894955089654,0.825095536575881,1.63949209796357,1.45602673735687,1.38016728958696,0.672329548637795,1.64803501295957,1.56594095024667,5.65361855853965,1.2672483018697,3.06759962439309,1.38090831369871,3.0518108588615,0.881872034463008,0.602115275834682,5.32287414272417,1.93813493753564,8.58761802761221,3.38054383382817,4.38704987463763,3.17017886723024,3.91361332442525,0.701838687957122,2.64263182151217,3.27249404305445,3,10,3
"2152",3.17293982312375,4.36087925888644,2.39158166989201,1.94456322745351,4.09408567342562,4.73542526074037,1.25459656062175,7.71560346303838,0.224218975594323,8.43174096618305,1.76123825918963,2.92293050881222,2.62898992313595,2.99311658413241,3.17551996669014,3.71054211590351,2.21303172029723,0.424600733588457,6.70114104060254,3.47955221904931,2.09083062181844,1.09341913464639,1.06295383809753,1.66090289052153,3.27522604469886,2.0353243477692,1.52397122193534,2.18308575418142,0.86617738750472,1.6959192850306,1.99524654848137,2.12152140935626,1.9081703427292,4.3354353961309,3.12508870304758,5.08536965699195,1.55186961666148,2.05146020245762,2.22836696323384,0.682407940538608,6.28135926762071,2.5759074163428,3.60810515387664,5.70988479587599,3.03783200548893,3.05469729055866,7.00124730947535,0.894914900402866,0.846017802707777,4.70686656299294,3,10,3
"2153",4.18560165060577,1.0951447645325,2.61031488363623,2.09909308966902,10.2930580485493,1.98965534979974,4.13252224866587,3.2102603214295,0.60131886350449,4.32417185828868,0.913800442271554,2.05212825219489,2.87999900505149,1.86038560577198,4.72037303704,3.89716714252067,1.37696609800257,3.27447372432013,2.33180502427696,5.97043028843048,2.98427649996581,1.94864904290765,1.89834541252828,2.62383493901024,4.03949300691105,1.283701201447,1.95665346306559,4.73521770217573,0.967322356559374,4.11009821424009,2.27802456587291,2.0150241464757,4.41765344324708,7.81546818409326,1.80670116289805,0.851487365187962,0.879837435428983,2.66805175805188,2.72738558377772,2.87286106232406,4.03461137992759,1.38527098737096,1.41604281237482,1.78741486760419,1.79590248742564,8.38837243183981,3.66153316798415,1.55742799370949,3.090383984743,4.78259322942697,3,10,3
"2154",2.39116246845361,3.31350819150592,2.87058175251624,2.82688208200567,2.46512000447343,3.27868857667607,0.575228429530166,0.135376573409251,0.502629480558716,1.33556133668523,1.06982142974779,15.4843392941376,2.34465540603757,4.75626237919845,4.53511890835174,1.25701487954528,0.815780735646868,1.79364943799202,3.34533414031513,6.76719313047163,2.12452878872228,2.40633544409681,1.29502670615928,2.75824410981503,2.0367816964834,5.25037941688428,0.567715985874264,2.26208503005897,1.36927541284197,2.41854400870218,0.786726617350678,20.6428415657198,1.39469156371635,13.3254881844922,0.940911579290654,0.475917682724779,0.791594964674053,4.29107720052251,2.93323406047308,0.615594573855033,2.36022208455139,5.00687806161807,3.3329059732683,1.70994647417376,4.52816879409495,7.86778093419558,7.40539937655473,0.667477782667777,1.09626115914747,9.65087613580801,3,10,3
"2155",0.278808904904755,1.32739891908088,2.77070473663743,2.19375645914825,2.54909857278383,4.19324280561616,6.01724048001916,3.32891982775962,2.10081790677845,17.7533365131255,7.18862221352969,4.1805307420855,3.22681442351152,2.10582143498791,3.51896160645247,2.58048293679946,1.26170284716163,2.43832449602332,7.62542938967304,5.32902011165827,1.86386062668885,1.63832431251025,1.75161226487047,3.57839084332431,3.32018173617794,3.17384666498859,2.57519090030776,2.11773761713772,2.91310582019063,1.8758565450875,0.823274071369318,4.01509062032242,4.73792895826468,4.65059524748438,1.17391565067968,3.40302997999005,2.5850165838045,2.89748307653409,2.92249039559202,0.397831616219461,1.45527164690037,4.2935537159571,4.14931386930186,2.45347892612722,2.54949653454379,2.68094757042871,2.68468920336673,0.876907802829888,2.96029998141679,3.41506164924169,3,10,3
"2156",0.669427032247253,3.2396748817602,9.16861197141441,2.50823576475763,3.06607381050849,2.58074960201686,1.74491309582892,0.744887700218354,2.09915123762158,7.32736696766705,5.25017111162815,2.08519737104874,4.31539534237065,0.914938423776291,3.2363618349605,17.6422894574784,1.35882662214874,1.56512941215626,2.95753430109104,8.70318110076206,3.4217186425496,2.09205183351675,1.10856275809346,6.10180165686012,2.16504284946852,4.80508715594772,0.385624904369739,2.80203797107211,0.863641203899599,7.2070922930835,1.55180614602342,4.36459243338636,9.50142526350315,4.19682316910537,3.10963306941614,1.09319955137587,3.47946863284357,4.41108813087742,1.43570937112565,0.686411214506762,1.77087619255422,3.09130707163306,4.43432139263645,3.16797089295234,3.01986302280862,16.1369653683525,0.970375389815229,1.56504957243339,2.64982209091284,4.71455998300931,3,10,3
"2157",1.57601127854546,3.23583890872293,1.11038915945364,2.18100304558062,1.34908681149607,4.00845269091968,7.36307745882528,1.33446406074313,1.07392068874577,15.0004162788853,2.77893174972426,4.61961058863564,3.59024235343627,4.34362179759095,2.79571464618007,3.84995582492368,1.32376053125947,0.268287448371373,1.82841499033897,7.56396766159885,1.89081815576083,0.800300524423801,0.137542595301269,3.48769314272877,1.15317238895383,1.66109792177097,0.471634262952828,4.74876868406278,0.738759455241194,1.30053566037301,0.218036453048685,8.49003599194041,2.34615789587624,7.38332341487945,1.19429751308604,3.31704201162605,0.351486282489188,1.22736178829242,0.577400431102036,3.26215670157306,1.01438534943596,3.22870782540743,2.15465024141543,5.2521978169024,2.67844123380498,2.6657759745121,5.90815941560611,0.568166322716778,1.74746219053862,1.42948292984888,3,10,3
"2158",2.03036972674328,2.7922154301692,2.78501824260234,2.39758376151457,1.41712784933277,4.25201669369179,1.2343682092695,2.41036781970152,0.59533144800011,25.9009920566072,3.19624667606004,3.53603049102985,4.20418704488998,2.51093721209754,3.03585020982289,3.34284659587132,2.98626806041121,0.435950844314524,4.5625895979814,5.50146348734795,2.81027911802705,3.71568607069457,3.24425626827176,1.87680548283502,3.28766316478883,3.31349848250668,1.33246816626198,2.29798097248238,0.843068107424887,2.61133287477288,3.01832635644067,10.5044525539597,8.12362898392297,5.17743623349985,2.85551436422149,2.88284941091537,4.72862702533919,1.99106347869778,1.30390450015806,0.487955286012666,3.55039831633059,3.26003974070765,5.07637773079763,2.81823977794495,1.67659206988118,1.7888508540728,3.60019882791553,0.66263611090196,1.80661099068451,3.4780125356342,3,10,3
"2159",17.8945893207459,1.6556345542569,4.15771727778923,2.01183172775549,6.40010133487337,1.78664004719249,8.70229471386653,3.91291801665723,1.57253726070961,4.24644661547428,1.45613383718914,3.3762912958766,2.82046910305045,2.45920879283646,3.78754918301185,8.33606883057394,2.6072427842575,2.42126141256001,23.4897798924751,3.09849547069957,1.95032564444921,3.87567981744261,0.976933016723857,3.79537381199641,1.35579437354909,4.7750872752662,1.51942932913705,1.01514137207013,0.790179316693292,3.4665914378623,1.44727055009891,8.190140758602,7.12092076707569,2.96718413152981,1.96143361973178,0.996647971047102,4.50804876135131,2.21597663515545,1.01572114154555,7.03797617203014,4.41025889570404,2.76716337301478,3.76266769545696,6.87180733760879,1.58889145340841,1.8736584757669,11.2730168862685,1.62068007232971,1.47999356726128,2.21065907121281,3,10,3
"2160",0.456632476204034,3.24513901740081,1.18768261426808,2.42489149742111,3.23244863307106,4.98319222420669,8.27528833313475,2.81105527106917,0.945987356054344,14.2396850533476,5.48682170499745,4.1223450764301,4.41424203943671,0.955202344857014,1.2752401649211,2.41522644564048,1.32226794992628,1.81313252796044,19.4526646998262,3.62855273566102,2.51014200697252,1.35570537559752,2.30571476630093,1.0177586488839,1.47523042255156,2.30545704389367,1.19450648170149,2.74495006410513,3.38251852617716,1.29662069393399,0.761095556950927,4.2122076135867,2.27948342362866,3.20688661078314,2.05276318367636,1.67215931009633,1.56699218387722,2.16395859501214,1.46515285684982,0.406120207880407,0.801374323570548,6.39394294345339,1.96258219422917,3.15581314226568,2.78961554486733,2.30416586238586,6.45145273932029,1.25905975913941,1.86027981380796,1.65062177206113,3,10,3
"2161",1.04839894635055,1.30825275244743,2.73862350078585,1.83594773663771,1.73247053200802,3.79620403444377,6.22556693787304,1.92933092808566,1.50596301911123,3.76493377708013,3.68442849084375,7.54458696213302,1.62186286883837,1.7093362073472,2.06806229531161,5.0541563526364,1.80225994418227,3.09618109864175,7.34590825615683,6.78510893928991,1.73767087178812,2.45193935043687,0.83328069421618,2.38253194049278,2.29935922091095,2.7621213826711,0.550775100228925,1.84026135580681,4.66047312872568,3.78512686866407,1.98543104332611,3.4163490685065,3.01604359289647,1.14510657417415,2.43733729089951,2.83600585738613,1.51786787651432,1.19495334292326,3.3225752232018,0.849620437871902,2.17335478596765,2.16897755242794,4.02607427261533,4.02206751342774,2.63578842446534,12.8286281942744,6.96587667712498,1.4138523228171,3.06115806399246,5.88063704875787,3,10,3
"2162",1.79748186654966,3.94427877659371,3.19246863662247,1.03719225614007,3.10660148341207,3.30031523169477,5.54429272210388,4.53821548290988,1.23631510672774,4.88629034500809,1.37069609131111,4.89235832067443,0.916691296114586,3.63214911700295,2.35293241456914,2.45167758892577,0.416548902425072,0.363384003018595,9.91300228178859,9.04033279164124,2.27665533785179,3.22004119552549,1.56997904157312,5.91327990848708,3.15092069369403,1.2298419876414,1.64860146216093,2.77130424827834,1.38036564140271,7.95503320619356,0.817557886620158,4.68752223041878,2.55832876163883,4.14195377794593,0.576936327362907,2.69944853460517,0.373427826391118,1.88302041407273,1.71907841342152,0.831573161358474,1.44891796727162,1.49644703728358,3.85430241258831,13.530403815383,3.25729950030587,4.32723516384654,7.0301671152738,0.716113418372812,1.96876169927714,2.81381073827543,3,10,3
"2163",1.47934132857072,1.9115693371763,1.79266829525138,1.1601397980422,1.37347615032408,1.13343813329984,1.60919406415167,0.809341201209762,2.6219057951587,3.27992155834837,0.909309397905927,10.5881773468385,0.930707153439686,3.56564731386395,2.24939771539198,7.00918881119236,2.12547776092985,0.938221611402022,4.17044101621143,4.03053651357224,2.5028122525713,3.34094635317136,1.18452347674425,3.64655474250396,3.27776547697361,3.26479779567722,1.16856241106178,1.23789293419237,10.0102822683105,2.13561510601235,1.59865213467421,1.11781333318717,2.25420099929014,5.59410338286698,1.5476283729847,1.23535913048743,0.388943682282326,0.807838950706414,0.993723478092419,12.0703407586845,1.45356792466047,0.925815451813266,4.80171659783588,12.4017740861201,3.72879694510879,3.48876796744492,2.55222348689445,0.554282346442202,1.19448119759757,4.02710372463444,3,10,3
"2164",2.04519446937746,0.337200162124763,2.95475023454158,1.67064693844929,1.65060744677547,1.76045553882637,2.92532963434951,1.32403254710701,0.991509390257941,3.65695927357604,3.77840172521893,7.97825049898335,0.657705455725045,6.86232602620692,1.43750530576161,4.11183271170565,3.33188940388984,1.89814992067797,2.93244088088252,2.73793265215801,1.85344695143535,1.12361321889944,1.33056488039434,1.39467212915216,1.63518809444919,5.30345988828509,3.77039589300473,1.63544828371623,26.5227758623032,3.19805486800199,0.56012221792187,13.6389250554554,1.92671862905186,3.11132905566401,1.28563412085503,2.39718417871395,0.65759420263873,3.47398843007898,3.32516885773602,1.48102622140049,2.63579988371018,10.3156869738847,1.23772971854032,6.40681211764433,2.56940134718137,1.98562504643311,4.31952128415745,1.20480576584833,1.32051097387182,4.21839955426157,3,10,3
"2165",1.4431766642713,2.64888683390739,8.76020176081068,1.67196988970865,4.32853106816679,2.77335238168155,1.90539966425446,1.42434622654854,1.25068116549038,3.33548149999727,4.68280431647635,3.38440835806616,4.10510405401941,1.20197376960584,20.2710026157024,2.49037161743579,1.15879888075901,0.839250665660424,2.14358996908721,8.09690538603353,2.93997152672101,1.39503872566153,1.25419504315797,2.22637699082137,2.45201538862549,3.39662304740309,2.67065673793577,2.87403770144534,2.60143196629264,2.50768370268727,1.05369918396166,6.38021366045127,3.11057270214873,3.93229901540519,1.81308615791043,0.504302235166707,1.42572050303515,2.31376121922103,0.864224900024053,0.824930576292757,1.59610537730379,9.49363254115859,2.52502229897927,7.46540515321795,3.26054768871268,4.60344350520488,3.22118540237342,0.289216826032795,2.99241383684229,0.903698246169353,3,10,3
"2166",1.2461955978193,5.86227026638653,9.14071181856161,1.21239007024806,4.01871812050241,1.42074180430043,2.14038600502926,3.38611688540598,0.856518811084002,6.69425519065036,1.36748026447358,3.38858471642678,4.60026775045246,1.6791916504257,1.95226038625543,3.88213560246407,2.78279085385769,2.29822773085683,2.02526397998722,4.55442425657937,2.09216182826631,1.16549162202569,0.989966645460119,3.82505564519215,1.08594571889579,1.06410697363719,1.77547764315903,2.96735225832507,0.604857549292141,5.12486810145602,3.66126445913767,3.09333001225676,2.05856696887364,4.57177672021432,1.25757310419829,6.26954435503429,1.29531169843099,2.16372882610596,0.983042353332941,0.64277691010122,4.05123286454827,14.4939389825587,4.50629172878279,4.52351436269353,10.348670612118,6.20158139870601,1.36776000456964,0.374345383866273,1.24777864123428,1.35757187575847,3,10,3
"2167",0.924310752030327,1.81811879670391,5.81902060146534,1.39740327316068,3.2606363408239,1.30304191963721,5.68159210438649,3.92842176764451,1.58638014044363,6.21357736637869,2.41110536575032,4.46782927865316,1.09303669268454,2.07322967525836,2.85959674148245,2.59749795337038,1.99125109248625,3.11281841897631,7.17527136593525,6.56014304146098,2.92044059090937,1.90459653057542,1.79185143001304,3.18393014462419,2.8880833549862,1.60162224981659,1.82639135926558,2.23205449321834,0.81715643056941,2.28713641797872,4.0382255415602,1.78370872857562,2.6817259132236,5.46626856922214,0.417831907455466,7.19564385936544,5.30864443358755,5.24834387448689,0.778277006826186,1.44616262786593,6.79456683111194,1.56290713756171,1.43667651660849,4.25342473576576,4.71875745476758,3.07836397429239,4.10368467339027,2.89149492756306,1.05619205692222,5.47086157200844,3,10,3
"2168",1.70934618036582,1.79129381932935,3.01632873287796,2.43025947812139,4.79207512641222,4.76198183736721,0.769797486730008,4.00760510719559,0.689021362289978,17.2813274948043,5.86025862115823,4.49674187056448,0.789339061407384,4.25284963041346,2.17220294998357,4.58720680072622,1.09288306908136,1.38393937093172,7.26171709651247,2.30041402883693,1.6722799707237,3.61963993109356,0.399781786631987,6.70514712586503,2.47598708173955,4.53028749140969,0.638876465581036,2.22569470918446,0.960408207434013,5.65834748845211,1.36621076836006,4.11312663074086,2.57759283900788,8.54633332658778,2.49018821764321,2.12751891522541,1.05309714295975,1.22011965129259,2.31034083831693,0.874338236165417,1.2945787699195,3.30143682126887,6.52480989760458,1.32130502372503,4.8671204313957,1.77109632566246,9.04579349074381,0.438840094862879,2.63005917785484,3.62471408471532,3,10,3
"2169",2.20367844850825,0.895720838547791,5.02600329801549,1.06749591465582,2.41691803778919,1.02291144555905,2.82584146573105,3.61135871519997,1.41017864226665,7.32902192557786,5.92277855768388,7.95761847163935,1.79180668771954,3.23073822080832,5.41017493548135,6.33007816548389,2.3856371238975,2.48777941693638,1.61295353854877,4.05195547406802,1.31196978397382,3.83042045208164,2.26062623647013,3.71120265097274,2.16157121970551,1.78455269421225,1.88091955332754,3.19625891907121,1.28640310991209,5.4741027711711,2.40053572690087,2.18252533068997,3.58479910467882,4.26519354414115,1.95565936142023,4.25440414010319,1.25263035985612,1.57976448030281,2.01180753032415,2.1541533101806,1.90183291968792,3.09108387036091,4.46448394743632,3.1323663700614,4.24513442128517,2.94325164181126,4.65331648343669,0.360651575438776,1.58918557581744,3.33497587265199,3,10,3
"2170",2.66375828834475,2.05724588529644,11.5530590137098,2.43102272432955,3.80673096434429,2.28983745477777,2.74842473709241,3.05757951225843,0.845638747053707,13.8954578541229,2.96149698480712,3.98734811572141,3.81364579055717,1.63035277289281,3.22401216740241,2.05829893472307,2.44064294781491,0.311407055317621,2.56446846697471,6.20472252938559,3.06188791863053,2.75808835190637,1.31659671885405,12.216743295136,1.34955539017149,1.95380440305472,2.72536461649969,2.88347066599207,0.79618439831749,0.877973322570447,0.290739995714209,2.34192588936404,3.76639617208744,26.546327825133,0.850392530661579,1.37526079249779,3.39327187612213,1.38279711731212,1.41110240938198,1.62988544241394,1.44110265514751,6.5871411328875,5.45283850638784,4.28838119898335,4.46709737449774,3.13202498939148,4.44903904507201,0.398347294742727,0.342600738445257,2.76611084942807,3,10,3
"2171",2.63364374673732,2.11910527966995,2.4687689516548,3.435659588466,1.94111137404345,6.29230428137174,4.33665418387548,0.947590899753115,0.86043713019136,14.8472538206171,2.15213641262168,3.96105957723139,0.829062555193789,4.91684366766577,7.63501955945947,2.18420083642146,2.75978798143654,0.405748837887775,3.55279032433739,12.0667518569546,2.25255564708702,4.78379666695599,0.491241116972509,4.58190063589852,2.2138996325748,2.46972516680762,2.47516763742202,1.67897447153177,0.963046301457342,1.94536012906574,0.450506164113462,1.82613868130048,14.7080033729431,1.51472443124599,1.3590502681786,3.14128246457346,0.967642034760837,2.99728831319096,1.77801508936413,12.2005900903861,2.34313940102769,3.20879570731532,3.7629074319156,7.12448263060813,2.97476806581124,2.04840138401206,1.13797411932422,1.46143653414538,2.07798272042824,2.23573051121489,3,10,3
"2172",0.312979241719344,6.00379124494844,1.85758015649096,1.83314974794906,2.17707072350376,7.58479823067835,2.07317211094798,1.72008729306607,1.27679085887875,7.06098405505874,3.06498040582331,13.2460174083751,1.12264433741057,2.71956948120302,4.18523301160032,3.9016448655114,2.75759259049464,2.77474214245932,2.05673242669893,5.98347755538591,2.54671713941097,2.8566462191009,0.317017736366227,2.22466161585789,3.24202617535815,2.88724549362269,1.46232739587903,3.01279038738762,1.05435361522955,5.42434878039885,0.423251417379136,5.2306990197676,3.90380975097482,8.533036649448,2.11042523601468,1.21321926703168,1.25320442271676,4.59825766400282,1.61788090590683,8.38853432683853,1.0190039711539,9.20218349227801,4.48892294542086,5.14111369286668,5.93500151205469,1.56382134982214,4.01170623271633,0.726096877329971,3.93445217689548,5.40913771316229,3,10,3
"2173",0.823165575977826,1.57300242036354,8.84489786696509,2.92260823186943,6.35272517055777,2.39963839258547,2.47648030110713,2.44124647227084,1.18498456435612,12.0986462069885,1.74495972100072,3.46597170769857,0.807450475215267,4.75420236983001,1.8231336714212,8.23287250272053,2.37180329777837,2.07084308775655,1.77681752136898,6.71770883229244,1.54379488184745,3.35348961068779,1.89889166362362,9.4457393343564,1.36001223581578,2.81809622004283,1.07736010021054,3.70423589295689,0.897019291051443,2.14476984563099,1.02931620313308,5.20484417934379,4.43003263699739,52.3495659300871,1.05989155557397,4.7539212603871,2.89896526726942,2.54780858451937,1.04201697237671,1.39541510148432,2.55892277866335,3.71853571072753,2.60968985877646,4.62049205739902,2.85183243433256,1.91906758873964,4.44861282688687,1.51398430704115,1.05158834053884,2.32984661039698,3,10,3
"2174",0.31518190449813,0.820972318807661,2.4993540445321,1.40365268706924,5.98276922531537,4.08661114546806,4.0772092747059,3.79537439493182,0.945169244110786,7.43752253784567,2.29404237757536,4.28174396886344,1.05189990831128,2.91579154065514,1.57511071212213,5.5408639802661,2.69743501611111,0.51228688211012,6.54726017368522,4.25670687011445,3.09967743529542,3.3453012960549,2.03830834471022,1.36522360604784,2.33980657818208,4.35966591476002,1.09456011395116,3.52368742275734,0.819833585253098,4.50422062731207,0.552185078791923,2.44308969921973,1.81578447128406,4.23695315996662,2.22081329392839,2.83073881369786,1.33695585351541,5.07043945049802,0.593320952533416,2.61517207443515,3.82600450222674,2.53610661349966,7.63283220273248,4.00618982810578,3.14338878796232,1.48070171177756,3.4365417654424,1.31269259642902,2.17545270491815,3.22964883217332,3,10,3
"2175",3.85017036309436,0.401900450248175,1.69237128271994,1.61535260892281,2.78198621838214,9.71227594830882,3.19723806133364,2.76613700003067,0.629260341347796,6.03608509611172,0.241475256478408,3.00566648390906,1.44436849568437,1.96335289028939,11.5133709649075,3.41498058022369,0.4953738710367,1.2098737466225,5.90602658513412,3.55536342872455,1.32713247888967,4.49083976240948,2.06067613792275,2.00330281030965,1.66333046172187,1.96764540675335,1.71861537097383,2.19914786059834,1.34752636530069,5.1197766696037,2.08478544717815,6.80120699694088,4.18185744314133,5.45498158864998,1.37740079579412,2.40795073121251,6.29277721959363,0.268399107385211,3.34502835875567,6.25870643149837,5.99596396154815,6.51942252009297,3.72744981196646,13.4038067999624,5.67997276886022,1.4520608060383,2.94207788075673,2.00504817516482,0.77303748033564,3.00407440307889,3,10,3
"2176",1.64670914636242,4.71378847324099,2.2122391674846,1.16488476180516,3.93859459561585,1.28381165510352,2.1688090851465,2.21903531527753,1.70255099367659,3.68476472969708,1.10976463406411,3.9954713931033,1.37480724255594,3.16480606545362,1.19057404156405,2.05433550350579,0.861804589272871,0.461361317640138,46.8175532652744,3.95681058771965,1.62784580384464,2.09591363585724,0.48903209463188,1.52532309300265,1.93311101804328,5.23003352807873,1.63105503001774,0.9171757075171,4.36750315359073,2.07995840867275,0.356739004840912,1.84558215968427,3.67317734757325,2.28456757615575,1.2376874835904,3.64958576321326,2.33220502808656,3.41804404340461,1.73498974948551,5.84779326557749,2.12476459555105,3.67324335991099,2.27302288575482,2.31466309198871,3.86377407362069,2.56125115566966,7.83007800664117,0.339745513852226,1.47997083245165,2.77843653496334,3,10,3
"2177",1.16837436346634,2.39240235191125,5.79292825993578,0.924568940434873,4.75978686936091,3.30255623765084,4.45407945081777,1.39191747714167,1.52608376269398,1.1172250932745,4.09093885011156,5.87172043207389,2.93394875143895,2.89498404529705,4.82636227643886,1.72116539541416,2.30145231383927,2.17609628260914,2.35861985015758,6.81490583504707,1.09626514165672,2.92685172977389,2.00437125488832,8.82935125208655,3.37773107867796,5.15671603469032,1.0316662549273,2.73563279424219,2.41279755491452,5.41901116487952,1.44338030686705,2.7373682922204,4.14198356579605,4.24583556583784,1.95772294775279,1.31685353714184,0.712789034157143,2.53305659445587,0.32285396517532,2.66687124960186,1.30022812988206,5.64157174140918,4.37200211859929,4.85856154903697,6.01866205275668,3.57192809296634,6.100911029004,1.63114538444584,2.82011031926967,3.65438262328047,3,10,3
"2178",1.64191736829505,2.54142110267971,2.28291009981751,1.76648440173009,4.9556690853104,1.36276247643729,9.09729730747227,2.37600865560192,0.884586749230004,6.74634194561342,1.32508323419114,3.19279015724365,4.0080928373779,3.50691817695569,4.75394990680778,6.97891419101573,2.11258874565986,1.19007487762565,9.98944191954562,24.7681781798854,3.24058889555189,2.84653158058762,1.1965383137755,1.59008377417077,2.65326735523647,3.02849692173065,1.38862361414343,3.28036520114166,2.05314501883586,2.39615499424183,1.32330116894919,6.43922821660296,4.23335740402818,6.13751339723975,2.75608153157431,1.95019041410229,0.640313009575074,3.141548490247,2.32244648794325,2.10303615827867,1.44188100017691,2.65103524350205,4.18910414569465,5.05372040023455,2.40957422697665,1.60666779398608,2.77582099742585,0.643378693781047,2.53672121393718,4.52949860518016,3,10,3
"2179",0.857972017189145,3.3009566155541,2.48281313483556,0.827141726881118,3.87674620337322,3.74285793109291,1.43399908311744,2.85102784887795,0.776273238790442,1.97828773685949,0.777305987911788,2.6894932987937,2.93569619847802,4.72932650977805,1.47289762988282,4.69987512005262,0.646799405620678,1.741422182068,3.31935669641907,5.33967952168885,2.03956976764009,2.33674073606408,2.70707188265553,2.4786898359639,2.05948889321265,2.5222223492482,0.814972228260905,3.63844065803585,2.21040653762633,1.71712658438499,1.83650316387737,2.34045389135078,2.08105050158607,3.77046231688285,1.258909771809,0.505548856462891,0.597469327820185,2.17008540250449,2.59265028301937,14.2176459335016,2.03886295985528,2.97104168965522,3.18193442598776,3.1018716441882,5.41468086702643,2.91341899052364,31.3662531924279,1.81648449240637,1.13045575254748,7.36412084996064,3,10,3
"2180",0.921141087746441,2.76877117111153,1.71985612140332,1.33599636234927,3.14848547271329,3.49457671905982,3.75756411004693,2.26630921198228,1.33716408440775,4.18878406521504,5.76592059811383,3.83965740056313,2.46203625625061,1.59515539823312,1.05877322438926,4.09464467048536,0.30724653824032,4.82751012567037,3.59572980694566,3.18800041065073,0.661260042647357,1.45730782771078,2.0097822639534,6.25591685478578,1.42178617888764,4.39102609756947,0.22982189005214,3.0794883810178,4.83297345747643,2.1928494234596,1.80202760409084,2.12739608100823,10.7813264126973,1.31338961267325,1.51359649906103,1.43726011136915,1.96685845743912,2.03959164455254,1.7655395770962,2.79020638394381,2.66471608988351,1.70938937411613,1.88752426946834,2.99250589464428,1.88115477631245,4.71844532008305,5.6829061528379,0.42508629164696,1.32024137326116,7.4225911863053,3,10,3
"2181",3.16587679949679,1.44523143030807,1.65607997846491,1.67406468526471,1.413792714396,2.42261406708997,6.63585001696294,3.21144965888496,1.28265593367563,8.19273816924314,2.86804681614418,14.9997934017711,4.31540277213461,1.46131666378641,2.31413303192025,6.36291155032506,1.54696271321984,1.43708544852951,6.73809747337472,3.14483040076374,1.74361841504984,1.85817108257915,0.377616087024179,3.52225609370868,5.71029416603003,6.18812115497708,1.25274836478117,1.82998740622254,2.14570097346173,4.08113147228758,1.94874911893268,2.3879433865875,3.7901090635235,3.47281602031792,0.983256533335625,1.53120492400108,3.67175503424716,1.45972264996369,0.752225128784178,1.98981494949538,1.44883063148414,3.96771178166731,2.68102470685354,5.96521950605523,2.57132151090295,10.5329294075893,3.29047285686794,1.81145103614144,2.61764874852482,3.51358167059715,3,10,3
"2182",6.78898682340093,1.1268646107419,3.63941460387641,2.98370011612436,1.54852825117663,4.28079432225574,2.26227034017911,1.08567396883122,0.535207624972111,4.38874247206738,0.475526079389522,6.79900646697378,1.63310732656647,4.32344085838117,5.65255726176719,4.9129342655605,1.49024205313145,2.43384172166575,7.42768200615309,9.01152267579205,2.58566781471397,3.05653157285028,1.44974032906025,1.19003287314061,6.40876979364396,1.65586281525364,1.86474074503275,1.60017318632091,1.93791105849273,2.20534064121885,1.93990986903635,2.93390241629951,2.44769463534048,8.48398727493186,2.37077024276102,0.678421123285058,2.17175850366444,1.66899143120259,2.28873089244928,2.93153286345082,2.58555379297112,1.8092081835876,6.37497718797752,3.34519581532935,6.45918865556368,0.598966707379977,3.72366109626482,2.01685222391639,2.16591535250874,5.42485773830106,3,10,3
"2183",2.22745719050718,4.03288438825933,1.60063102404155,2.8226460076574,3.0973952115487,2.10261309995537,3.38207011106409,1.09492130436443,1.4714534895374,6.16846800404797,2.29980438141745,6.62553902551192,2.19987508534157,1.1414577688472,0.951482661706686,6.41223229740829,0.666847862984222,0.121222161049537,9.40232664565435,10.08531620042,0.493449234216233,3.71092546292101,2.30267399636002,4.37504829225971,5.04563942955926,0.935319669009043,0.697463693931456,0.908963498774188,7.87210410441967,1.86751512670824,1.73296583951455,2.86766181082658,5.35772857737749,3.93327950017538,2.57091270157895,0.686642549064999,2.39297194362156,3.29942077959705,0.918709847148336,1.74168966873154,1.51047722686953,2.876082562225,2.83069166183845,3.9183720412878,3.6363445603663,0.841267641877477,2.37952701741486,1.37698163612995,1.93495848440305,3.10162445226914,3,10,3
"2184",0.386826620804459,2.86339146095608,2.29693408976711,2.10848439181482,11.097162297405,2.08029773761265,7.46468284955656,3.16160583545474,0.848786377521739,3.61204465348204,1.26135529059487,4.3717954329178,4.80009301232361,6.79048116656879,2.20942473677594,2.17326933236422,1.56314224766436,0.669515224667274,0.612435512410327,5.6641605696709,2.44876153270713,3.95081722309788,2.49917454137049,1.22651662573537,2.75411086638164,3.03148333956613,1.31173319193694,1.99947462851038,1.87556561452879,2.04783894910161,2.87232618653761,15.540574244116,4.44026122220875,5.12571244251687,1.88696871742649,4.78814956198264,0.826346890799839,4.20634851759198,3.50558069358376,0.878554226765222,3.7450277342621,0.758803979869543,1.19221028120803,4.13328391186761,2.33751514953359,1.94978401589634,3.6416234699762,2.02698068164776,1.43706789209867,4.7234777503658,3,10,3
"2185",1.34073960187926,2.68782876227275,2.79128405433711,1.45198707614869,5.64769393290663,2.11386739237028,3.97171973983291,1.22485996487516,0.870235517436401,7.14740335939201,3.86131226594579,4.0532344667199,3.14543005766079,3.54110426029477,12.0338654358443,3.49143220991539,2.75908084677799,1.19496280827848,5.8441388365067,4.11828850454843,1.87502082654357,2.59041666525159,0.454335162018365,4.05265304996569,4.61392708071437,2.75544706712888,1.94263785465441,4.54394601482806,0.966869201841416,3.93456492084631,1.80274169631193,2.7103854145982,4.94158005140702,12.6731562536828,0.585356399763622,4.2486665213015,2.89097537209228,3.98392537430065,0.468801969838539,2.03100435829652,1.51981634697578,2.8647948830211,1.99102914194435,4.80127433146642,6.76076934695778,1.72229031706622,2.97875836923312,0.792929848796281,1.61383898252296,7.08671457345557,3,10,3
"2186",3.38546841720844,0.830901163846749,3.29261248884879,2.3633733132641,1.66561996888371,2.60710875104372,4.5658747390048,0.983117298400102,0.961769603726633,2.53565568886491,15.4801189345785,12.0771376395504,3.94140301631264,2.62825634176727,0.867038269682075,7.98976194091211,3.65568054204858,0.877900374917195,1.76660806562464,3.47658345870557,1.15252463474272,2.48503339235822,1.3202000608224,5.72273873283184,2.01841701175503,2.97653497571706,1.67044450224783,3.93925604771847,1.53579093380164,1.28703385427257,2.10136871119644,2.08420902997744,3.75221863449418,3.11106706976398,1.52602709885041,1.87218518588205,3.76698359777632,1.51270533118549,0.348607230753133,0.906443090274243,0.892337936156412,3.23040468148115,4.5547937673603,3.67412644997109,2.39399293063647,3.58354036902791,3.78595890794745,1.39972820892609,1.1793907386051,2.87039568714528,3,10,3
"2187",2.17484073987284,8.25364206426871,2.42623777290045,1.21899815004443,1.72474366642703,1.367702978998,0.155479210017199,4.08056863583225,1.37923463729686,1.38435631651277,7.33234656589963,18.1886722515924,2.11895189796022,2.87529936855138,3.0854096336853,7.40562366566187,2.66996354258538,1.40348030353211,1.85065042951682,1.71871882377599,0.291895563334471,3.15825463354296,2.923926647243,1.73311055696363,4.31939700713526,2.33652947881297,1.6821485325247,3.43000922685345,0.783464873922327,2.51157966170142,1.67034415089602,2.41452759490716,2.80264308089398,2.80147502633668,1.81251503484295,2.43582844119589,0.205118065695748,6.16858559374,1.32971925491227,1.04905190213223,1.19362460726792,2.92292539476827,3.05159057450307,4.22530002176951,6.04934657778307,0.910273607819671,4.85985637600727,2.3618026660967,1.51841313461316,4.25762548281483,3,10,3
"2188",0.954954932215715,2.40525878086653,6.15057615556889,2.43087070805141,4.42771233403423,1.15176362245585,2.66156200795038,4.18940504594828,0.905385769500189,10.061590646782,2.76441662097423,7.73793896374251,3.60445242365012,2.64315905693351,2.23384459910468,5.41213202929735,1.08358178235458,1.28986371152954,3.01240242246492,5.35748757453091,2.04332347522264,1.31202342384305,1.34936303831487,3.52818531989728,4.95284126900525,3.04625748962719,2.98687721854921,1.55381712428393,3.29123503654928,5.12326612928763,1.35710945640588,2.77847856762138,4.90312802225531,4.25111854485252,3.55456372718793,3.42316823503329,5.51562820203383,1.73196372638858,0.392123787142317,14.1133699567954,2.76209400087973,7.32500735137043,3.94013090703618,2.80256167482807,6.45031792413305,2.87352034121625,2.12046166741015,1.11995670855857,1.72014623979993,1.60759763771004,3,10,3
"2189",3.88312516578501,1.54873839357853,7.83619326440772,2.528181968662,8.97742117962935,4.54150627930676,2.39588723666743,2.02887466451865,2.56257206412693,16.391050956241,2.56887983351741,10.1438078212344,1.24666314476142,1.67836696710499,3.34454293461745,3.81865598493685,2.60409765581539,3.386425190542,3.76732522298618,2.54765540611598,1.18326754013505,3.56182641176461,0.415930071422347,4.72661700442651,1.78065218401577,4.81766286147681,1.37816256804072,2.72677167382528,0.668393925218045,2.27674275704742,0.37374708534698,3.00157651184381,3.79639435396054,12.6876146781215,1.01932029023989,3.83670917734706,2.30868679397674,4.93863589278631,0.683375563845216,1.20098384950682,1.29404728745773,7.71671313091094,4.17075445622745,5.48909050527641,1.85998957093637,1.83554576440224,1.61515179269913,0.939430191637374,3.67019042826298,1.89585943018817,3,10,3
"2190",5.76208964587321,1.91745719370343,1.6568914385905,1.80744978004603,7.64029623495477,1.64214461167606,2.12057467720933,3.25664710677413,1.13475060914196,7.58264332290958,6.17736941207598,3.98742815307119,2.11874424373603,1.98053965883438,2.40016793584491,3.78511554142737,0.546517655225071,0.477884581710635,9.54887257279293,4.72977701528309,1.06975384094494,3.12517659769346,0.41231554571481,3.45455906236326,2.33119029301719,5.7516051505834,2.27357225335624,5.44542284422417,0.817806815825426,3.28398488023851,0.782524701005905,6.43691189039633,2.19487238396039,8.02385743900331,1.94081537187729,4.23665751283826,2.1358551721993,3.57156484050187,3.40307632042487,1.34349113477659,1.977197187775,3.93778596187702,2.62980206560031,5.97935298391041,4.37082996248561,1.59129590310623,5.9739795036555,0.383686830222536,1.3553028679191,3.7390096017949,3,10,3
"2191",1.16296221882463,2.83915852634035,2.71075206752293,2.46453697259288,2.76650122115013,1.93489222692447,2.10490877183311,2.34323185389134,0.160096943525052,0.982502288586444,2.20294116065556,6.89437830621103,3.58007975662112,0.337678070007388,2.05825577041458,8.40942505343583,1.20937123652474,1.02385326761842,5.28331444948679,2.08401185353908,0.853182550732747,4.53212804443484,0.25975250970992,2.97791218381438,4.77547552594011,3.3606424694548,1.45509020300371,1.9531122236802,2.22472902469339,0.764874168115857,0.802180047335293,9.93704793818042,4.12072170150447,2.93561553502984,0.933460436297266,4.08411159927692,0.641356797652556,4.85017497664035,3.22471794053277,15.8602300495957,1.88372772296223,3.82804436204893,4.47685979855119,3.72373741047835,3.10938544331366,3.88512669767008,2.67142151898412,0.863024163664957,2.06840396893669,2.8698063428066,3,10,3
"2192",2.59523156194308,1.05465765332651,2.03762760150037,2.41753114358915,3.46930483264274,0.737629947733187,2.07591697600457,2.22125531400484,2.56844205820675,4.49288427250193,2.59454338989378,3.08573477766669,3.49877266609695,5.28441432587221,1.24781015673672,7.68748712323005,0.648699349503848,1.28937403391025,4.66712878220308,3.09053934715598,1.60617496413823,1.97041064800206,2.48272842614409,2.0805068295518,3.55418054702107,2.47206439429246,2.53408864518161,2.72771213214932,1.1471723524412,2.42153578082299,1.83745760124207,2.78094602923267,2.66500183453925,2.39066251555521,3.33756373783353,0.354932923223496,2.54502142550604,1.94550148220707,1.03368094359775,2.17599006343844,1.64626823441456,5.1995605521718,0.744291359800432,5.00437783509684,1.85872449526383,4.18332458825493,3.30413452360596,1.10587896229945,1.20047166430806,1.21666639026876,3,10,3
"2193",2.50957943719176,2.96923320785597,2.42687611932539,1.84715060350642,3.66423890147243,3.18379848258298,4.58159283523292,4.90555157122419,1.37853933669844,10.6381351739866,12.869134172638,4.36626354540605,2.34949522997355,0.969014090863234,3.18216384603817,5.3093921241394,1.30894379352673,0.794523385646401,0.974407281683471,7.15472858708066,1.84922725266024,3.23202182623849,1.38672818471999,3.13717533204057,2.31534098102854,3.09469110296085,2.32432005077113,1.82269340591049,1.39797900863713,6.78013602139671,1.03025569684449,4.32847625536321,1.62469520785161,3.82956151766802,1.04317023000735,3.95185331636023,4.01709856667432,1.85942666828242,0.257420627624043,2.0427685394378,1.95834107645302,6.44552556844704,3.24410504791776,10.3808108208676,2.97285158081955,1.34425260957488,3.77830471800017,1.09707678856078,1.86390587908464,2.95695656142557,3,10,3
"2194",1.13858572940631,2.66388016450781,0.996358101433615,2.7993467640552,3.12332542957592,3.75564672944417,3.38063966129245,3.80710140736117,0.860679607565232,11.5415876137983,1.05583912069848,2.94520574765705,5.73475210263637,0.674945160214335,1.00885873424018,3.18529207704245,1.78575095993393,3.06068730625593,1.82191774813195,3.21559885455755,2.28173972960086,1.46846402420526,1.82273461989111,4.77547806425128,3.82618011740784,2.18218619416069,1.76802322130603,2.82109374510226,1.25396626073914,1.65801912363733,0.582755395389007,2.78228586934548,2.78904260942062,1.79981228441062,1.72949178316397,1.78842222450285,2.65657293143543,3.15762075402992,0.46134588356324,4.68175779418979,1.46935487857836,7.47475192389533,3.75558674413623,2.13981818300318,2.92757746767589,1.34367455983507,2.96052673903993,0.882169056492518,1.5497416978985,6.56925479267988,3,10,3
"2195",1.69473533876591,3.26844785399095,2.18474549656838,2.39994525526541,2.87669172917077,1.52367289146209,2.70056195811425,3.83154980035961,2.61552972250083,5.50035524106191,1.71134331175995,8.28974880113583,6.31858270761627,1.44736406482743,2.66260082196564,2.52386274345761,3.63303386613262,0.485325831404796,9.52975559787989,8.62727342177622,3.00305201133335,2.94033980359078,1.01194094216235,4.94820931706736,3.97591105389364,3.38818856013128,3.21533848969308,1.41394140008652,1.16580833520936,5.21505189472808,0.852556233295219,4.02387656752406,1.46218257401186,5.81425687998745,1.4194123078211,3.85861833667107,1.87203421855227,2.20036221573359,0.566287017180129,3.57974765993462,0.713653387057843,3.59789246249292,2.76386272280016,4.3052027316807,1.91100625959127,1.3389488762842,2.71433854109906,1.06149747692995,2.68824839473866,5.90992182585225,3,10,3
"2196",1.21734146282975,4.55007750303088,5.78838353124539,1.75986711366989,6.92275374013015,2.60142952583206,4.43614949953821,7.48820632936105,0.421832150461327,19.1542881894477,7.72831578630925,3.74025302467365,5.88720388690115,1.33329885843777,2.82872204223456,4.52733312022925,1.37690345910663,1.56304706428793,1.09652898137497,9.03216548316493,0.797525812207832,0.934182191619119,2.81279627433279,5.59653238519531,1.40285787873435,2.53420102672302,1.2498920837568,2.47238149328629,3.08696383948139,1.79742285846103,0.403312380803504,2.4470247751571,1.97260329712821,4.65610880233631,2.17162867133008,2.40226615018033,1.49115830452298,3.60282907682044,0.0710803290424471,2.91149761798095,3.84798863855788,5.57861615550447,4.70843195211871,13.8905927110215,3.430407942162,6.44369899161163,3.76214219916744,1.5778759186922,2.00642269755939,4.52573717187509,3,10,3
"2197",0.88583061841803,4.99665290650663,2.5843302033698,2.2939857644888,2.79124584746425,5.22422185018319,0.140278572009186,7.2099474582792,0.227168571092947,8.21861965724201,4.42479161131329,3.60744136154245,2.27863749627357,1.52633100966255,4.32846887295644,6.75480520923963,2.10743108492705,2.03546724610395,4.84446412488915,10.6579925335042,3.18097819966352,1.77057506363931,0.325011719556432,4.60567805477186,7.04931233360712,2.72331255156219,1.1393513665859,4.21766163604969,3.06918293269173,4.06832706861139,1.40503344429159,4.13306762835648,3.33507160044132,6.12168391636754,2.22449650204483,2.24374638797848,5.04495114977487,1.66972104040565,0.891567768786249,2.03483611017593,1.40479370673295,2.86784016636658,5.41871611238048,6.35751583975249,3.09547383440895,3.94399228702353,2.26279492260803,1.36896006080506,2.43243466164723,4.22952485789518,3,10,3
"2198",3.87431793110907,1.32476969177918,3.57107363299059,1.4363434103692,1.56549499728633,4.36848599698779,5.73475027835249,1.71111754248013,0.436687078772731,9.06602834313852,4.29847955490062,4.66169743940663,1.30521372523062,0.834635910050616,2.32686081087641,3.12237355050456,3.45309542246789,0.647725256189245,1.62749732640123,2.66366598270715,1.98270412453058,4.15742767147846,0.742493919018858,2.44664383641301,2.87992755169074,2.36106720969865,1.2283348010115,1.22677331648039,2.05656223119845,4.11926252533279,1.7919239671338,5.41378007799606,1.82170802351911,4.86346011424633,1.23871566610003,1.12554189952107,0.136035819256172,5.18489228435255,0.863894375053869,8.14805326535068,2.77984131382263,2.70362225049763,5.29180216284798,3.29164662015361,1.45781932832019,3.09552146038708,40.3831404159321,1.10983434467906,2.24297122393799,2.03635492509701,3,10,3
"2199",1.53665263636377,1.89224267740735,2.88474438796646,0.76709695333303,4.85654196612565,7.27211924089765,1.97976910659655,2.6737896188668,2.62911976319529,13.8321933776207,9.89627910116678,6.35925302445527,1.61864479056049,2.42722167634559,6.802414761665,2.59480213058656,1.33096788314864,2.89444733998621,2.4463332242459,6.1102413842819,1.61470805514311,2.25461036624214,0.339823263787303,2.98883872535174,1.81720651048282,5.04040538317609,2.44348837398674,3.34406756951604,0.940143587807981,3.74911875654394,1.767371279174,2.41990882297761,4.41492505498965,6.93125112979238,2.98713871401123,2.52969278554255,5.66146078687596,5.23025159973178,2.78352064886347,0.298957290746709,0.726164760866195,12.6870759898913,3.27999432842122,3.87519056908641,5.08722922492946,0.869171184006656,4.1817808950091,1.98590576170463,2.09485139247663,4.4715675077206,3,10,3
"2200",1.00969501581464,2.20063593760227,2.25277924535421,1.24029690686112,4.8763072831716,1.66829748219848,1.33406533759325,1.80256590868758,1.63059958249683,5.09616001328911,1.55827546736065,3.15259099290675,6.52249069930219,2.3961823918457,1.6032956697005,4.34079092657406,2.12828475991902,1.75210739546048,9.85897838068233,12.2282595768507,1.19854412016704,3.21060440383512,0.943559167667821,2.75579764914004,4.34534436249632,3.43110227337331,1.05081869984762,2.37060240026102,0.92910098244235,4.10136736616697,1.13127181720124,4.51332793379978,8.13914711346157,9.0359705351384,0.911178424599506,0.569845534635784,0.389237139698584,1.63053553677688,1.48891587440297,0.531655321452052,1.69050129014577,3.51037460417564,2.17366561378404,3.69568009255502,2.68737992720223,6.78679803390145,3.43587367106743,0.17567155076884,2.03792432599308,4.74216003018454,3,10,3
"2201",4.30069657925494,0.354533155743489,4.24534904726054,0.756362305329322,3.05569062795713,14.5550034684424,5.35468385876323,1.93864317085267,0.679451196111227,12.8232505614471,1.08400961961205,5.91036443495034,2.51258822325066,3.64629990521695,2.9153847418835,4.72183205764514,1.40165947860971,0.267713548386887,2.06492921814299,4.16720775466257,0.606169643749116,4.05615940556307,1.10454109580592,1.93557519088403,1.29849926225506,2.16412471005042,1.14980362255514,2.52660401202491,1.70125356044223,4.40770614021711,1.5729043389081,5.11368041275193,2.58389821230692,5.98429486015017,1.14392247444756,1.43286142935898,1.10250286273919,1.3891271896544,2.39262951920458,0.84115352497699,1.18798233463788,2.85410373707763,4.93089502081593,7.42888838855147,2.6998617419297,0.942093812398458,8.02692689579957,0.741333464514475,0.413940126813248,3.47277635695983,3,10,3
"2202",13.8855414605227,1.66436211715407,2.10387900505981,2.32059743787087,5.09354448215323,0.667769872027235,4.35186400074842,5.00986178195002,1.60420787785567,1.89272973957737,1.42472001104697,5.99245593585159,2.79714570636976,2.28799069272618,3.10927047118201,2.44082410513703,2.15441623412877,1.23819914247062,6.55409722857975,3.09245027246035,3.18119940122693,2.08750853376795,0.785655640577191,3.37475142283846,4.30854287171812,1.3191270899311,1.56426112083116,3.47552569867733,1.11606486002399,9.49824123431102,1.66210592414637,2.37575332037845,2.43794169299151,12.7470666540652,1.25063106792856,2.05841167097527,3.09038966672766,4.02149952423127,1.7035998411991,4.63668837519998,0.51601659409653,1.49848857947901,6.44149092759437,1.61964674110605,3.21858739121914,0.816660589012841,8.59459433176668,1.08893015457659,1.78703168155303,1.89731233099854,3,10,3
"2203",1.02684656544832,1.82335120006851,3.33354002096998,3.29185463323686,1.09090922771908,2.12691879580542,7.00558972765771,1.71932804850691,1.54944327296665,6.13993475680049,0.890563142222914,4.63958437387519,3.60098270121851,1.0391557693144,3.09749703597029,4.14148488575325,3.48568377497214,1.25396975805658,2.49789000676909,7.75080203706016,2.06683449246629,3.44927103350319,1.14272679086481,3.91598447346804,4.02012659248931,5.42201734232061,1.45618180032679,3.20173692455789,0.428845306374494,7.2398546589867,0.880407436740605,1.53916080810837,4.45285899761745,3.80406285174603,0.843784897290191,1.96733916312817,2.23677693512521,1.58484623446494,1.35483076499412,11.1328514208337,3.58531785271467,11.3520136281771,4.27770811821519,7.35080464242887,1.99661017296683,4.90850059908183,2.13734462815794,2.09714793714761,2.07015776538545,3.87313725549702,3,10,3
"2204",0.838271486766606,2.04124198149726,2.52538032672094,3.40741257979726,3.70779839501527,5.64793463006127,0.888954852759209,1.30501242890445,1.19673008822304,2.90149829221697,15.3520539769115,5.89150345853659,4.9842260548487,0.677261449484409,4.00008825537579,9.74627645612927,1.17585745462887,1.35032957685309,5.28749718443166,6.11393542892093,1.52930770320037,3.46256915708609,1.73592831819457,1.62276447557849,4.54637064227139,2.9555394980626,2.04768925887844,3.1614512660528,2.25229124162831,4.51365337877742,1.18554697597117,10.7192159036722,3.66604682162808,20.2893407242001,1.3402751553043,4.14367900921186,4.53393866140684,1.74840227848284,3.03865173538903,1.40445900884804,1.16486083285945,8.76770693916398,4.28051857110854,3.88345845686516,4.99982579023023,2.19148200227312,3.75330407618885,0.895637298436063,3.48774152103873,2.08948162442432,3,10,3
"2205",5.47046607485351,1.80266481115124,3.71676359501127,4.33305432877683,1.71539760214529,3.88177075880676,3.29596460250286,2.06670883374804,3.60547793261548,6.02487121186604,3.98247900913426,5.75266046938963,1.46573203778828,1.17104786998494,2.88804002502727,4.74560924102984,2.17046144283187,0.8031353920352,11.2482503299955,7.63770782047278,1.26813222238532,2.46469875987967,0.903394758164014,2.36378549692869,1.60534094592546,3.26814290092323,2.85955484122057,2.82817836943633,2.04837240806494,2.01905169086118,1.99194940660262,6.10360679081995,3.53422661026747,6.0336256097237,0.46292703877192,2.60492595080093,1.05784394416793,3.51552407276659,1.42435059365631,0.380626071563544,1.90697409448178,3.64877556490575,4.2454619641686,8.38649821411739,4.15585801938332,9.15221953578474,12.4720760058835,1.69595267057341,2.9102895922431,1.70096140831085,3,10,3
"2206",1.23111540647462,4.30718836517838,2.57202082809976,1.35145463677797,9.13298886018375,1.58505159869879,3.87662020533021,1.22020776542502,0.843050067368272,5.73869345812993,1.56014022030785,5.90647178336021,1.10716522774035,5.94842267728273,2.70518674936009,2.26509629848545,0.855211289303019,1.75686526157095,8.41795878533236,2.51153630839846,1.32356732146107,1.82097615980562,1.44050272160271,2.65874805305058,4.06943509680022,2.62630281636551,0.719795425737056,1.77835174483415,0.931913763027615,12.7666172517501,2.55808898905521,3.44340005756788,3.83085781485366,1.84566993313746,1.21041450391257,1.54961708436119,3.39738485249409,2.85790184813635,1.56587355902908,0.413991420836744,1.68519676314841,8.03859277852397,5.71784044410622,5.16958483281058,3.23099684878704,1.27918292517432,3.07102547843924,1.32278900349007,1.27810152430128,3.89635999803931,3,10,3
"2207",0.607538281127046,1.91651765442284,1.64392261145868,3.09787019406267,3.36649114449486,2.91571283471154,2.76283444058694,2.61969713241415,1.52160553238706,4.12405459379789,1.34179571397511,5.97520105651132,1.9275624906294,1.06123176561213,5.00244356063416,4.01694239508153,0.475343401935617,0.582236083168028,4.02895610414458,2.84561107015166,2.35763308627318,2.78402294479292,0.506966852102777,2.62532581430423,2.52314821656244,2.03926384546894,0.823749489097603,2.22672867366679,1.0316063539682,4.08928359940464,2.91601786649136,10.8444073637756,1.90597203581775,5.0408660098992,2.01947141357998,1.09292067414313,3.97705877202618,4.54091481511727,2.11225400464176,0.759824373330444,1.54871151242626,3.13659491521285,5.47574150192334,6.82919384087885,2.57627551884566,8.48288713423932,5.68444609135286,4.28212707145449,2.72753948227243,3.92036009555848,3,10,3
"2208",2.20945169873988,2.10818760691676,3.51467958448547,3.21386222637487,2.37195048774503,2.52214389674778,8.07489510850588,5.17325488298945,2.76494792980819,20.3344474641605,2.18262467317267,8.79079487540702,3.40626661818556,0.63268371358909,1.57505485743251,2.31530137295135,0.994131473689467,1.29057677950781,5.66912141227102,6.83524166146896,1.13107393696693,3.51433660515878,1.89591958195785,2.41908865563193,2.99741138032,3.33196569262984,0.948675119411427,1.48013987363787,0.779593907231143,1.2776934834304,2.95911982980128,2.63791079611212,1.65745505631238,4.27331803080009,2.91431012991877,6.65541494152098,1.94986237366247,0.65026527892684,0.804452440842207,1.49606544411007,0.723327462797351,2.00180495394943,5.61245681024797,4.43283808749308,1.58535560357597,1.92544136357562,6.52455749731848,0.349694171961487,2.06219054557207,5.54113551625904,3,10,3
"2209",3.30490275583995,3.22339674756416,3.00128834026758,1.65539541341663,5.11924210540339,1.87644292443801,5.46291954065172,2.37373794115354,1.13478568882914,34.5963772098074,1.45975954092671,7.68871391405291,1.76389943859543,5.32638624387413,2.54428497216898,5.76265491339166,2.2604800076973,2.20579965622184,1.85476239993602,7.08671681332844,1.20195356580002,4.26949698198974,0.628098849547102,1.7773868026167,2.07178074139625,3.11183314779851,0.765382452272369,1.68195203523625,0.909629601759964,4.1602758910136,4.41666211442275,3.17406374779241,12.1640672175635,5.00394287973244,1.2315638342954,3.74109923405878,1.31051128715179,2.85380467828327,0.822756065550288,0.549459546228295,1.74595947812773,2.0179605690288,3.78574005036622,19.6686916449742,4.18595685143078,2.53578313080692,6.2862598726451,1.44838660341348,1.44927719331312,2.63921737305576,3,10,3
"2210",1.99356239682178,1.65834309494508,6.77858657778364,0.994982309614645,3.54373040332364,1.38624160128789,1.66196893988601,3.51628600323807,3.40493444746546,3.48385608729483,1.07283807106734,1.94424940386123,6.88668920965751,6.35002065495223,1.63114167983078,6.60539384236128,1.82417423736638,1.25555724792954,6.96043334684893,4.8264060145536,1.80788447851914,2.48856194537974,1.14691777535928,2.17287381515127,4.21219537739174,1.71389618724668,0.814814567609144,1.91917556029862,1.42441123606718,5.1663391544682,1.00247751132842,3.35046402577498,1.8260686619485,3.14562977693377,1.29922831756478,0.319145949775543,0.952992762555436,2.70258045619243,1.84508545369623,4.16573055920634,0.774357008959269,2.1147252214093,4.36478443846357,8.79352220518973,2.97453963538161,1.89707884417976,4.39114406738539,0.377541430250585,1.8679710799005,3.05227290022337,3,10,3
"2211",5.06253690476712,4.10244758711435,7.06065897611633,1.22208576946356,2.44905194274988,3.3587426358668,7.79584538300009,1.85682424378919,1.85904038235689,7.388083383562,9.88544604615494,3.57671530703832,1.79583260402842,2.83113540576428,2.16188916980402,4.07851022535904,2.34646072235395,0.135061941371655,1.9199753107134,1.50201722022419,1.44801409184805,3.5179277282653,0.177852160041203,3.52739595124629,2.77998201921025,2.55286982153953,0.384820943433026,0.999924656915399,2.40355928832459,2.43301634722428,3.59083958663435,4.35847266717367,3.66352219910063,19.0777396547953,1.53152009102956,5.66427337287454,2.58569006046249,0.429512444557483,2.5394726097703,3.60344139015851,1.05368014196933,0.966253606686291,2.90522385105255,3.38712494312092,2.1919896535037,3.08769609007303,3.42881327969705,1.00161106147047,4.51781345710804,3.24218514268808,3,10,3
"2212",2.04814429651406,2.01967124048115,2.08693571488329,0.473026864265666,9.01989240259209,2.40818505868014,4.47946360267579,1.96838496809655,1.45284223281071,8.64238807810703,3.12071583586777,5.41259294285592,3.42357398158223,1.29736826800425,1.68123939708182,3.23824332954139,2.35012333410902,1.90870853472991,4.02610286870946,4.22520502533963,1.67286118971087,3.1015638165161,0.261806428227093,2.83913174131638,8.03396009966873,4.88723237484174,0.761133042184736,3.56530019911965,3.57060401112908,2.74529890643604,2.80766818015753,1.63072120542671,2.05895576580725,1.77841278667848,0.60234070937721,0.335849664674115,1.10511478868773,2.41726919933391,0.644962665906099,1.78974757506268,1.1293685397537,7.83861645120897,4.99943795293339,3.82699426065955,8.46914911445585,1.44293542028527,3.44916671058646,0.383618958851847,1.3550763790564,10.5435666433733,3,10,3
"2213",2.15663693808277,5.10122597948281,2.00110765556989,1.18269585817277,3.97026692481057,3.88101113903393,1.53943668889245,2.25087204863068,2.58407658922094,2.41043096639047,5.65780603663583,7.38591904860351,2.83024181698994,2.36264130886916,3.48499083860467,3.43444531293238,0.631903597041667,3.49489800516015,5.06368620716987,10.7662639514536,0.850646530455331,3.85175022835117,1.04403807637145,2.55304824814801,1.37455622051492,2.48793241928664,1.07358662084221,4.14728192081856,1.53314972304512,2.28307625081233,0.436288563659029,3.15194192793171,3.14660991370486,6.42270467406546,0.80541085156857,3.04487731062191,1.23424092249116,2.57978092041559,1.13731883716997,1.88544759551003,3.12769155613219,2.75601476265329,2.65878131598905,1.08452640162902,6.02272387526027,26.7968665293209,7.23935391008678,2.08138957015225,1.76165991459755,2.2671307896088,3,10,3
"2214",6.57235950541795,2.06042128075861,4.37698558861078,1.81367781174246,4.98869340128388,3.11937893750339,0.45976550737172,1.92500956789445,1.05166650508628,2.65383371327403,2.64785413337045,6.53866876203086,3.25629134197579,2.19089635945555,3.50580723892761,8.43545985986673,3.46501183418073,0.393158086931833,4.55419331182564,4.30894343795495,4.77987211349624,2.88335562573205,0.832519340442063,2.35239534903515,2.87202595048826,3.99701270076303,2.64806625808761,2.68382339002821,0.825050715123828,7.02186701352644,2.20461163428448,1.85271103151789,3.2711101463511,13.2363896603133,0.909740863870985,3.30730539004539,1.84426049108365,6.02368074745921,2.31790377612556,1.93078726997747,1.54611163562511,10.5219383706084,3.44816123154976,4.81124382732105,4.88974018402812,1.43414201817325,4.99299372542166,1.76810192159118,0.75508148138275,5.02317347467577,3,10,3
"2215",1.95606760987704,4.47792919153401,2.99289290496835,2.99824918557111,3.10456884781426,7.83691099655546,2.37813681774225,1.44643887475485,2.22692270802479,8.72970155773474,1.57143883900391,12.6489762440927,1.65216085238306,0.267736464954601,1.23094771256128,4.04167271595108,1.25419715598004,4.90108668564147,2.46790527672324,5.54439974498294,0.587736000199888,3.71870089762959,1.22795677705761,11.1458930221685,2.8260169531595,2.67514201979673,1.09615522850347,1.7482439423537,1.94016891710997,2.10375029748402,1.67378693095468,4.09914335500709,4.56623312695858,4.96907911007951,2.06595435612782,2.00370920900755,0.403217184773326,3.04248354264965,1.39515886937609,2.21395696219469,1.01950452603883,4.49340491561914,5.37639594604859,16.3289355038476,3.08896941234915,1.1988172726415,2.78598892183616,2.56095735367571,1.83239239110131,11.425924402863,3,10,3
"2216",3.03191195402321,1.14455800142541,3.56400843318344,1.39849450772904,2.16546069976211,1.44241041909851,1.33414702248101,2.70071586902633,2.82600232187467,7.84165738026609,8.46983416810307,4.46456913084442,7.13482646923775,1.72300118152002,5.78852392887401,2.65522653575058,2.48201049743264,0.870467132153745,1.66810933551964,16.5331071552551,1.41979718408819,2.9742315553104,1.59314987065708,6.29941323253449,2.70040752094145,2.18445013043775,2.21641041326671,5.20447973314014,1.39983633428981,0.907242197399427,1.24632729624274,6.74865032975697,2.64335021438819,3.89780289868674,1.32296286118049,2.43350428780945,5.27446102666294,4.78685862316894,3.55621565774587,0.3799886310666,5.40393294028572,2.33613904501921,2.9044071241319,4.45725998673802,1.47870239561914,1.82572294508564,4.29323624499026,0.665236990482399,2.6992888098561,8.29270232327137,3,10,3
"2217",3.70380928208656,3.34050640606126,3.37728357365347,3.0696536647207,3.75454052615499,1.76661000379286,1.50960566220237,5.22888878500125,2.04316164473821,2.74322650328758,3.07159154092652,8.14069724409202,3.64443294211964,1.72683896558603,2.37365374497091,2.21995343764603,1.15215941508141,3.05044225347918,3.96284473310278,4.21716015174569,2.67554761274046,1.1137510857226,1.28432770121823,2.27680621638528,1.34514752853953,2.49247277810841,1.33291075886423,3.54185826763795,1.16786743119278,4.26296322702411,0.751487121060503,8.76105408361456,4.30523117586896,3.65238007191242,1.24369564673726,2.64690695793458,1.41893571032131,4.839459436672,0.511343769752368,4.09437369875952,2.17259634014568,3.22183156639885,4.80106672618805,8.87406613909048,2.25335264112049,4.17776936385044,3.93746393954277,0.064311524270598,1.91204621269462,3.24314823164987,3,10,3
"2218",4.47973858891545,3.61282447463787,2.48181082327787,3.16797906532782,3.30502280364154,4.81714553204167,2.09267424049113,0.933470638260624,2.0891477090207,7.42546637343019,2.4963420394288,6.2321042412725,2.56131730466342,2.8975853785654,3.09242112922402,4.09213168516594,0.954459800098959,0.943704512580568,5.69935856542514,5.32456664596958,1.93942603900184,4.43180922661362,1.62172795501411,4.46789856154243,1.8170720466186,3.38506073370422,3.30146914207508,2.74167501195727,1.88589561748571,3.41434145618263,1.06021259925744,2.47821019709782,2.43892606633019,5.3052512363807,1.47242073912335,3.20377054759263,0.47108716087666,2.31945582818131,1.09925360558646,2.84849132399373,2.47360381120417,9.56752601852084,4.96961180997052,2.15212618741773,3.73756373628944,1.22278259208443,3.27630923662333,1.45351618315842,1.90399173986474,0.72201466274022,3,10,3
"2219",5.10501929763698,2.79655761043359,0.84380510193885,1.55119550759779,3.38071814623605,1.53943447292198,5.8983822200003,2.09158261263717,1.94872068794658,7.30573448655778,0.577458571600475,6.82037053001721,1.54550192960145,0.140322997758367,2.8648835545413,2.84015067228226,2.89786663527599,0.601899176495887,23.5264393307509,10.5728279661811,1.20641876884027,6.81615093285697,0.707113583741243,4.71176211573205,2.44810198355686,2.26781044887474,1.37858081248399,1.95154811432164,0.918789156996338,1.7603651585014,3.53666794666213,3.06433397330231,1.54875816593829,6.53080961451283,1.08033517404945,2.11733779772948,3.73337566525897,4.15758069437383,0.672481706684694,0.497349016969086,0.893119342080775,2.37101150634266,6.13530381502633,4.6841744773216,2.39418273186,3.02176367867705,6.4878824911464,0.129953766553201,3.36388340080083,2.01798992939776,3,10,3
"2220",0.929709379950731,0.775522559674559,2.02834465832571,1.8983373602259,9.24641825470307,1.74724485053106,3.60698281228566,0.427339049452542,1.35692637823205,4.22234646074371,3.10580923523585,4.93912485190483,1.23883113817919,1.80409423818876,1.49578183944699,4.92660088443742,1.3880371165652,2.5200390379227,1.99467432201697,3.0234909272478,2.05567430384756,2.59972347366034,0.244841049208119,3.31809310293583,4.58904330604495,3.48045088438909,2.21524316694518,1.54305623874245,5.50868165019616,3.97868504812261,1.37484009079542,1.99808918653535,2.018075782597,4.00782796536495,1.66826133702649,0.35312683240505,4.15854713008733,1.83431810308677,2.03906005246421,3.73055966620317,2.62628335624014,2.80581737992423,3.86564984352493,3.45545015599521,6.79913438725219,2.67450041261306,3.13583391140379,1.0512888388029,2.35700764889804,4.4782847110978,3,10,3
"2221",2.54266725330112,1.12776352678738,3.60318629567817,1.35291351196048,2.23626818279384,1.66197774898775,2.6964898356978,3.82321882648531,1.83867563055303,8.35329056853804,2.76703111633068,8.57561797609794,2.48418736415405,5.28892977901555,1.93648598811155,5.40561723572728,3.29186559982367,1.59059721295908,3.46097436414775,15.1718525858444,2.46857971578204,1.7015277919409,0.251370578501292,4.80085622733228,2.51868676418576,2.91500390360585,0.803570036268252,2.59728988805881,1.42561278077832,3.78711797815806,0.651464348945522,1.99579733917138,2.91377051093651,4.90706156052601,1.44502038859996,0.92543100458798,4.97160767579881,2.98060367271695,2.15917418903778,1.72421190070366,0.949081531768412,2.6204922501566,2.25145802256503,1.71833097159525,3.37603912008796,1.05794487165296,2.63936017677365,0.670447747039675,2.38620702158871,6.43849006871847,3,10,3
"2222",1.53040178670548,2.59200824330833,3.66458203874134,2.08665360276707,5.173008778929,1.73799534600355,1.64110702178093,3.00630631515782,1.11405730562072,4.2464752919001,2.08069978505554,7.40326540647189,5.73184090306737,0.448813571229682,1.19594599531649,13.4408096241476,2.25751129638423,2.10130789236129,2.10207926101133,4.58742050739555,1.35939019240967,3.11523906404275,1.52959773716918,5.66024319922583,2.04356417285492,1.59653900193202,1.58140011150541,1.22917929782847,0.757020976611411,1.27180297590301,0.805426552994506,3.01767520326555,2.03468275133329,3.63496252216648,1.95834881610357,4.25445027334885,2.76271836488599,3.6757301842819,2.75870207004557,1.37325517476409,0.881475974479858,1.95382261797646,4.62244976348623,4.04980367167368,8.20466301865163,2.04283386460141,1.21160376653419,0.967953999526612,1.03980924487388,2.71118394653348,3,10,3
"2223",8.78538451192982,1.53512238248256,3.88768314238104,1.86890935121276,3.50370005371411,16.2530174848708,1.79976344457061,5.84037823332064,1.98133935541701,2.87942932354882,0.868133099450044,4.77101563037366,1.88090484282807,1.50636740952972,3.3201545844666,8.72400310787616,1.51293115883856,1.21277672191623,2.84250674805029,3.04338477548262,1.28934491213946,4.09995396590619,3.21442008761959,2.07131529975613,4.06211462429024,2.24972881289281,1.60526749477681,1.12239971012835,2.22168122947912,6.96716920004699,2.04623388164038,6.72339820688248,6.53911680715367,14.8764182143761,2.1297017450743,1.53863795642281,0.108447497996473,5.03902755526308,1.4158031813747,0.594107960843344,2.43464710870493,11.5485393079522,2.31926265338159,3.03861341697899,4.05129951451513,2.59732896741881,6.88645573905149,0.195019112614253,2.53572974336968,3.34956398208746,3,10,3
"2224",0.73886959725691,1.98466981243801,7.00857165984411,2.91306061172255,5.065028713945,2.04020726835285,3.97784063468396,5.27475227601326,1.96797663069091,1.19565845932202,8.12633524970246,4.94031686408116,2.50573186346266,6.2585036972819,5.51314178246878,4.67722235972057,1.97282961829434,1.94664099971589,3.73252036009048,9.90165052996259,0.945063028560299,3.47079029569303,0.335478655374498,3.74455037088557,1.71688590139374,4.89987941960327,2.38693360651121,2.91031129188472,1.18248032702495,0.737069836429563,0.116552998760763,12.8726106405023,7.21927295912191,12.5612122174725,1.90711278117303,2.41802710572391,1.51684147851272,3.09242098489803,0.948358034876484,5.65568038720565,1.52757544570049,8.02649712398387,3.28219670354598,2.97755556677814,3.99305875554545,4.14762532834605,7.89237314928483,0.582999709054331,0.905022082674402,3.28959847225218,3,10,3
"2225",0.479852940492487,2.44932840681136,3.18155813938846,2.00846494755215,2.23918628869896,4.62596757159843,6.74124202956738,3.52444340992763,0.228276932042114,8.42599339349666,2.80855201630912,8.00252625184019,2.54362816987586,1.4626246997346,3.95995786011564,6.28949219337164,2.35210229449856,2.60266885730344,5.40711343499066,3.77274238359619,1.76219758920437,6.53074293194512,0.647938974162932,2.12028995998617,8.64862966379332,2.488992440194,0.612055214834416,2.91186304697069,0.560392061662148,5.14560250669476,4.70630609091334,1.28452106102687,2.37162769532491,2.80988635984494,1.25299630109686,4.88098535405191,1.67303277685737,1.05622748316831,1.15168627376068,1.43795430126462,2.3052902104247,1.68210304493387,3.435808166434,5.84623311391335,2.59865224505126,3.13597921322492,6.93402549708625,1.70386094360763,2.09611014694316,2.05840445685094,3,10,3
"2226",0.608346325339441,3.18142978976556,6.30889638328974,2.24558215410827,2.07881048771935,3.13880194198892,5.15427066779595,1.71971646124165,1.31634752358583,2.33412099504388,7.4631688977776,6.63332377663443,3.25055927087531,1.996956330211,1.53048066459371,4.54580708062707,2.78081299988385,0.34285282235176,5.84025911451028,28.663254941956,3.03659871588766,1.60480865210669,0.743103857318338,1.8870115466887,4.55416736639846,3.13004304189028,2.46165879733745,3.22192717281026,1.25422994441991,6.19915800153175,1.82642655264381,7.14916552399185,5.64320698173862,5.7852137133735,1.22917603963413,1.2968698021942,0.726602777244701,0.583169137213949,1.49142521982686,3.05514095080303,2.45633240011188,3.24836365313491,2.92877833765353,3.55749132931122,3.14670426902348,3.12777975805159,3.06400574820135,0.711716768723516,2.06570159123313,9.96627282485234,3,10,3
"2227",0.865384151746463,4.3658887005651,1.90957260026966,0.55818342313687,1.93237475194461,1.5848306698679,1.36160156276874,0.967964989701138,1.25820808927608,12.3072278387655,1.61956514482789,3.89083013238505,1.23253430302891,6.73406181908877,3.83611892203561,7.82320833428455,0.959987996603262,2.57971604341196,2.85218414341039,11.1780616514045,0.766314287155735,4.47438799311571,0.425333137697047,0.81949098463176,4.22424923982626,1.48221779633174,1.16859991224338,1.68964754342115,1.62479767996378,2.91552269900402,1.62988027636709,5.2119369870297,2.97036639711471,6.4963123009376,0.966568261399295,2.99550672656427,9.05955832448911,3.21337051078813,0.712080741205833,3.02626183904345,1.59728945271812,0.871009386172959,6.41381356978792,14.2944852602678,2.69361123988051,3.82214929136169,2.51383327589031,1.06694970356593,1.64934635055946,1.39912996862222,3,10,3
"2228",0.333309491053838,1.75514103315087,2.33530801493606,2.69348387455467,1.30293715357004,6.34185172476049,4.17394032348673,4.24058090167405,0.994396998884945,13.0848446694839,4.26302887711287,10.1264101206303,2.75023023733789,1.98732992873055,4.98016448589662,3.5964548313336,1.46074545630007,3.35033488304959,4.77211445179163,4.12519883580871,3.03673153261554,4.13228489329076,0.935681596444207,1.48390097041073,9.56167457798466,1.81339893951258,1.35363623619531,1.00472605936426,0.726640439051382,8.19588566235492,5.12906070574194,6.3932321150628,2.73599749440495,3.77629377173602,2.57567733634898,0.899744211787376,3.43058694263629,2.40849172540507,1.14862065172098,1.28348638180885,9.87915458564948,2.26441226715475,2.11374617868353,8.31641942801777,1.30478671459119,1.79731460356579,5.76538442495911,1.07383557527732,2.42435436088594,4.86719511734273,3,10,3
"2229",1.74472210266982,3.84053257108355,3.08658605408814,1.15527302270196,2.28741894272757,2.08492539967157,2.82964099292805,3.81277119082015,1.18253668027608,2.30467804198228,7.6205704158563,4.52895218589558,3.31765784434123,1.81125651046536,5.68244455197009,2.83190438072349,0.461408688040794,5.20919731119042,3.47786169389845,8.27514863128865,2.17067107595539,2.91613554096767,0.556766259600607,5.71061903524941,2.09892175552531,3.79958622763658,0.794670968220638,3.28252066397991,2.03734918567389,2.43445064377737,2.35157074804237,3.60769760742062,2.99831672652902,5.94208561740442,1.21734555046272,2.72220891401796,2.18710998346245,4.22465457673384,1.64054127289471,2.15158967501196,1.30812885749741,2.27071026426709,4.03129158758173,4.08032058133892,19.48589848239,2.25860564574502,3.48971008363638,1.71503061448029,2.75841295933804,7.12345805116925,3,10,3
"2230",1.75681383952182,1.25461955889355,5.00553058628416,1.04161218689177,4.5942236802123,1.41690717754454,1.77154103985357,1.69462931949743,1.11460419246096,4.25708859536422,0.861570094363066,7.92236430225576,3.08498958959657,1.25697295949059,1.63151633372546,6.43452480264577,1.39217509431555,0.97322769305919,5.64371684368463,16.5393233437685,2.68697829905434,2.40859556160635,0.655165331832963,3.66217929263325,1.09722206527218,3.77057245161579,4.13963119495033,2.5065749275463,1.19036126639134,1.50816102312934,1.48460073833086,13.4626991154174,5.63119726082717,8.07760330590755,2.08670306560534,1.28110413810535,3.26487096219424,2.7095845414567,2.93301412752005,4.63519426294013,5.63881190862561,5.54241186774196,3.53934092438749,1.56485554839363,5.51044874904904,2.34992866829177,3.01576293863888,3.18237099248327,2.14099144987542,4.08737371859725,3,10,3
"2231",2.05086059253725,5.89083697363916,4.88860809546523,1.47195867641415,3.98077579725457,8.6179085495168,2.09968975169147,0.183036588159072,1.43890030788203,6.04227066582974,11.8788868226798,3.45835844112808,2.18822456109096,2.46533449478066,3.50146810811394,5.17350218118946,2.10065018454576,1.02118679547716,5.1026073177761,3.69168365282611,1.67134178842852,3.98957235238769,1.72803272408408,6.5493337265481,0.912309074633408,4.16357913689675,1.85855940149896,1.30216347040534,1.58208903002358,2.51569000457472,1.10020749074821,2.01333019082584,8.83159522937368,4.86618887964294,1.77180822416055,2.91993786677317,5.34452721362634,4.6490010422717,2.0160205642634,1.80463754805341,9.9025437139895,6.48775436241658,2.43549088455118,4.16788546625247,2.52223005952692,5.19655751848986,1.85034943638991,0.117248352443275,2.12049732727886,10.4541985583443,3,10,3
"2232",0.464451254039426,2.83118017703888,2.33647685833524,2.22273319687314,12.923234178684,5.96090180173793,1.17874189013578,2.54505507384087,0.943060515057904,5.05745691677603,3.5472739087129,5.65597989471624,1.12543058443384,0.234989874054722,1.61848474845876,11.8923406294718,1.90179465364703,2.86888354024675,1.81757505033924,2.71650075491716,2.33919259867531,2.35490579698359,0.850166252937489,3.28894774586597,5.38905904906883,2.77072431878911,0.51760255385423,1.66449120793336,2.20637692741844,12.6216517803246,0.48812709705631,1.53437035268801,3.18322310875242,45.4118918660698,1.37106839102525,2.44669419910543,0.196938100668847,4.19552392985325,2.58046280567629,4.04336396083524,0.773335082786596,5.20956803891801,6.05926634914658,5.15209613543528,1.73124890694629,1.59538932772975,4.53698597900217,0.990863629389294,3.41603825155805,3.94528901708525,3,10,3
"2233",0.765833837928209,3.39279773050712,3.81468229852093,2.85891733719132,4.12734988000247,1.57841113638538,5.18644527163072,6.09026162994977,1.54102813370133,1.77140295052865,0.85636614257432,9.63867090560529,6.07907479936081,3.49528994277799,4.17942179035074,1.31780842332697,2.15705321904434,2.77518984408096,2.10495733141432,12.6732596169709,4.70043663380858,3.9021381326544,1.39701309634513,5.00250333251988,3.19242099534468,3.07472702513506,1.48392749470023,1.93093735189592,0.573921018406309,4.38892743311445,6.06907513408501,3.05726438649386,4.2852486624208,3.37924271468905,1.85819729556541,0.993452143317078,2.89037612586459,2.11249784654099,0.717532383904589,8.73699637466463,7.54111920566926,6.93548544498058,5.87533757051942,7.85070371491535,3.09566550250629,1.66370703043701,9.01485857720814,0.353280216592438,2.71559182743688,3.23666220434323,3,10,3
"2234",1.49341757253882,2.31084888896708,1.64440187128088,1.91956241984168,4.76258965871136,3.84272296189321,2.07390013833947,3.31289438729515,2.04696712660102,19.5429875666984,6.240659949716,2.72837502284518,2.45794485986844,3.34966165622012,19.2803148621191,11.0406229161385,1.06501736626098,0.419344108308108,3.39127772397636,6.79699003918243,2.09984896041275,3.36327663481643,2.17642700493198,2.48828804735741,0.689014019227989,3.29230837144416,1.26227958084712,1.61836898224047,0.727413088060597,3.46224182726541,0.542176098660675,4.07994133171574,2.92297824992203,8.19384971152204,0.787610425341399,2.84388509483658,2.28907452104931,3.33292916658217,3.22584811378033,3.81084032364023,0.771091748477722,3.6804364095455,6.94444555866423,8.03159143938269,1.51049488742165,3.46441240166465,17.5378957679001,0.996302366180417,3.14473960284118,1.57240880814665,3,10,3
"2235",2.80643136261024,2.52068927210196,16.0879338679703,3.21679925455007,8.46221932254823,14.6634651378167,2.69152722069084,4.99757858514188,1.48087113335955,4.42176781408574,3.62281118237604,2.87135570010127,1.60307765846042,1.33611147508632,5.51759464897495,2.04850824744011,2.22931839766332,1.19373991343738,3.23394991713052,12.7086161646802,1.49112974113496,2.496783649936,1.31898412668074,6.91260641158196,2.54078534416259,2.58921013126901,2.69645091438505,2.36963070636689,0.851089944591586,13.6892511199837,0.786226316274698,3.77516406070228,2.38569042095967,7.46306323176949,1.88746560001134,0.993526544753738,0.198356071182009,5.66939683230609,3.36369023136987,1.76877181877541,2.95620313852853,2.37953272620819,4.46854304925043,8.47212693328552,3.34114587696696,2.15503949582103,3.13132041546868,0.708431429323982,2.70647906265852,4.04005204345191,3,10,3
"2236",2.28565068046096,2.17610810449562,3.39841874294824,1.33523086875204,3.14077541919639,4.4872869997508,1.4956261677204,1.54922851497335,2.24472177598022,14.7504168019137,1.96670880877609,7.17505113915228,3.7141033296153,2.59136788091954,4.08214782149815,9.65845447822592,1.71352279891878,0.920052486584432,8.09655498400411,2.67278105923244,2.70261491333978,3.0490729650436,2.68043234987953,5.02334520030903,2.84756392319536,1.25004863259162,1.26204766237307,0.929223522113275,0.76142353075959,5.39764142247632,0.670362245600269,2.00739547505072,2.51442521342832,2.60906828978321,1.96490177107355,1.74636851244323,1.04773045183269,1.65161364779757,3.89073264296795,1.72709098288088,0.799588055622926,8.81294314851112,5.21482394991891,2.7500525968156,4.4197273009461,1.3820013139358,4.27112307000734,1.65539975254405,3.80237105950506,5.0894026355987,3,10,3
"2237",1.02757720818405,2.57430686267062,5.37240718830023,1.7117168038168,1.58156467233027,1.9532235148074,4.84110821010279,4.34159721283332,1.24783565950565,16.2246999514122,1.80003262500045,2.55398233488308,1.71434981278893,3.89755882588347,1.57993174247637,4.25717304225037,0.564728022095094,2.31832617789084,4.09669066418478,1.75598016497865,1.72759911165837,1.59919410708344,1.0238405301015,2.99648308915962,2.25039179615093,1.42084225943252,1.60162873784405,2.51149314126514,0.787208573373585,4.26666959117909,1.25750122418494,14.0654773219154,1.86033391313407,2.0691254664213,2.33183324390973,1.92639391579456,3.56749067439288,1.56634786248879,1.306475179405,1.92590849197575,1.82270804091641,1.20796183218472,1.95454279097607,4.26579659917675,4.81748035988036,3.17684076226055,12.5263931347338,2.17910491084089,1.39901413641582,2.63632344057604,3,10,3
"2238",0.792315794277954,2.98516339791977,5.36987825380834,3.08692414942764,3.98478166833747,3.1966090929616,3.05740953823014,1.6424697191703,2.55581030465915,2.70705606535384,0.858920769835083,15.3404683036679,1.16465384483341,1.63704986802078,11.7008919663806,4.58365834391545,0.573505621438442,2.90274651051623,7.94441968653077,1.56085434688979,1.89534596578971,3.1754651322599,0.922559401867836,6.86114689888482,1.59184769810884,2.84832392293043,1.0517869320846,1.08222165652982,2.06244752004168,7.95279390619628,1.48116268909427,22.3988686501899,5.06703150836181,3.52219345327197,1.45935488546785,3.40605257343503,1.87136398544171,3.17175769438216,0.898899933829239,6.34784133958609,0.932239727517637,3.26930920231975,3.8648523666893,5.75480417569955,2.78205997048794,2.47303367136771,2.88022039561863,3.97725585185672,2.55789649032657,3.37512668867311,3,10,3
"2239",3.4588262826674,2.45908875724843,2.31935213620943,2.97233052175428,3.32704313568365,7.35385599733525,2.48364279810385,2.07261572522385,1.73336018379468,4.84403418572931,1.39137420502586,9.22248038818244,0.591004555372242,1.05690257591435,1.54431561976265,2.40865089248193,0.801238983779653,2.10598849508371,12.5318734463437,9.26516400221861,0.966927192866747,3.20336756661193,0.473324515792452,4.42040024571138,1.78800208073122,2.82143578421888,0.886012322056916,1.93361168813107,3.46093864112569,5.65955238881015,1.79796265439971,2.82156827098031,4.53656795441244,6.87138475762626,2.43109498282584,3.39470582489991,2.6531439475088,1.49424837372097,2.14972309258671,0.948962535973259,5.90298847744984,1.70074017658332,5.58411247695667,3.509387849204,13.0559798657493,2.60853206764469,15.8385011525095,0.93600057561424,1.90122626117516,2.01330465966906,3,10,3
"2240",0.656277780634665,2.501324369788,12.5584587164036,1.92681068742929,1.58627175544576,2.4245914109501,3.51462070136407,1.36610474129323,1.7089588166587,1.79403665380383,2.11384580995384,4.86965519349973,4.49950549415711,7.04098036390728,3.29482206608408,16.5150544588656,2.28872597759725,1.56453459758417,1.39661943629111,5.99405666818303,1.73736564141426,1.52280050223603,1.94477226301568,2.87703205773548,2.41291522398029,3.474842949047,2.64920949650128,4.70779773913196,2.8109748180294,4.87829458721756,1.49397046208933,5.39512221596648,2.67831008906409,3.38206684536261,1.52065954977122,0.458835796080139,3.1943486572977,0.363178686107706,1.00649406663753,1.35311355419456,1.01089986948236,8.09064511242702,4.10338676452388,3.20375987138302,10.3430969825403,2.77178574469714,3.99165729145561,0.770969479411769,1.29582337977409,3.24044455999044,3,10,3
"2241",1.80044718146412,1.33816654248611,2.45206164395607,1.27152006064272,2.25698519076272,2.70935888402684,0.630224195131212,4.41652961081281,1.13941539814937,6.52916169904529,4.68852244579903,9.73931481272253,3.22538429038915,1.17127682070048,1.88057563991724,22.3729465263572,1.2982122945157,1.27399106588006,10.5518212632556,4.2568869201658,3.74165258616803,2.16691569714474,1.3252573647608,1.0103666657168,1.60559709657353,3.29242727231468,1.65948129545895,1.20632324854554,7.83279014753275,7.18453944287134,0.596155837282538,1.40010758454339,3.0109083376828,8.12341780886093,1.65982005420714,0.731393324834673,3.16848360687052,1.79853571081287,0.433820135054898,0.675485848019762,2.66230271624999,1.65039488685439,4.1590261077009,3.0576545585995,4.58761820554606,2.49903608430267,12.4101509015247,0.580052336203747,1.2789480591804,1.81965864124649,3,10,3
"2242",10.232015574955,2.59878664495244,5.41741566828297,2.98837990295388,13.6282440019418,3.00377883814119,4.58702453105114,2.44570979954107,2.77413938911223,21.1587981752034,2.42157807621825,4.46484959244839,1.58605556824021,1.20480745122317,7.70865291993878,15.3322272224648,1.68895467225974,1.540682582279,4.46794283876885,9.19532807341682,1.02981589590976,3.66930199669092,2.08538422375537,3.83274364457624,3.16732724365602,2.63638607120719,0.993811946179374,0.705958938488189,0.664299693530617,1.69806279955113,2.44332092258285,1.03953222616258,5.47381569491673,2.85649395248038,1.11102193500512,0.303876424656334,0.513210535188101,2.32749789397685,0.293458365013459,0.928516907750036,1.80826736062288,6.04048396659145,3.17591411888795,5.88560192871736,2.33640931950905,2.29823282913308,3.19793860661617,1.54258911920609,2.33418105959571,11.7819534509546,3,10,3
"2243",1.55771222780534,0.786134835521095,1.00709633094069,0.720644688815459,6.0256602921349,3.77607197431122,8.77696149040707,3.00261808442528,1.32670412435477,8.16633628638426,1.8422699577975,6.55084834341721,3.30552479359198,1.71742387299307,1.08255307202961,6.17340786286614,1.42403751709712,3.09968088800388,1.21048226992439,4.86387310863011,3.09909455625893,2.50169994247077,1.12287183086874,6.12487597659503,3.61787666798182,1.11910698462534,0.858524201375372,2.31518041577132,0.724804117263534,6.85153619225715,1.29618475315051,4.64174013888033,9.28522981521882,14.3212140149601,1.47883396484342,6.11190990851814,7.17571721081668,2.73661914771123,0.378053628957611,1.03593865851395,1.63704919071553,6.08899346217822,2.0460555922814,10.8757392382033,1.4016020619913,1.62875999133198,4.96100663733534,1.64336440488156,2.83299437298155,3.69918910836886,3,10,3
"2244",7.10418856271668,1.64382473638188,4.21976657613004,1.55337244270879,3.89490143368108,2.54909310211313,6.31547020497396,1.34331627962299,1.83662837919534,10.658589231593,1.59796191263025,5.40733070743421,2.72920298469557,1.52966652206912,9.13793068508891,5.95630407139213,4.02586376881392,1.46412920204806,2.3643314339061,5.3045824073796,1.89125423868533,2.29621979842015,2.63551411617961,3.91165405656527,2.20893257311698,4.15148081558074,0.346931579805287,2.30906847672799,2.65072426770274,8.75877338817086,0.80778102797983,14.1666032567065,3.47594362486055,3.72220456334645,2.30893875614761,2.20567378595126,1.66890484412374,2.39759725170418,0.400007358389955,2.72065009277581,7.45869684954685,1.14896591128148,7.24212980501932,7.04964301188429,2.63121292922874,2.63973957903103,0.994930588675261,1.34549130570686,2.173968397349,6.22695393956194,3,10,3
"2245",0.75268360604641,3.01459689611083,5.22617728580395,4.53022148990753,4.38860722338834,2.14890676232351,1.61602743809987,7.70308295413227,0.275039655323692,33.7286002447592,1.10125973036838,3.04795409372014,3.19140126445095,2.90595274160434,1.21747342448963,2.14306902536746,1.7732500466296,1.49320745325773,8.95580025241927,2.11054226383203,1.87311446877969,4.73573629002503,2.16687576870126,17.6411829343747,2.0985706519197,3.23936774204513,0.609699620601236,4.16815233698395,4.87345104357175,4.36085043605224,1.08851197025817,2.52998047216027,2.90776734763769,2.87532780442819,1.36347088180893,2.81645119264367,3.75537613825918,0.603276131232785,0.58976442852554,0.99582127729942,2.1008480949333,3.70599434712368,3.39348920025588,3.23583934854637,4.03339265671822,5.5109383927905,7.14603343189472,0.405761975841638,2.12073554594798,3.47714442380856,3,10,3
"2246",2.1664877073093,1.17153895231282,1.70297533949069,2.6962351396354,1.13457788433056,8.35146873861036,2.66221159467023,1.38063688157504,1.31687662644835,17.915738705424,8.64497708596705,4.56557249604645,3.01739957507515,0.826477102632873,1.12501029524001,8.86002755114853,1.40483509991561,1.06291489434732,4.39867156015081,1.21339558797064,0.537043687416729,2.12140503885079,2.37973697084402,1.53553542935754,1.94255667207974,0.771839042748766,1.91773390622984,1.505588160844,1.25901041484215,3.12561944259398,2.86235324959311,2.27305419040383,2.56294062023123,1.71500121115955,2.68289687927814,5.31037072738842,2.68007883824375,0.700563719740527,1.97791041760606,1.8925223726795,1.86174778536838,3.37229479911578,4.87448060570533,4.67456677373861,2.67204801490101,1.92978788422573,4.81334249174438,1.11182989218603,2.29691387144285,2.02145188089362,3,10,3
"2247",16.663165124512,3.18953852366915,1.64535122411651,1.38523573065237,1.58075340188114,3.67512535487898,9.69717753218123,2.83025824700889,1.94703886028423,11.1505805676027,1.10601822255231,1.68318914886938,1.72571259367446,2.07699929760027,2.98166752184828,3.84512271648385,0.49442895781757,2.26675935705417,8.40517930671569,6.63839355741469,1.49394279443155,7.66801337975366,1.57109981338262,3.51615945332581,2.95903823916356,2.54338998957397,2.54263166967986,2.87500176829303,1.15299070155542,4.01629463393226,1.4167735956875,2.61241554566487,3.79349394383443,4.08033716290242,1.05891094197157,0.240908331628087,0.97305140114122,3.40149232016279,0.566831881866139,0.989730473907335,0.847646729625782,4.32463333277579,4.15123621673212,8.53991384035063,11.4598253164817,0.820691931363041,6.91704737398899,0.423316434483475,1.51305078715104,4.49542267475915,3,10,3
"2248",0.424078166804812,1.17537069737945,2.97327577379001,1.4633135824935,4.97567712657161,2.88952815563868,5.33603644801191,2.51438653378156,2.13949504236937,3.11301048924914,4.18569755706501,5.19186027745196,0.412215116717918,1.60596149849007,0.830581488878969,7.97284922527398,3.62359154271459,0.136486986004289,52.0836145623591,8.6584492967355,2.76034919284171,3.01570384786489,1.38238610987892,2.95504787630654,3.60134440856584,5.00551053409198,2.26017134331344,2.19340537867478,2.47608867117574,2.26600422860266,0.338628427859879,2.40403310962827,20.1564878388238,8.27882295762788,3.48794678929354,1.17510042212729,0.494651654430688,6.38405107550195,4.97543037734175,3.09242496745051,1.00835307000191,3.68258180189258,2.35420446664179,2.99813934692415,1.57532332283436,3.30668288594837,1.69730009723287,2.68481104971439,1.43136962476893,5.8111525615369,3,10,3
"2249",0.656587559432354,4.31389073538914,2.81966943696674,1.95120504588018,4.31655356241683,1.8520049040404,2.99648499467108,1.62087026229002,2.231954948246,7.65026338252577,1.88298586981998,7.37390751843161,3.67805177626711,2.68321571768027,6.26857624816658,6.76716004244228,1.20679371742727,0.865458080495402,4.59220021064409,3.1284777638279,2.63482083794976,2.21517900424535,1.76335559603582,3.57853712043363,4.46559343250196,4.3160070596535,0.380449134178876,1.58399862794696,5.2628436036065,1.88927696110071,2.03179944462087,5.65988100534202,2.15502840929858,6.78575770815842,1.5761645648671,0.724924617457009,0.23477140304205,3.11387574374555,0.646594716838009,7.26143554407376,1.54353298638495,6.25965593893858,2.9223634686349,3.93374762828643,2.33612894216412,2.87841318708883,3.8852102769684,1.66807241180915,2.36361593813144,4.95456291778507,3,10,3
"2250",1.94238590286064,2.26850236219668,4.07183578642254,0.742414562008018,5.86498921608394,4.08823684666963,2.3015775032071,0.78017365517664,1.4147368114423,38.183267215944,1.20669919481005,8.2992117190889,2.95497071037225,1.36698119096861,8.23078545084384,6.34581063896341,2.13946593156616,2.61138776184977,2.01033315570288,4.2290211471685,1.34001723871386,2.74615010505165,1.18769105001608,1.145224508043,2.60077666591582,1.64077067299016,1.24027385273135,0.7525040489374,2.88308184198278,3.57755068550247,0.712247480784327,3.50821764965179,6.21843774882514,2.88061268392164,1.41178033626581,2.1483471516292,3.49576998514673,1.91504554207875,3.68216391138375,1.04632103434387,1.47692575198019,2.26133346123338,2.81606397778754,10.6364954586413,18.851734984741,13.2485250942231,7.05507952676376,0.58794083115674,2.22340260583779,7.86619581893077,3,10,3
"2251",14.2942991305874,3.39925863531177,3.44574093717411,1.37091106319836,4.18941784289132,2.15818872401246,6.56555990598554,3.78597075782378,1.11279753335723,10.3603693582224,6.54087809928248,11.1284629615643,2.33723472463072,3.13507950954845,2.11903271665987,2.53804221848537,1.25262585316379,1.3234566929916,4.11061054826269,4.93773075977105,1.85654444298336,3.16267926768286,1.82443025705184,9.20983032647002,1.2323281216087,4.70716936662556,1.12238134863662,1.06726411961226,1.79370468878579,2.6385102893154,0.673388705224533,2.18008937672434,8.70009224056727,5.72868492518407,2.05445624615451,1.86388729456221,1.99664733224818,2.75795325067047,1.44467960141363,4.53168967008527,1.53638545477146,3.99171379817394,5.2977609688373,3.75997580714202,2.7341946669794,6.93702200752378,3.03430801798476,1.65199944545643,1.81993188286519,2.79219432210059,3,10,3
"2252",1.88742569221087,1.59005744927945,7.82865061262228,1.50921804422856,3.59490413400692,1.34454954330814,1.1944292562314,6.33172127527888,1.74039993925598,3.70013276443761,2.91636745074028,5.79384879432391,3.42895995041772,2.08215490050274,4.5184550420358,1.7615764798816,1.30803313010728,0.361821730162641,2.78061657029747,3.68791459841022,1.44358079906329,4.44513649148171,0.770208132349544,1.29704429297374,2.45956003973651,4.78538147565465,1.17493542635585,2.88808464417163,0.737378403143949,5.67759735947436,1.30445708629214,2.98936234558414,4.50139116876544,2.63011296240302,1.50848488332459,3.74745024084266,1.50373266404044,4.8575007312414,2.6697746649474,1.94525902609968,2.39184757140382,7.07798037244601,6.11264383922018,1.86852763088182,2.72437892453703,5.09565277350913,5.44806791600417,0.309420340261507,3.16922164007668,2.3076152875054,3,10,3
"2253",4.9098596043437,0.854106101893585,6.32685560140887,1.94649072076565,3.29955168683368,2.91849043573756,4.08021352104063,3.2005310175708,2.312656808972,23.2971452348644,4.68039956305695,6.95033400810925,5.04009148120333,1.69131739796117,1.65231717697626,6.78170165820193,1.03792949156411,2.8632911191137,6.66539340615849,9.80949466941023,1.18787245900726,3.66252471037253,0.995696910154594,8.59070032612825,4.03579507182571,1.59409135603805,0.899528653550959,1.93300734480242,2.69607442869198,0.644997522256656,1.70953275209677,2.48279622661534,2.01092336585775,6.10921198155863,2.00435384609819,1.59047207214009,4.03812005355276,2.54928337910554,3.04178323881691,1.47163949989351,1.48201411785363,5.48882098625068,3.93281569723623,3.38536471376309,3.00814722379186,1.94123752122658,3.18769563037455,0.439609810489422,1.6074282546749,2.35804611204061,3,10,3
"2254",1.80216051199267,1.84023525643455,3.43057602611055,0.682692020752289,1.62993290372229,5.05276531029585,1.14507883984681,2.60022821936616,3.32433674485357,2.15342675451291,7.38452637379864,3.38868141642029,2.76033321688306,1.90735283621563,3.25438760680328,9.06268250869273,1.43333533121263,1.47871804878459,14.445565307391,3.94620641799624,1.86181611967424,2.9601703935718,1.53945722060439,2.38291995491436,1.76344029556413,1.19012973474631,0.224536853734498,4.91444933174395,0.719490593459991,4.14643889106783,1.13517053849986,3.80238534238875,2.14137760218031,4.42961577114019,1.14768596693732,4.05175511542199,1.49840538354341,3.57056897181299,0.836411042218127,2.07443430141441,3.18847808790927,3.52515097858441,4.89401531785448,4.02164924064783,2.77449393922426,4.40132038818758,3.41923802613238,1.07458802542395,1.78367791105834,3.14670119927309,3,10,3
"2255",2.3955559150116,0.732369877182189,2.27363431101786,0.932007868323101,3.6001633314267,1.37172018215167,1.4756758807454,2.58609063684511,0.531151589877692,4.87956974838834,3.6259154920446,11.7604160672939,4.16331173104139,1.90156729091259,2.84546944806,5.56919158767428,2.50662505781952,2.49552915135991,5.44537596317872,3.83291382733427,2.70267213457191,4.74614655347836,0.906051606054136,2.262500968021,2.20201506161857,2.59981993063761,1.35794912277866,1.614374057551,1.10917893689793,5.87341426965825,0.946304461248398,12.0371075959486,1.41236005059941,3.76640387607337,1.91160510695789,2.1687360923484,2.20041049975536,2.29910491642022,2.36925026464872,1.47648330740017,5.35278337616249,2.89574803631264,2.11151178923391,2.46431244475282,8.63905943319929,1.69387896411851,4.00983242588146,0.59016407797497,1.8030575977174,2.66094923183261,3,10,3
"2256",2.98926259997889,5.8842865825407,4.3208933042858,1.57395853541091,2.47095781725405,2.73261487460042,5.87288480110612,5.06174656819231,1.9784018452867,24.6508068886673,0.635824308385324,6.81937112313077,4.02757680012203,0.505838812224582,1.95734193600612,3.35665649250753,0.28792391638173,0.407321700428824,1.24920223572414,8.61857283680593,1.58472568580647,0.905494825794842,0.817299114544845,1.57697117894823,4.72188737775753,4.37447016955424,0.941691174637669,3.59011685093993,4.38675568387633,8.83739372349075,1.77236745736156,2.24117995320833,3.35961876538756,6.6826792016764,1.61796313221999,3.74371031518277,5.01294282957825,1.96136570289013,2.12169327562331,13.3200146706321,7.07355248383742,6.58396792285465,2.52681846742481,6.71013849429166,2.30791675664328,0.868704941978435,5.62879537404358,1.43773768649876,1.71319413562368,2.62324856974165,3,10,3
"2257",1.37624726498821,3.5189487531585,8.78292514216434,2.77689325341083,6.00849098889951,1.46936449958209,5.64889304740243,4.59988550009536,1.76148470068251,3.4462014202356,4.23222615556833,7.61144794177689,2.44678058610054,3.22113790490576,5.78808435722148,5.8989123745796,0.295231744196576,0.296072842425365,2.15878107167441,4.0069256818765,1.82696360607092,1.45586805084102,1.47830923346338,2.29314118163528,3.40392335805637,2.97930691058281,1.26407059424747,0.984314392479491,1.34687650875769,1.88674418956314,0.409940445774556,0.925169978115583,5.68457706485308,27.166411925205,2.93739658411439,0.936341038832951,1.68509364132857,3.51140328065942,0.902809157953181,1.33580321610206,4.26001200760498,6.62404072013042,4.57283563566084,9.10412099471186,7.16193504093712,2.91895592772098,6.20804506031958,0.473061691640883,2.18159228774882,5.05610327496578,3,10,3
"2258",1.57188939196322,2.27822735524986,2.03376203305976,2.33925932652809,2.95892761995031,1.46853639247504,4.23004178015562,0.849475211499261,1.52848911814965,5.46947223637786,2.52129466879115,5.82983073855959,1.09470143276259,0.723562494540163,5.80030270673958,7.86703047125105,2.77218493312497,0.276811726470967,5.55533799102331,3.55736736848103,1.59893738577591,3.17295593101565,0.297291187234866,11.2670328839158,3.00041296429177,3.50409450701173,1.50496934134861,1.7789434089283,6.62902048596651,0.989093847136527,1.54163997199162,1.68699916574676,1.93649877473191,3.2188819742322,2.17099644005448,1.59931292817536,2.56616837494271,3.40570967241744,1.11146653375228,9.34964990588434,5.39538532504211,1.54574311330873,6.24410803780621,2.52868820648654,8.52982086307311,1.48392195684007,3.56529202413915,0.989910457817405,1.84493819329604,3.54959534789194,3,10,3
"2259",0.999362835312014,2.73706848533346,2.37927725627598,1.5014381722646,4.59516915944423,1.34404545718661,1.14366194797945,1.54696919742154,1.06181401351903,11.3406151164607,5.70399784153504,5.77800947534964,2.36947479116295,5.4413030020664,1.52901982443572,2.01645741499754,1.4926689332203,3.14240656478315,4.20150192742563,6.14196947524794,1.20101481311067,4.46476326223359,2.23916890712298,2.04451233957792,2.2652054324459,0.977607887334246,1.80907814243683,0.62719861644177,1.07989838457271,5.06291747817096,0.115784828036338,3.13914136963963,3.08750052348,3.25793806530386,1.94400537158803,0.776716367347501,2.57621959597485,1.28479747293454,0.764164370764816,4.31749242615197,1.22543930326377,1.6177728873942,6.76023418509421,1.97483158956689,5.54695708849012,12.5932982571961,4.00359518102161,0.852353477872953,2.45046869290045,3.6656381967001,3,10,3
"2260",1.36151643631756,0.536375415649665,3.10910483242299,3.05557893888502,11.598411074987,2.34850779915472,5.24917384223599,1.12863854374004,2.64116087189661,16.7929616175003,4.42866234765902,4.82970101795269,1.26815625978598,5.68403553326883,1.22540904860101,17.0421576531306,1.09238139819405,0.662507868409835,8.31438291568433,6.71152960716563,1.82171121866836,4.3343051792112,2.15959443901399,4.04720963841368,3.77931977821793,1.68086632560058,0.282572449103251,2.51788574836294,5.0275606028073,0.879879444527639,0.420189111289096,6.65207613616648,5.39102993549042,4.18682475912373,1.33985490714841,0.750768244483024,5.70126089197331,2.41409359214587,2.74671061574136,1.68962438491744,1.55452629365012,6.00267865347183,3.43241026596984,3.29003003810778,1.62824818464693,2.53194396616318,4.62307851260171,0.326677402672856,2.43883801942074,3.68442515953446,3,10,3
"2261",1.06722335526654,0.566591675084959,2.34433354249164,2.21935733625028,2.13334441601236,4.1611165680571,3.15875490645626,4.52186702355226,2.90274083349604,1.08627072430846,1.38142166166156,7.98466807257854,3.95695786499135,3.1175643557884,2.05214082710283,3.7426085519352,2.06019962238135,1.87863645714564,3.37030229985437,4.39901872253935,1.81078436428738,3.49356987262854,1.94792285197718,1.65714990794515,2.1981715189627,1.92227167273524,2.25778935286937,0.645710136391375,1.28731170879766,5.3439721633923,1.67155735586336,3.43129271245483,3.60754909692488,8.76051554065972,0.82392052638494,1.91011356481707,6.16830264125069,5.11538860363756,0.306366007614955,1.37991835399557,4.5617774582513,4.90442680485447,5.28206662462972,2.73979987118441,2.92974465095285,0.8786172937089,3.26999486297382,1.0634990021137,1.46636466666041,2.27932205287632,3,10,3
"2262",3.24632791645003,3.49170462642949,1.41420783367932,1.489997297106,3.91876860624363,2.97018443774223,1.91378584272796,3.26933231729351,1.08507910980217,4.26365340456412,4.06598633304449,5.27253226228868,1.74099261894216,2.04418965335755,3.0360063568073,2.91890586383904,1.88529062025013,1.92664818374326,3.71353864779953,2.73198694853102,3.68896309182837,2.37778102161272,2.36865389426965,6.37919096106977,1.88680285333471,3.45344868129004,1.42768275126419,2.97632487240942,1.62076680186979,11.871633480413,1.53431759191193,8.8306269290169,5.1411602604063,13.7298536068132,2.0769973544259,1.70094936103385,0.194389795873322,2.50939565597809,1.08612041048132,0.678383429094185,0.770386226709749,2.25892662766161,2.00422058685202,3.08145823336446,6.48851363713492,6.20132406101148,2.65735369240531,0.766988866256997,1.84221989940056,3.24202913004606,3,10,3
"2263",6.81762371961246,1.77357868784804,5.41225131501016,2.81460836575227,3.56989964175712,1.81203988050892,1.91298285811005,4.11262978879018,0.419324427841613,9.19093903038133,0.259062837316123,3.97919204781392,8.287269275854,1.40868752894992,5.03215445683119,9.44781351036413,1.41668324950583,0.421680844395063,2.96963747659364,3.30792876132458,0.888592703522614,1.04774264577015,2.47318198090578,3.22229040849982,1.96637622429308,2.10446442623319,1.24714694471272,2.43906154010775,1.52292909028584,3.7657562908484,1.49572351981311,5.59890690271325,6.22415989430002,3.0348475076379,0.471967280183451,4.33979813481609,4.1773773040217,2.392940412712,0.841041027995555,2.62194776426438,1.13502797592975,3.2004267173948,2.04894113772021,1.67758940521066,1.90855648100234,3.25813543786766,1.91969629223248,0.77962209710497,2.22778953761272,7.31930664817805,3,10,3
"2264",2.78048321880078,2.99114876979138,1.37305398047756,3.19102026140705,4.72983966806049,2.49581551112491,0.638817410344935,4.58210907669186,1.13517049150342,15.4455807948352,2.76028587150257,2.0125749388984,4.60385658862637,5.39306643585796,2.79047172442074,2.53610205558164,2.39561741289866,2.68449066463047,2.30475309243835,3.26854203886222,1.19745632518088,1.39103924473452,2.84630885964296,3.29471430374135,3.19783972730631,2.95002634963006,3.00393021328078,3.72038611195994,1.3550761887183,2.42958648098089,0.638890484755394,11.1755687940078,3.1356272152366,2.72621844003731,2.47199022419287,5.47377967261671,0.285084028829922,2.41751392471545,0.573609024911675,1.06538126271243,4.22045523278722,5.84106712076304,2.26614853259774,8.37022226142527,3.95576384429266,6.01407385845011,4.12798542614236,1.98840430249173,1.57898355039734,2.10843224260223,3,10,3
"2265",5.48194179027221,0.639650455009322,2.00769441167435,1.62340614121576,2.5855981894251,1.59081202340924,7.67856966701905,1.25686629803538,1.13143634793764,5.51684489290626,1.39262593447088,3.06564430597212,1.0330913189376,1.22702802929977,1.81078123648575,5.21745683696815,2.16481172032051,0.904248488987115,4.83890567812703,3.49957456503921,1.42201392397186,1.65318493538411,1.71217250961254,2.32363274024947,2.70934311253748,1.45595915137373,1.81654607397437,3.66538327224362,15.3067519581681,2.42506885327493,0.752839854506366,0.750990938974397,6.26364785563524,2.91599522281772,0.975145960382991,2.96309317629229,0.403447779228048,3.14353217603452,0.332749307919138,4.02567364475642,2.294632361358,1.83344346098342,3.49963635051404,3.943222065798,3.03948401777784,1.2053174932985,5.06096998307132,0.933283733628212,2.28614093190097,1.71161401612478,3,10,3
"2266",2.74389092252135,2.50185947606165,1.71601770364535,1.80724140875576,5.69991548119023,2.14364608583093,1.73582213248205,2.22953289626603,2.03504901946032,13.0114815269905,1.41335143947237,3.80251636489507,4.04877978030487,0.427788710497451,3.49050073117901,2.88316985581617,1.48030658207411,2.12500047483453,3.16635196770232,3.70886103804733,2.76394777294255,3.29841066362408,0.138704047454492,3.84328542451235,3.03804136570319,6.09928996472617,1.86890912404543,1.85412387521958,1.97545939944456,2.44167944776059,1.96213757054058,4.77159658145607,2.21858981305357,9.0956377545557,1.16526012146724,1.78973669396619,1.03644197183359,1.07028235579516,0.464686861287893,1.48102624900008,1.64190446603873,3.13289959955209,6.33623883431237,7.16632289087381,2.41489875975732,5.78608471508359,3.20208518865721,2.39272399349203,1.68177371101031,2.81631959108383,3,10,3
"2267",0.311782396613607,2.55183890283018,3.68730782479648,2.3232785651003,2.1289179840368,5.98926336576627,3.8786786364556,1.30704418852292,2.63667931790522,1.43251401706925,2.53155047753592,4.14459417219236,2.15969568416026,1.51538272609531,7.46405726132716,4.79854887882705,2.16257916231955,3.25278396010162,3.1084304441581,2.74907480604033,0.501053471149538,1.71575670412286,1.51850141547231,10.0920264998744,3.67710490336293,2.56837587546192,1.17628172337796,1.55624663345288,0.694045667897754,2.78737703692702,2.07203699355818,2.80645240184966,1.84611223435748,3.01990970199871,1.89893987457511,3.14404206220332,0.767863293382009,1.94211448115152,1.24593753348772,1.16844880429992,2.00922929481957,9.29122818482064,5.33847791841792,4.17066082835884,2.01988533499623,2.08049442968933,2.13615271034435,0.0799278053404028,3.18291354071885,3.04415934569756,3,10,3
"2268",3.04364874265979,3.42601576470703,2.42091724710301,1.7637860062643,6.39075266139409,4.76546546367577,9.22328021905071,1.76085341836571,0.739169359886839,4.78133953087668,7.23910771041037,7.03972070570948,0.917559077672906,3.85421208962424,6.23324118097307,4.13547177543615,0.355227946820669,1.2859301636463,4.22234999305641,5.95034494631734,1.75571291298358,2.45688653409346,0.40319904681154,1.37094718489353,4.90837308824149,2.0823905665717,1.28184584718083,1.58103046487036,1.4545007896729,6.08222454520029,0.613829140563518,5.75094180270505,4.96382945990431,4.62941207142853,0.641617527021878,0.461692190683445,4.82065235047198,2.62907952460791,1.4894282179032,0.863694766420779,7.43692753532601,3.17043359208121,4.90327302408749,3.79655493122561,2.85580076328521,2.82074774128041,4.42300737075809,0.623945713482898,2.23815473746231,2.83061063167156,3,10,3
"2269",0.907702963527035,3.45360854894587,6.12120690931034,1.74065907714881,2.34500185375388,1.81153957790333,1.55918136078533,6.14009114467082,1.23916201798744,3.87138271278226,6.33404301373471,4.93100104137074,4.63453002256849,2.28847506764768,5.36805562626111,1.98007865502099,1.46692484624162,0.924986593912386,9.33831868531485,3.42464536706431,0.935808929078994,1.56256800819658,2.56258675844725,4.95415338343472,2.36632269002029,0.924309935267276,1.12433251822586,2.82117014314419,2.37231923093837,2.63173312703907,2.06230618002213,3.43509900303558,2.64758561787848,2.39792791500829,2.33331440783973,4.64412796331208,1.01613533138075,1.92614375098943,3.44442731249014,1.52480618660275,1.19257504224805,1.32436099315433,1.87479430716276,6.34257470795028,3.52080377315726,1.94774980299374,5.36698959684136,2.57896102195888,2.79319443950021,8.58329447349623,3,10,3
"2270",9.88106901787243,3.42552513208244,4.4606199395801,0.718137007240049,2.46619667879696,5.13628350659902,3.56078442862229,2.40303892071836,0.762220547608755,4.64383053348044,1.31163155312352,9.44443107337337,0.207387158909974,1.8380330207918,1.22710170703379,8.50335144563539,2.31146950528947,2.00972486409429,4.23225292929966,2.8074444288652,2.29473668884242,4.21459808263585,2.7170062761938,2.53852616435331,3.19180815903882,1.13696897544092,1.08402033664707,1.60624676023804,0.580192653862653,3.27574969220457,3.62121653112693,3.18672256996509,3.29720205502629,10.5186189033107,2.1216208329436,2.48680150564289,4.41793360024387,4.05782643123089,0.359570088628353,1.8266173649064,2.30677174934873,4.31837123695617,1.85400548438147,13.848521568414,4.83252059930274,2.98455503296894,2.11337143723681,0.833247874305039,1.65288835113452,3.05379699482808,3,10,3
"2271",1.1048452239368,2.25080163227879,7.22752642490068,0.778878463933292,1.64033008601378,1.32456366628326,3.30884969832882,5.3834389166304,1.86375236124791,5.84003119587724,6.1838275494138,15.1514018873258,2.81715156619719,1.71519811393326,1.45957035506736,4.84486364110589,1.97188589359511,2.01271912114641,4.44583802211117,4.58326055307731,1.49425251097025,3.36190675484398,2.71966464229437,7.77932317637715,2.76953230585074,2.62965095646432,1.21445536378448,3.58999010631036,1.02834164586771,3.55224885010999,0.796779680637148,2.15175170677614,2.62868603200265,3.49876522095871,0.944453621301105,0.707672084864113,2.38132123856531,3.33253029023839,2.14771099311379,2.17842062721054,1.59186214906612,2.22936914762819,1.94646340283069,2.53015857115247,2.71830716521413,2.29575794136985,8.91216136001369,0.477065536600153,0.846095713946137,3.6202973389761,3,10,3
"2272",1.55076362948385,3.13472296471892,6.43403971929232,2.9063008765648,1.03135250520015,2.10305283826101,5.60984264579418,1.06652720825181,1.40957311923257,6.96649093916115,1.52849364320933,4.19974595721731,2.69456843596259,0.693647938006743,5.49526529327045,3.97433973089012,5.23725051760169,1.32013547848572,5.07304814943488,3.20765293535268,2.98493415379508,5.8510593255963,1.93536280550452,1.4031457658552,1.58879365047779,2.94792887634497,1.31979065756638,3.17944452927392,0.725426726028684,4.60669985995936,0.753145769559693,2.88596585388294,2.8467387609662,4.85165511431281,2.20053657087693,3.40213716605626,1.81146216103132,2.65584439337135,0.931424197976733,2.58834100635726,1.38537768638821,4.97617608546002,3.35846226398186,10.6798623475338,2.99569257681304,2.00857397213659,4.77677896498092,1.17797471425458,2.87873771951392,3.03268130408337,3,10,3
"2273",0.813875044749349,2.48912369861581,3.43554353333533,1.62052691167471,2.39460307744167,3.46150110922327,2.34708723290453,1.67161958989376,1.20306803122832,4.05764597283567,2.53454990515887,4.10828688738578,4.97484625644168,0.930355357818654,18.9231672939279,6.65800513109538,2.14569322164076,1.52072164859213,2.10578839861194,4.56672687835787,1.43330477028499,2.30433941473457,2.22555369032022,2.46626086020168,2.99911498095658,5.13645045651676,0.550322044105245,2.52385675252678,0.839734562868354,5.03971443405434,0.835027426417636,10.2395348937949,2.78846064038556,9.03011903220413,2.22896464316348,3.90697913237026,2.72810921063711,1.56264699959659,1.889793645637,2.15281614280027,1.26593910985849,1.58121746075967,8.29843642209668,7.08844980342373,5.45661928183825,1.01656409903291,3.1633534253929,1.5946382467739,1.59638985684466,7.0972262310537,3,10,3
"2274",5.41422747860248,1.42044640650255,3.80715383466731,1.80246071678354,3.59266569428466,3.02158529135857,8.41049977057094,4.14268777357425,1.82895285788499,7.07097139235614,1.78069798337754,5.30945693881455,5.70175828223805,1.16728281988714,2.66841476105828,3.71651661233695,1.84278496018955,2.19263982545353,3.2223401071348,4.61942200835423,3.36279088619954,3.18646574499524,0.84400046755324,4.42560113546392,1.11833691028956,2.17824771912888,2.79734917090827,3.31486189665913,2.38323898439634,2.22890681779056,3.05607523026029,1.64407806899166,3.47441641929172,9.2587753587692,2.20896691671506,5.99716186217536,3.79155274436221,1.75933532240754,2.94547018435765,6.01927491463871,1.28114322897744,4.22189967052916,5.27901319873592,8.28351447114999,10.3682821976361,7.757331414176,8.08394750367286,2.50549188713023,3.33987282284513,4.90654226269702,3,10,3
"2275",0.772249348382568,1.34468264247615,1.60822808933978,2.09348334634701,4.89876555485796,1.48317036874412,1.75063801522951,2.00872653864877,1.50930968645443,7.75393905732512,6.09964384768968,6.89931646168484,6.93255066860783,2.7173593814967,6.50122941542031,6.28255000485093,3.70268596750175,1.52378154064377,4.77937877888694,4.61124331811747,1.60626383299151,3.05796321342052,0.736655064917522,6.61026697277754,3.42592823755506,2.25202304543958,1.79118943022142,1.60587309973933,0.736574829955826,2.06465260719899,0.885322706782551,3.75443924260393,3.1730393497759,9.51646471157706,2.21042210646138,0.419735954883534,5.52431537911206,3.21775723853305,0.981524759490644,2.07471839206953,1.26527002744883,2.98204373756387,3.13249538531577,2.05403908271699,2.60475159804144,4.97959361231269,2.45414104302849,1.54545254583123,0.951226787625034,6.95361784654791,3,10,3
"2276",2.14815276422447,3.44742454291375,9.19723556292355,1.95551642833959,6.68057579803352,0.774213396808881,1.67743948833433,0.984820286239702,1.62643153278153,8.68650995697325,12.9709278373481,3.94887674199806,2.28834011353057,3.17516528261678,4.97454722555934,3.4555712975227,1.00414296020096,3.1116382903219,1.58896205364347,2.28446382105982,1.67379339321468,1.21941542922502,1.25323228331624,4.92108850914349,1.11822473904804,4.23309522211084,1.69957651815013,1.93291367563061,2.59256338567844,1.72152861003483,2.2832921352664,3.25173902974743,6.27916464984754,4.6774331837231,1.72459225698158,2.15321706693272,1.23438194460807,1.11312586443324,1.18524031125826,2.49633953075587,3.74437248716925,2.62007991880313,2.11057853990011,2.40283981419576,7.91429216605738,3.65572493950162,4.00726776997502,0.505176937154556,1.73491484739597,1.79813852485912,3,10,3
"2277",3.05295552232663,2.89401131095567,7.09663921608794,2.02912845105868,1.77804419851878,2.46837867223542,6.36658682475916,5.6590000201104,1.72637839856088,2.96796791310981,5.2393840158019,2.65699994203942,6.8037998717736,2.3344826195001,18.4875685987199,3.90606739418719,0.76828340498505,3.21589169973797,3.89025161011828,3.27882017813389,1.28550918874219,5.9636676058984,2.16953489073924,3.53977741106058,1.81734653533526,1.65726304162677,0.652517463610459,1.57977534747302,1.57056887575295,3.31635633187085,2.69051223355112,2.96342366288456,3.55274498009819,4.46067009187253,1.36412572088338,2.2789566528646,0.504561444361059,1.30316595988697,2.86170768653596,4.47657023111165,1.49513985225438,2.46885814157989,5.91937125331991,10.5987489264731,6.8516736624544,3.6202991327181,5.23286183192806,1.28012704588281,1.33886681463982,3.23545845506611,3,10,3
"2278",1.2756409732935,6.27722449776475,1.47295686477544,3.71164037051331,2.085643080469,7.44104532337046,2.39001050850606,5.47331717315655,2.35623490857325,8.42684369693215,1.50555552059795,6.52875094043121,2.57708046958825,2.08719073972884,3.16015648781222,5.15994853491549,1.73191257086779,0.85309955385792,3.1229064158825,5.73126679283582,3.05512799533952,4.88287399813575,1.86940913408787,4.66068342891452,4.01304646924658,3.39318832521531,2.34071478610896,2.42921311866638,0.78995685439991,4.17515045024112,1.43720325222243,3.37270647219037,11.047780939989,4.60805205975537,0.762725024724267,2.05228208776192,2.79641325889507,3.01292081954232,2.62846508685312,1.01524989636525,15.3788156538694,7.17792431212186,1.72458760882782,10.5432618927919,3.89945100255815,1.50681116638896,2.24177723425955,0.739869005819178,0.990867024258134,2.61804809419877,3,10,3
"2279",3.0557149608371,5.08859532300114,4.67910428716556,2.57062044841953,2.87949119656365,0.952303210355969,2.30352120674787,2.36324441645451,1.84808891139543,3.69305536787621,0.700502447566346,2.84649601249696,2.65684802666279,2.14950695276343,1.92638278536584,1.83583160962969,0.94738307792303,1.52794200121582,6.28502723629303,4.70851201595635,1.36619364697719,1.25621651146854,2.81172804911236,5.91142737105513,3.14985480277219,1.97236839984881,2.74918726643267,1.28702632137531,0.710557888608433,3.50340927457248,0.655997999432958,4.43111389309698,2.39467871962129,11.0971601802727,1.31848100585815,4.27304294649303,4.21456050624443,1.02567763733413,1.6053112336797,0.606724135960057,3.44863232932003,3.35931556183839,1.49859018663386,2.74220565616101,3.77751765340915,1.95777982470109,2.77147764131523,0.795745261491479,1.22380467490484,7.14737340450383,3,10,3
"2280",1.78838760711907,5.6702059456664,3.80742977226216,1.4256954982439,2.2797182101563,2.97262507832069,8.03860699484359,2.64954744163394,0.423300514603471,6.77564079849256,1.40325938222529,2.11505344481889,1.45433410837028,1.97075347040677,3.95265857941066,6.80655887609691,0.411001607166075,0.897135622655811,6.56079609063941,8.48516178604114,1.62078493229666,4.59549805204825,1.8916904089401,2.46144801261026,2.53096229977635,2.71803050976432,1.63315693974886,1.99759851608118,3.19361927055445,1.87132044281915,1.22519495104408,1.35958586026104,5.36981525551682,2.76368728601251,1.1817072817212,3.14431757387101,2.67577253490718,3.00212193692365,2.30083167956069,2.18434480195134,1.04869098448223,2.89599187381336,1.31786829019986,4.23793325130927,5.58393252821678,2.04967603716891,2.56366573185604,0.669042165534253,2.76532886609138,1.4567880919182,3,10,3
"2281",0.448828166345978,1.6571359335437,4.09639463905766,1.26378039298274,1.57973306174158,1.46160320079338,2.85662932895154,1.95798771233189,0.433445093913569,1.93328828076874,1.18645770413424,19.9277078767449,2.29740563571527,0.541317610074141,4.35801489924157,4.6363239922204,0.829740553679445,3.42717125446417,3.14713809000432,20.0605138492547,2.73116395010782,2.32484346681767,0.433726991242645,3.77828971238004,1.9680689559874,1.33396895374166,1.42275915338683,3.23682774297313,0.859417676766303,1.83583474013997,3.34872717657538,1.89145565159187,3.43240838185251,3.86177260280421,1.12217919502986,2.99762945757033,4.67579307463661,2.85627602823432,2.00589536647831,3.3787760647624,3.57205194410174,6.28363968031771,3.67182430856332,5.46279648574528,4.8107961766668,1.52669545992312,4.44360584700041,1.46356812899213,3.36432358045938,2.34073503731055,3,10,3
"2282",3.47629164302888,5.39257985267157,6.57295405039729,2.6117544278249,4.0454030837431,1.64504562515472,7.9823662222222,1.95133816846086,2.54183553701502,9.48638058345323,3.04547957627442,5.49496790107997,8.15105118269722,0.670129980937932,3.69938821826581,5.8598040181578,2.3133583177245,0.512713000792332,6.96015150824371,4.77351090100734,1.34092376478863,7.09501062517235,0.742313107653952,4.30213664088248,3.42163836297125,3.20285111982098,0.660675177611043,4.30872504446222,0.372150050559295,5.84263618036125,1.38212311047701,4.62659592561585,2.35108522149362,6.40162475461652,0.985728111900422,4.48776534478721,0.97924624544984,4.50652332623242,0.95883488488901,3.31824294803881,1.22465264742752,10.2481178563276,5.93249273810933,5.12147301604801,4.61539520734844,1.82006719444972,1.78714789977815,1.603467858697,2.70119089275926,1.1503482547081,3,10,3
"2283",5.23523885954481,2.68952676018948,2.06928727044894,1.46749964857869,5.77961656524859,8.54779629797247,7.73525841073713,4.69021113771443,1.46484021670042,3.24094819745898,0.912006920979194,16.2267251643839,1.06052688852124,1.05107050131051,3.64020520851672,3.46246977875576,3.06860243128229,0.758441624725387,2.55108012558276,9.87195990334697,2.1571575691704,1.32446508462261,0.46115330574159,3.63899741492468,2.2268195867064,2.56830746747744,1.25917911084996,1.39460164248045,0.619614057970202,3.69180581710347,1.09729007938808,3.84488130826366,3.10354927426147,3.62071378734627,3.47433268606935,6.24513563021672,0.387846929425931,0.977587688162636,2.19860893433471,14.4662231819078,4.06700467111592,2.89692463796963,5.26955206950016,3.38753587292626,3.88163440422891,1.86187938547205,2.52100857612867,2.16392357306137,3.69206310259815,3.61998772409129,3,10,3
"2284",1.37168817818255,1.73940696542867,7.40679864381632,1.44849443602509,1.1178568390086,2.06179292717773,1.10648997221246,1.584478282038,2.51911414847578,4.62321178864263,1.41178150376294,3.63776332582528,4.28020784503704,0.890060230074512,2.0508334812461,2.09252117166959,1.34811932989618,1.17058216907823,2.90522016595332,7.2086131666206,2.10423581926747,2.27648462253369,2.10351853198686,2.48761891815314,4.29581831821594,1.86719821642726,0.821126629224919,3.98961297121088,3.30498198440881,12.414613105753,3.64864445580568,4.87918702989168,1.57425693262867,3.40552661738892,2.85045085887729,2.6611421571807,3.01066460516763,5.20267841464815,1.40298278023157,9.85854771192164,2.19933322693726,1.60977454476327,7.05050247952302,3.49182962509851,3.0903808302651,5.26024760625994,3.82566904346155,0.598033281163287,1.39376087407313,1.96180042833225,3,10,3
"2285",4.78414420213495,1.37863179033601,1.76800761151833,0.422405404651727,4.83014416580264,4.35763377108032,1.84235271957906,2.18511795026524,1.66797383541938,7.59741669321281,2.08926060977903,5.59397432735156,1.98012669781674,2.52014004471323,2.31642805702279,2.45615624527169,1.76846257123744,2.04035443059254,2.4531954623658,2.15074744590902,1.93509751473455,3.21919424658563,0.494077633211287,6.4207408785434,4.00108386681661,3.13602378706563,3.06403999864168,2.18863480145592,3.74250744034684,8.3290101292208,0.351514048302237,5.22380431387006,4.85237808973641,2.67754517994507,0.685231007524645,3.49272494084207,2.5350060524596,0.24123055579685,1.22748416920553,7.62794077104778,1.76176424422525,6.51591318836657,4.45937161857063,3.09124106935498,1.67088846008991,1.51947974807027,5.27798603470584,1.54816885802547,2.61708630101707,2.50728970491018,3,10,3
"2286",4.54044766688064,4.5612127141473,9.43685928177983,1.89805509254358,10.4009377744353,3.90122433487683,3.30182934695298,1.8762044412855,0.775976733726133,2.58238367248897,1.09781812235492,4.86936517611014,2.68473700606983,3.1147830246491,3.75566854785391,4.30528822893785,1.21674913063635,2.04467040774573,7.97901115259855,9.96983796967789,1.99186019295854,2.70590949954153,0.494672416134566,1.79549164157582,0.539277582038771,3.79360077756089,2.13497367089863,2.32177276309034,3.4601385912144,1.37879945392264,4.16160924786772,4.05941331328517,5.58191568376744,3.48750744847634,2.3102871654085,1.29024018185129,6.28275595291363,1.47210842507184,1.96039646565251,3.42476038040233,2.17888776934582,2.81198446760454,7.70893527539195,2.53212960913831,1.72988047453833,1.24214305248758,6.57579097962573,1.30505630961821,2.93653037038302,1.02424428101527,3,10,3
"2287",1.88176759916913,1.30835400879913,2.52150520982002,1.40493799316345,4.24123674516951,2.19266586468882,4.67779954170229,1.84116276658816,1.20412631635286,8.34771173008375,1.24694761108023,3.05896548894604,1.57577839755571,4.03858221410015,2.27642267490753,4.09711548911846,1.51847729457905,0.417494029352086,3.60437713560837,3.77067758807101,1.11990671247184,2.74366552923806,2.23467368275411,5.51725766877432,2.3811875086955,4.6535389734244,2.00046512782576,2.66548138502274,0.768203553066735,11.6081937023626,1.30566597477275,2.53743807125053,4.61318779555592,43.6314037755962,1.89452477689767,1.2628190635186,1.28163253526037,2.51059664302076,1.48133674127734,1.80193419331276,1.59132970080211,6.48754157008814,4.07963344592755,6.45265167686573,4.60807269154607,1.50599995322222,3.98351786141402,1.05021454039081,2.55108476777332,2.30400646100686,3,10,3
"2288",8.25009182770074,1.86985507059503,4.09190797394937,0.837322622780874,3.7305449141757,2.80523269916285,4.30306964440252,2.39122231653165,1.71518075803571,2.64020416658575,2.20941126355457,2.3708235656474,1.16722907483561,4.35344225119422,5.40137113956942,1.09578826395584,1.70612982340023,0.766674009554314,2.36303565158615,2.83866448270296,1.34718830271094,1.16699789585657,0.935999261387513,1.8798210533968,3.84293414000024,5.82293636433803,4.26864962797545,1.0182500797263,0.893621694483769,4.52934838084434,0.974843584426906,3.29565403242853,5.98773396249749,3.18182186704301,1.18239914463868,3.51860715780549,2.52328231907926,4.33702869220623,0.834171362363086,0.582324729338527,1.95492079797317,4.24598966651467,4.38806629058019,15.6326893657024,2.82406312321003,13.8965009674378,3.52655824361726,1.8609557870748,2.71217927165876,3.43141532164895,3,10,3
"2289",1.87621833815566,0.989895925117477,1.8663881760326,0.80045586176405,4.38939094652769,2.41446580180883,0.994679713100361,2.9430715036789,1.3334285958456,4.33511513367129,2.18673324306921,9.36044398653671,0.905425232575937,3.73346098076839,2.17642657303952,2.91444766211492,1.11177712785679,2.14007721580129,4.82318621145255,7.21055589082175,2.02827177403988,1.67948081302045,2.09455624677332,3.65029341785259,1.83735264768039,3.96723683643328,1.90150659741909,3.14684186527211,2.63167780680105,4.16330990929334,0.339349741647453,9.97744893022618,3.42723150443973,2.83393987066097,2.45087552582314,1.28258731892284,0.402472636409077,4.10016872110903,1.25252248321289,1.66179826274114,1.45471578410218,1.91056317487089,2.48134291233826,2.00455625205289,12.5471752614664,0.960587664212472,3.00970735751698,1.39262033033715,1.24520709815408,3.00144201967509,3,10,3
"2290",1.65479749966149,2.45304777393625,3.58360017710545,2.1759542901413,3.74173524869825,2.21725576015244,13.5863261345323,4.53163384930628,1.37115168388541,6.89026110937287,1.58076860207251,4.4259961401624,2.90732390673815,1.54325981146784,3.97507368725774,5.15026096618573,2.75642455962878,2.17526083223092,2.14486554866077,4.16828665946939,2.87999927144914,1.91475704597452,1.37667842370516,8.78960396483201,3.29616132296958,4.12682098735315,0.481497847296104,1.06023109601704,2.83163824018739,7.230011915888,0.989291828227505,3.77081778437602,1.43072287952044,21.6966752755755,0.724870945775997,1.17886063890093,3.32344717086288,3.08583499353687,2.33207154837814,2.65550148233217,1.8025282060973,2.96533706625811,5.84467598070089,2.5335302434941,3.46244103598575,1.34310313163551,7.20154546169028,0.432260957788765,1.20018991324215,3.33488745780124,3,10,3
"2291",2.44457481090958,1.26794215944997,3.9851269788998,1.07518547393202,5.6040162744611,1.85312317772123,3.03379470690181,4.29261423977694,1.14714183770603,2.93131015588579,2.70600405024442,11.2204038196054,5.76020961341078,1.88009010900973,1.547791538689,2.00003823592007,1.12740942591995,0.333229345668819,5.56928199433249,2.4662459793451,2.86412041452278,4.67392280970812,2.45251439454603,8.99889105214382,1.28455945215697,2.33045413552157,0.958868617241969,1.76196698437342,1.46174894475242,1.24836875383472,1.36388097076739,2.65740288948976,4.85275458170052,9.06515018549518,2.7304486992986,2.96090176977933,1.25398251143922,0.397602174360139,0.344278231530025,6.15330176551496,6.19464118955625,2.69622780855031,3.11980748139514,3.30357342500426,6.36076627987043,1.121686053499,2.92448294848342,0.905860925369773,1.94553491194697,3.34456076893403,3,10,3
"2292",1.58913766524324,2.7271050433545,3.24015805031484,0.738121593049909,2.26813967231943,3.07313335112588,3.79953053565467,1.25803362286903,1.53787839080774,11.3833051450358,4.95568953634549,4.65578268846488,1.85528949858519,4.03142254670218,1.81896291622197,6.37805312925585,1.82987895069095,2.10757393209583,7.95676811138362,7.10190658005886,2.32781622843648,2.16867343741112,2.86986391872678,1.20880342185086,4.09651360673162,4.88428880147856,0.523046390223733,1.39245653231795,0.584307374939786,2.53007538562603,0.284307113693116,12.6936062372899,3.16828127282522,1.99481799357808,2.4285579256787,3.01818203432529,3.75363919296586,3.77077790512945,1.86369101587381,1.10005167722477,0.840089597716274,2.32161431956946,4.9546003806354,9.69706540389992,4.23037098635726,1.62708185449816,7.19466937206481,0.858459400236885,1.6174038954431,6.7267979854886,3,10,3
"2293",2.38657769065102,0.857737199703217,8.50318673560933,2.3829469721794,11.7279124846931,2.09277185832287,7.11822118174857,1.34356179077934,0.194163310011429,1.24883964017305,6.55927933318493,7.50654316609001,1.53112655255427,1.29855281320412,7.29784364492012,2.6873997781049,1.68664616789579,1.64250891187163,1.51577530099055,3.93500231786728,2.40091597465822,2.62969448385096,1.09004096294638,3.21889824580743,2.78964487503475,4.37329834738057,2.65963954555631,2.04379493629782,3.54812953013717,11.4255792836388,1.02609766196572,1.94067231558069,3.70197158294198,2.03516813631133,1.08316454788653,4.96214730906743,5.51178462776562,2.68876413602937,0.820779273628608,1.63919912832046,5.67528899632444,4.30077916765723,5.28689168876708,2.05848115714565,1.67909014299667,1.63102170507308,2.39881487286726,0.475324045178712,1.41188115458081,2.52229897500065,3,10,3
"2294",0.417801493786237,2.27099866426028,4.64853374620326,2.56640855723519,3.48696318336651,1.72406912622303,5.4443086518114,2.06475350570616,0.964162834645018,47.2502046176542,1.40803168780944,2.77621129856047,1.78565846177224,4.72343052756845,1.36922704291599,3.93002923447043,1.41279927671033,2.9284291532704,14.1840240039005,3.05558556719516,1.88810926695272,1.66750817241477,1.82542283624276,3.75876960854094,1.3327677315333,3.32142484535617,3.12512007401808,1.97220704384224,1.39900824089544,8.16210966640655,2.20072646136251,6.22843389523007,2.47425076112148,8.38310950160141,1.42064402704581,1.4952343618763,0.332953199342604,2.71815510688388,1.47367740709158,1.85788360865775,1.93535817715287,2.14583787040248,2.71341330506222,8.02361992193255,6.76020483751619,1.54613562361038,6.24601018270497,0.35464735918873,3.52145985071095,3.53916666826856,3,10,3
"2295",1.79979917486809,2.85284617556797,2.8917721019425,1.50252731889207,3.71184789666722,11.6186233257917,7.52018199045906,3.7406197624833,1.7160429757275,18.5444443978729,5.46899548124286,2.82832592961185,1.73306457395387,5.04225529975862,6.2344843548627,7.45301857849201,1.79921946396677,0.422032334748157,6.80891219559433,7.41590694797921,0.763691988917651,2.53665167167003,1.1258276117337,4.26279853387472,2.04088678749453,2.67308881316152,2.55300877339674,2.30677038206545,0.737863735555811,1.50258779990484,1.36589329848408,2.87107302043803,4.67149757454748,1.58227616870453,1.09417720851837,1.08833733809881,1.85371818290231,4.25441669657305,2.85179421123975,8.34153525931301,1.94233047624935,6.81139046888709,9.2125185756167,5.50638721949892,8.53875729878486,1.10258568161448,4.73848513778784,1.93880965374863,3.19641303703751,2.66561281804463,3,10,3
"2296",2.0341528235293,1.97692903049254,2.46202314468272,2.74457323084222,2.35369621008746,1.7082980916095,0.998732327475893,0.425987821371435,0.663941656767182,4.49234895322542,4.59178649801586,7.24669033850155,1.97115337739224,7.21965046412288,4.03720219295853,1.08125562280029,1.90198940308508,2.09339320030318,6.82264285923495,7.82106964102879,3.40265499342143,2.07334068151402,0.849444305223167,2.60945841961553,2.67492665507848,3.5842357806559,1.42472708346167,1.8187083444817,1.58227041775446,2.20860260744899,0.525824778678775,3.60258967251868,6.07044979792164,1.67148547503357,1.09219726071904,5.7710146300917,0.260005279143011,6.92875502289868,1.62414568230662,1.48773471805408,2.32122985862311,3.75899149956371,4.75577508375526,6.33880919957663,1.93173379965455,4.63903381028865,2.82201640966699,1.33685225583321,2.98940385998169,2.95883267729858,3,10,3
"2297",3.0794527615739,2.47227369437708,1.96448408826416,2.15843867048149,3.06069768855601,2.0933687608079,5.67803276858909,0.863739669574227,1.07197990519562,15.9053268857194,1.22099536233325,5.59936211546421,3.44048237317479,5.07686504481633,5.90547771740804,4.41511520062632,2.55905997365427,0.976422280810322,8.40632017772467,11.2110162526381,2.08428245619408,2.0442405973903,1.30817187328651,2.21639849690726,2.50104582009149,1.82460802054597,0.760447429898035,1.80250376448939,0.634058880961767,3.08197124207033,1.43982438650226,3.14284064395222,2.29322064639325,3.95465647210859,0.870848328542998,5.6259649805781,11.2495561303648,2.80402599406022,1.83849334007973,0.51431071182873,5.52718135356829,11.0418647329609,2.58825904919578,7.23574271140072,1.92226897766428,1.34757881479492,2.4737561414602,0.946902018272732,2.83322049506738,1.98050174599302,3,10,3
"2298",3.51645178465083,2.90948995466114,2.53103278543068,2.20735140848241,7.94575127233137,4.88220002722176,0.465924342368087,3.52572679972924,0.365840713468714,4.83982499692013,0.806605104495177,6.93328351563571,1.93496887603035,1.10340757277265,3.06957762005814,4.05290948723956,1.73278500626583,2.46565164538825,4.16841435037867,2.94792084229054,1.92869337557355,3.23467167757908,1.52999253408268,2.60043150513393,2.97848532192486,2.67029474500049,1.26611447010041,2.93090396617156,0.642883313280167,2.95186031877968,3.2285953912451,2.4607871353893,2.31826178422637,6.79961606399799,1.65163635214293,0.761943968168254,2.32867200736791,3.13974741897611,2.21457286409432,1.20736515730604,2.09225348307358,6.32597366618599,1.99255245326703,7.82472029934001,3.89194989629679,3.82038661579483,6.78307120267113,0.657412488206992,2.42644298171802,2.26696633331628,3,10,3
"2299",1.46828672501961,0.822903094726823,6.39941479393958,1.41051610931913,8.13402942225781,1.8925459059166,2.98017960670806,2.30152056276026,0.861706050468319,12.7521148734714,1.45442983048137,4.90791354163516,0.74692831948518,1.9809244927585,4.41480871572476,4.64955461868492,1.15520244856368,2.5428289863254,8.52723283722456,0.646432907236747,2.41798214106061,3.19074952971325,2.55095510889553,1.98914435786494,1.91291495436164,1.72348167707678,1.02681157328478,2.37470007863905,1.67978622274037,10.5590783280492,3.47003227744497,12.3482963401502,6.72182057569988,2.70315629020077,1.02405151011801,0.754724239036949,2.18683952889572,1.63044910054721,1.76292622624501,3.39280414715307,1.91527754513593,9.91561838602066,2.7817857222429,11.834297671854,3.51333745744746,2.98543357334041,8.92865176746676,0.351948690641319,2.41118105217329,3.98142933624379,3,10,3
"2300",1.9131647041896,3.50208519734295,4.38822638958886,1.77265890122818,3.25497705738809,0.997948614023868,3.68361174520232,4.08414302077531,1.14323345367407,7.96614364451964,4.51029342158039,5.13799215290854,3.20935415915854,1.22434431494069,5.94293440150667,5.4802223793703,1.50487737855599,0.739460119589822,2.46151221873407,1.7116099193632,1.99139749203246,2.30551418005067,0.79114195178517,3.4537376933329,5.20708381655512,2.37948591457242,2.06858619071514,2.62149773186581,2.42136292239067,1.95436830384807,0.519152771084598,2.13213884542498,10.1484877351966,1.93405205762885,0.845782750562783,0.415003070581786,1.89761018754455,4.17054296083694,1.67183784696558,3.54174193640727,2.24956111182712,3.33369118380718,5.48787489796855,2.74655746933204,3.55472448510976,2.25597614208617,1.77411610198008,1.51390125801598,1.75922903137901,2.02620416014153,3,10,3
"2301",3.25316391296346,2.95659640475361,2.47499989764333,1.16768826148589,5.26761668347447,3.3590403909018,1.31337228585149,0.84028597647558,1.52168509220096,5.78310452896331,3.62878087603845,2.92650175845457,4.10244658924288,6.84119043192063,1.83423778325511,7.20472958468015,1.8782954593363,0.490157623803754,10.1486587782121,2.08706660543584,3.0907212394685,1.48373728267104,0.895449769212803,3.73948956202986,1.55174683356608,2.83944155629531,2.43866548558826,1.66300598531181,2.5220152707544,1.19705059505066,2.83643329958707,2.85226320772912,5.13117064541332,3.2697641817874,2.07996675934411,4.87202362334594,4.08228756502869,1.64538690095291,0.59594216800243,2.97308909866668,2.39558845596074,3.10637664705393,2.51958281429744,1.95571057926821,2.11245307066139,2.00953321128695,8.2796190872949,0.836527951694215,0.928779867055125,7.85735538056415,3,10,3
"2302",1.44557325897898,3.21153584443662,1.33790447969255,2.2109481607682,3.448053689526,1.05073213059566,4.0798102061232,3.10957379253965,0.983784078830767,16.560301165972,1.6704813417559,2.84891298251549,0.779119738187536,2.35411946550827,4.14248293630683,3.73259681806218,2.90086967069442,0.137089736769622,5.19213513751772,6.96764021529284,1.35212708121736,2.03523770028449,0.91419036332272,1.56268366641867,1.98874110133066,1.58819931134871,1.82737788878361,0.764953201735382,2.23465773816978,2.06384041625555,0.896795580236223,1.80504351849971,1.95128187971613,3.91354726844623,0.936499225016768,0.292509048777775,0.778057177428853,3.14848026060277,4.58506903935003,1.49410711605819,2.7296290357258,6.24738727013126,2.30898768294636,5.77358601758332,2.88140503815534,9.16882122494484,46.856549322089,0.638396945179133,3.1807084383139,2.25769094929588,3,10,3
"2303",2.24519191304946,0.981495207661937,1.22568718468538,3.69047584506095,2.92640309401516,2.01064537284617,2.75443710999412,0.947002050616618,1.79792958164342,2.68672131472708,2.25882310396617,1.89151573317523,0.855395750007174,0.68523512640107,2.06015271863037,3.19337842311617,1.68536147883222,0.355780773438697,4.04581400365137,4.51104820245828,2.13997237270025,2.63153791520291,1.02923470723681,3.50493579203151,1.86881290883908,3.20028973136237,0.364226058384565,3.15652107994344,1.7542356663168,6.19740924907819,1.26090117355878,5.68293452601444,7.30560106122509,8.92355331049877,1.85009779992013,1.44851490977529,1.1897886454481,3.90122179299901,0.85800766575083,4.13688984654271,4.73925040546038,2.78728550642704,7.4671821142927,9.7917289069821,2.0158389804475,3.71003937182897,2.76312048957999,0.693042185348693,3.24686998827641,2.77608705936558,3,10,3
"2304",1.20662074881964,1.60983777952725,1.67358796809682,1.21600776222785,3.50024218411314,2.40503065053832,3.16504595592668,0.863708738070447,0.889737773633882,3.22123568584118,1.24085476683318,7.81178661698713,2.07569280216392,3.58680247612701,8.64113980284629,5.19153175924689,0.813893364494615,3.66812929089484,6.81842574733188,6.04077679434925,3.15933322246785,1.55102484188678,0.48462331448289,3.83144558533738,1.84749037232535,3.06763007375313,1.46002165474592,4.33821764365382,0.486307830522602,2.12234903832931,0.449760855616893,4.2611919909514,4.81072932378496,7.4720654270565,1.8889381574023,1.20422756042669,2.56834985244854,2.84722271140954,0.364144863108463,7.25448788894741,4.78409104869909,3.48792027243963,2.8552508210621,9.72207066717243,3.45832708488422,3.00227944690361,3.16325467735931,1.62608403246689,2.0556184195637,2.74518176141592,3,10,3
"2305",1.16694989634308,1.67006889971668,2.77783472415232,1.88981241196448,3.9914917656664,8.57748898577111,3.51109541040182,3.2298311575883,1.51213447226321,6.20624977153716,0.75257558485873,5.00067799203282,1.42488273629376,2.4143033991916,5.77773426746667,4.30200466424697,2.42813120554726,1.56911032373252,3.88848825138243,4.75679268957598,3.35941367848639,3.79212332335282,0.758091805251604,5.88930483966333,0.898056034557746,2.88338199054152,0.916725874901125,2.62485268690066,1.16740307396006,2.2007916224127,0.610750713292058,4.79415236381777,1.35270411724329,9.37825901846645,2.07676106960387,6.45914883117973,2.42420289595122,2.43467559995766,1.27890498670071,2.91828182126914,2.99577485005382,3.39093975577728,4.1532338869799,9.38629904270969,3.69309938084328,3.73800453064588,5.79549429759047,2.04031055935516,1.9784466895918,1.88541832904876,3,10,3
"2306",1.99048482591751,2.33822163286925,1.74141825745734,2.41531587652533,11.0239240247592,2.8357607907607,4.49870969757672,2.40943035929759,1.75330028141453,10.2220531755379,2.68524466976579,4.43663019824306,3.59596112414249,1.91641323232187,2.01061809726458,4.37050307802245,1.43633742592515,1.20073223269867,4.40068027733537,1.79990911982842,2.01657736320166,4.69164002952459,1.09613773874584,2.40332405617934,2.71705055581237,3.04476597876433,0.915082173084277,4.08320657689188,1.12707388721954,4.80790122121208,1.21313191086288,4.75524252764501,1.21527065582416,11.1266625613163,1.52995671852514,0.917369062194243,0.793775927626596,0.488294773947935,0.66535095149545,1.12826958631886,1.51528094010194,2.28004611083993,3.58217145063616,5.19239616209495,3.11087841624924,1.91120501035591,17.1583035392126,2.7004773533655,2.03949913024167,4.27726548551523,3,10,3
"2307",1.49045340173998,3.13313781060572,1.81525035057834,2.68957882186573,3.82468859035999,0.93164575434707,3.1996752390062,5.77013229450422,1.77263618943132,1.72862240069225,3.68787167360683,7.26370527028714,1.50161186784521,1.52866911912903,2.52253896433243,6.66711784839937,0.176757284724634,1.87645702574204,38.7879481938425,6.01333002993959,1.36255012404339,1.78005862183824,1.15498280788401,2.02850752373366,2.37734191228204,2.67226148357041,0.911036151110146,2.97825102067767,4.40254073179446,1.70194617693843,2.90264554544956,3.12903064623072,2.86675373045236,3.76169016535381,1.54577551328955,1.98682272889552,4.90246297692186,2.61920149859534,1.70243173502828,2.94457513791913,2.36768104333123,3.11288198601199,4.49469424924114,4.54204595559397,8.26400418531825,3.02346544596477,2.82696291822967,1.2013114626847,1.33741983988389,14.2959410334697,3,10,3
"2308",1.04018782112023,1.83127945226949,3.03369400055219,2.29506272712972,6.08016077311827,1.67185387720409,10.9138524492749,2.02313997592527,1.14910663307051,17.5360016085799,3.43407120036058,4.02536687268965,1.89998721801891,1.95757926174437,3.84882458416311,2.23750460407801,1.65576147928083,0.978879380478919,1.77305398060894,6.30161984685861,1.5319311936183,1.29259621377918,0.465371138558085,4.11003841647559,3.24179477408971,3.71533457026579,0.79266242613508,4.18484876891567,1.22927982284246,6.9808432100536,2.53617661049629,1.9304723113847,1.20513699796593,2.40164882150187,1.5066888472329,3.52467312314801,5.63230317478938,2.93258279497003,2.03922057765997,2.86827880497735,1.05691904806653,3.61469423698575,2.57218720415631,9.81305231882821,5.81788664259086,2.1372747461301,4.06889407661368,1.7704449351501,1.99113713274781,2.82799145628943,3,10,3
"2309",0.764644136209857,3.31167900494916,3.29954329327732,1.95852588621076,4.99303624797787,2.57274330666861,3.52622253860208,0.40502445713674,2.02100736670947,15.0830678259363,1.1221587281984,6.35608895833531,4.8903040422903,1.57001416492662,4.22580793934216,3.64525336358771,0.837442781206462,0.87622237694587,3.80237356688736,5.36893556185737,2.20684164549844,1.2290265139132,1.46687431167018,4.321189821114,0.164849361187696,2.25218890050683,1.09398739568851,3.19007890352781,2.07539800709182,5.0570000376931,2.55985156254754,2.35420881015241,4.41979050087071,2.32407474573412,2.00316702515806,2.43171634107911,1.86267711295909,4.83463309968127,2.43508704614304,3.36640601998784,2.65705139019813,3.18465569713504,3.19358343500121,1.84661501312618,1.33635845981648,1.12035501985995,4.92608571273603,0.653577683768011,3.44990412574168,5.88810833277042,3,10,3
"2310",2.48682788001472,5.99771301324448,1.89599442169468,2.66849269975608,3.76628447177607,1.15651838868666,9.75464025772189,4.87173563837202,0.726035764042754,8.61985398848927,3.95878417609178,3.89403859185662,2.03520752457204,6.1894912368327,5.04465692291183,1.44773137975255,0.652369202730946,1.86858304581968,3.21682289422476,3.79927372466646,2.32200845594193,3.65726731156033,0.593747415784287,2.49811762996844,4.15910071236821,2.60620803791339,2.00340027346433,2.72913003567407,0.597432870195784,12.0098982388054,2.18846076405337,3.72129959240062,4.08485327058037,4.84382237225127,0.99150946402409,4.67941866000501,2.99362295599086,2.25993724986936,2.13647231714546,1.63886068288838,3.45902469771077,2.43138416367476,2.06416348940927,4.42721177746245,2.64187736472668,1.80202089579301,2.23802174461239,0.773213980757919,2.85951308070687,1.69161278896784,3,10,3
"2311",1.72573260805656,1.37008161223368,2.7978972544425,2.58409270269163,3.41849985930583,3.3214552545692,8.34498718208623,1.79358065985903,0.937535049502647,9.0257752266091,1.25134937134312,4.85420955032916,1.28839707080598,6.33404341926031,1.20497308468275,2.70017647641896,0.830029194252544,1.56113425468544,2.00557661162351,5.47179595200037,0.852817721561709,2.36009222015809,0.928320688250357,3.60403398260048,3.31254763682447,0.358788857764785,0.779299938919235,2.96313485957645,1.09190682609817,4.0483421648382,1.37401357209375,3.56054372168312,2.45363727318208,5.62004058180434,0.780535948780298,1.91027884629666,1.33326010504005,3.00287521268056,1.20809715589533,14.2697688623117,3.20485913048824,2.47193532111479,5.80077920882116,3.66482220617948,2.30070369910526,2.31857976429863,4.79330219637896,1.17045845647304,3.22233504541803,4.37395006727219,3,10,3
"2312",3.25083074356426,1.44912406066279,2.61221724630058,2.16942602269278,2.64753486113446,1.35645786279934,5.05284918013937,0.578231665002335,1.39215807182155,3.23606171135602,3.79811302254571,4.0040442412812,8.08071658948144,1.06848462897689,0.985032922466257,3.56772356981494,2.35401278895298,1.10395154433736,2.63109428318378,7.01695799636555,1.16173112378538,1.61974358156992,0.883284243553441,1.48080647055509,4.33514602642722,1.66244545874173,0.299701221804426,1.64446748505647,5.11965795652097,4.37260520618757,0.69247647966705,4.88553770802392,1.52532974806735,4.26094821200222,1.98212248630696,3.98693937164719,2.60444002390793,4.48243087861577,1.50478064854518,3.56883007037857,6.47686811952257,2.70842592610685,3.13093552986686,3.67373327694833,3.48738078563545,1.33726763759774,34.9284134650104,1.4567855204953,2.00585854931556,2.78637071709271,3,10,3
"2313",12.6927419166669,3.18297691745763,1.8712358697673,1.90099227542156,4.01792663941242,1.82967504474409,3.11993797882269,1.34761423047157,2.53089419984462,3.33000047069948,1.66178413023808,9.31026527362009,1.56246079636003,0.426478098280996,2.25734559864796,15.0541599289096,0.712251815546656,4.52287012359438,3.32688558293004,4.71396697396585,2.10718617831552,2.96342591439182,0.30243852633825,5.44335944002389,1.24750542829459,1.93715063934507,3.0040644281345,2.69817577934714,0.937720791109551,1.99469162830744,0.960083843512205,3.23599298566896,4.52760836157929,2.94651345653982,1.76573361184569,0.363068558115728,3.89428297406254,1.70602374991321,1.62310647162318,1.11655948626502,3.69002776157626,3.9004950036944,4.65630740817841,4.9116318238865,5.70677578429826,4.64771868430338,4.44199087414658,0.594212281145234,1.01199346593371,4.50128221156092,3,10,3
"2314",0.186128999250207,1.65825234597057,2.9961685644866,2.61628240649742,4.82603532768808,7.93579747609443,2.98480043744691,4.47504605869608,2.30333783082318,12.2594254441002,3.09902738329003,7.39765379432051,2.01671563372382,3.09323576240813,4.09786418630863,2.11143856351009,0.741757391620722,0.789512274656673,4.28021826254757,2.41341603983761,1.27110533754117,3.10556255899587,0.417215152543064,2.58805781444785,2.64204026408726,4.14727752313012,0.925456686735655,2.83932065461907,1.19388619465057,2.22243379623965,1.916984079764,5.2163455436327,1.72970565115063,3.37878067299475,1.57714681726279,0.801065331219254,3.49989461022204,1.87847464530825,1.85278864651189,1.37541188439588,2.95808433890223,3.79334969556656,6.19897521070325,4.69573638025723,4.44400735942814,4.50515523080022,3.15022394430424,0.411775036643467,1.64155734069712,1.63845129155417,3,10,3
"2315",1.90147749107174,1.09112505386922,1.74048052012781,2.42496836896994,6.87342226703037,9.67306362299341,9.01078144734666,3.97677115280829,1.76183511951717,2.19154747425667,0.926419107147517,2.70501616178169,2.76998195324956,2.6551244096662,3.86514865391646,3.69599513676029,2.31457956193571,1.88539320363903,5.8218094086672,14.7959553877293,1.86866873641444,2.11904630617428,2.17226666745961,1.72846510734472,1.40751305588445,2.41838059807095,1.63708912124449,2.27495290880788,1.47802443490714,3.29917044576813,0.554901892380225,5.41686481954079,0.936760710787592,3.94466176385098,1.35328181874756,3.25052190196273,4.61600117352568,1.52484946787138,2.69694529281596,1.80862889925118,1.05083060041134,2.39269677056177,2.15748167903505,4.13930971355632,2.31361194807788,1.5156950314954,4.56022428372246,1.14618519499497,1.94538778824086,2.44287089779328,3,10,3
"2316",2.33326226716346,1.85242492488253,7.85263774792107,1.10076845057476,1.39110855576273,2.97028388259255,1.79968387887028,3.76512441302592,4.46554316060384,9.88135280891278,1.58090299037961,6.45295689209527,3.8585576984734,1.42294986566605,5.92140991928416,3.37516894707938,1.29273369297626,0.392116706613155,2.66401527788415,4.61700695661072,2.0808870991483,3.19527235706413,1.50155515425761,2.69583761377711,3.06924540709344,2.7026426848654,1.06224894090267,1.26799387448645,1.63695756862515,2.33687979209723,3.53818281085109,2.90440652308761,2.39543336617443,6.01868994129162,0.593523710908278,1.61707347052192,0.656224801462273,1.54561914897665,0.794727390556095,1.97682023616252,1.06024210015341,2.63976446597601,4.49196527107879,10.0540389484743,2.90462857060654,3.32164798888367,3.15865124244452,3.40869023621828,3.03962612381906,16.1833344460457,3,10,3
"2317",4.05148976937665,1.65507695132467,1.77347661645612,2.98915922904293,1.38151421473969,3.2749616048642,3.12515313267151,4.78635044011227,1.58084133355868,10.4514422046079,0.46607331608754,7.14398123615765,2.53605017214882,4.04018864508991,5.40121317789377,2.18255067992289,1.15135576800374,2.43191645070978,10.9553093483231,7.61500462612749,1.45622574241233,3.07546446603275,1.89572031252765,1.82387047275826,3.94939421003952,2.1488282333784,2.48993790197506,2.27276797801642,0.530460866601032,2.26774750777191,2.30893434365842,3.00060990006214,1.84865064020778,2.93575240981206,1.59277917485896,0.66579241340122,0.780793216374398,0.689209060809464,0.39696421999122,0.858113543532772,12.7950719246851,1.87854564009906,2.95133527783139,6.55452058751371,1.50330563050479,1.63187164726881,4.48840455604788,0.497837636229451,2.37716696026655,2.12968837350023,3,10,3
"2318",0.781375408040014,3.27124585483492,2.2264507574445,3.50266239939776,3.14900265045881,2.95432530033402,9.99691780264352,4.49261978864871,1.24429452562208,13.8713358195101,0.921473879723913,5.40927167632551,3.68312783440016,7.71459523587384,4.16712820445225,1.89530314153508,0.880230630433159,1.13900391357263,20.5888431698616,6.11598152618085,2.20665025465648,5.55345099886541,0.911500639802071,4.04717940957053,1.73433497793869,2.03360947859036,0.738668490270691,2.42251569758661,0.656549238718546,2.09075820102246,1.64633366808839,2.23935847385663,2.3886452678745,5.30338935153932,1.20698658781578,1.78462497682112,1.07450830597426,3.40801386915432,2.3652967483328,3.22874883241019,3.16500857072989,6.66540379732245,2.41088430578691,4.90127646173002,2.60870667065466,5.22212035634746,2.73135328842833,3.62243609410929,1.05616292959021,3.52176478393342,3,10,3
"2319",0.988386817634626,1.76605891722369,2.86546612305806,1.54709020959618,6.53830652508145,3.24089928375286,1.94411630128512,2.57198962681022,1.50767821462505,5.82361784222406,6.0270126243624,1.72605487317232,4.24022393551138,0.876401577579256,2.32549363942678,2.87666468587336,1.12637799769977,1.50461264214919,7.39960745462919,6.44430248056069,2.30433256092885,7.35297649077135,1.5150844258149,9.5939819714593,1.83049793602103,2.57203039731695,1.42168178231778,1.53572432398925,2.64725387744413,9.46369333584049,1.05846604609812,5.12681110002225,2.72507988748879,3.5839767697141,1.25987799232589,4.75754867894654,0.14082435832229,3.74296990024735,1.04493680436596,0.567631645603005,1.56092738610417,0.865830484477234,1.72220417737922,4.62519865672492,2.11727852815874,7.99430818532921,3.05098030616251,0.572291220549081,1.68229439454136,5.70460598141725,3,10,3
"2320",0.750815836433065,1.29923377118742,8.44152972062706,2.7984823335782,3.14240326175836,2.1249443613276,5.55302234863687,5.42372623819446,1.98154076311917,3.00472538120172,10.6404988976712,6.71818277907637,1.27579125370815,1.20646450098325,4.5445332147696,3.45675655861287,1.12330912928997,2.58337949152537,2.66823013624743,3.89195492313565,1.2411248132352,2.27297803230722,1.18150793905634,8.31091452730767,2.3683323111593,5.07911768074451,1.54673963581045,1.13632324374957,0.894226529078213,3.15433718125517,1.71159160701483,1.32276356060047,2.02492297481972,3.55484865638625,0.369224140663078,2.61312478015732,3.25753240934208,2.19851206665739,1.56703574160031,0.537302569640558,4.02390866093619,3.89400319052623,6.18159583380526,3.09701379732561,4.62866543176208,2.37211327633926,18.7156874743122,1.29003029245738,2.54486992141667,1.17197275250843,3,10,3
"2321",4.5640990377384,2.45627185814214,2.11706455288687,2.21818531777113,2.18797911059601,4.0313185899195,0.872272840058809,0.80732417525426,0.960265799019771,8.79013221512058,5.25069075443071,5.46186014958773,2.20625211557933,2.34686028890214,4.91260548482823,4.41095935142412,1.02518752788155,2.13353637974146,0.926582488398427,10.1294160899195,1.86734145185949,4.76451847448369,0.799221734018903,3.46258091220507,2.55944299139707,1.49489094063819,1.10616634781129,1.45602761262242,0.347847770955394,1.72148886085151,3.17082361286839,4.09195380108063,1.2989029379423,15.1625908013766,1.84750406329213,2.73055147792499,2.11666118476739,2.72227296464165,1.83489291141524,1.50439878525337,6.23641093254866,1.13737737655554,3.61479809663296,3.19021279098056,1.51091316167298,6.76084556703651,3.99256595926981,1.65765333221473,1.26429301998964,5.7740629108841,3,10,3
"2322",2.45086864682512,2.64473665264924,5.6952999325864,1.06103642308425,1.48070887639735,2.98016824428828,3.64681285768838,2.82710264583024,0.818889691804142,1.73565790947065,2.45377363822052,9.23170401322103,2.55134253133553,1.71264745164504,1.6170393079139,1.9536333918634,1.08157868832892,1.73036746754911,7.06347141025385,3.5948069247384,0.982110953313302,1.10213488384789,1.29382617371069,3.23256077197791,1.03743529336566,0.665395268371365,1.69358504397696,0.239362958387681,2.57040038576661,1.78193254140349,0.328321108136061,3.41378032980384,2.14933833524567,4.38070794949939,2.61015517163569,2.22385895000971,5.31798079171707,1.92265617590384,5.09870190295318,8.71398932387236,13.1182162199807,4.06192276556851,7.02102972049672,2.49394096000914,2.38943491233239,2.45021610756921,3.08971498200842,1.06259506630743,4.19604426616096,5.31439637836556,3,10,3
"2323",1.0734987174839,2.38163215273653,4.13591518567013,1.94314315387428,5.54718157522781,3.57564932551024,2.83257002780588,1.12633924737248,2.04249960628981,6.50989371501472,6.6692276963858,8.9273619283642,4.02908417788444,1.5169959930186,1.73279049481172,4.22985090616151,2.82813649402883,3.65564546690545,2.4529726844649,6.80303710346168,1.65619115315705,1.69847059687455,1.0108903757097,4.26009971260359,3.68800486141931,2.09120693183716,1.06588558916159,0.651378760258849,1.66544711574398,4.5225589873013,0.349995784679687,5.88991450101345,2.91348749848451,3.24195550749687,0.81614336853604,0.415887807150825,1.50445234699382,3.61074129667221,2.13056618288783,1.09221234276739,1.15369535974061,2.50870775801221,1.92888523117115,5.52442183599406,4.08027002081814,0.889176317862296,3.16769622814591,0.476266869481029,2.5316502396648,3.40024342266211,3,10,3
"2324",1.99244805227775,2.02313000132062,2.61144214777862,2.44694319112719,1.36502522158073,5.51438657827141,3.06586436241657,1.57120945493206,0.839849932710591,6.00215805777563,1.40905613003961,5.67133445621226,2.42827310827207,1.1501553901061,4.47160809095571,3.79091543364523,2.07527847430339,0.928619339462214,6.3263586050336,8.26901265259982,2.23925461638822,1.20537264261362,1.583940889251,4.66219674953312,1.92874007777535,4.6242724678202,0.894809019074243,1.24102504854297,2.18128891927552,6.11419021521447,1.59195042425863,2.61849185763944,5.20029854018784,12.6091436757391,1.08391484780818,1.1959101699304,3.12175371350781,2.08925135473841,0.566902686057536,0.720339445765052,7.87396677837021,3.23806238230322,3.27972992377023,2.18048781394487,3.55269188160079,4.88091920378923,4.27373159510586,0.804047523255486,1.50104933304816,4.20200796101327,3,10,3
"2325",0.605307172137548,1.29006466685085,2.50378130613492,1.87365645880361,1.36768393365945,1.43128958236247,8.66924612876856,1.56989990843505,0.831075313579652,27.7266936849635,4.57107345054308,2.850349709293,1.20909725637675,2.71594905117859,5.26162266664189,2.81698157305994,2.77991532542573,0.198769176683851,2.74311074706507,1.69451458200651,1.36150679805771,3.7918867162504,1.59663972824761,1.31640795768419,6.01129385221549,1.65830510607141,0.786731748904827,2.36262130307304,1.3382477946759,1.34719805053292,1.21089846602111,2.81735141010261,4.73744922804265,4.79887626133167,1.18503452314958,2.06069613648876,3.43922201570446,0.915045684327324,1.56096306834168,2.44716540253183,1.65440970316281,4.25910029676698,4.85220756054515,6.85371329165499,6.35884345378359,3.41325849884833,3.59222376502683,2.47463538242819,2.35626127072458,2.22841649327092,3,10,3
"2326",0.314563988361876,2.38986767947263,2.25044748340903,0.784817494122044,32.8625615745441,2.14657370579389,1.39757120622192,3.25486776550989,1.01937780744118,4.34440498149625,9.49489719551999,6.93927447959142,1.41500608464386,2.14427517925838,2.37869447724229,3.02414863367711,0.494994706774326,0.979438720601264,2.97223415302763,4.43881824327638,2.35582469740581,3.26407486607891,0.158454267230651,1.42452071696543,2.76069838312292,3.53320362866028,2.41089912116754,1.58879605482489,1.14767267949601,3.01584593270989,0.309034012880686,6.27791634197191,4.15504226339697,3.78967924267826,1.95689417686372,2.0108568537006,3.97195472481001,1.79921694719843,1.70338940137813,2.22468588806549,2.50567968871137,2.1575965278955,5.32297008375181,21.9028869274959,4.13386436139073,3.2320047112734,2.66887345171237,0.61847440907672,1.51566555589015,4.55001331213601,3,10,3
"2327",5.56600109652424,1.80717542293553,4.32346377057153,2.39234055614791,2.52394884101767,3.5692767887089,2.57257708876539,5.99007127600202,1.0550346893979,2.26534572464583,2.67656451056747,2.99804218471122,2.48162877901856,2.34227898716093,8.69266095147411,8.07584311152065,1.71670373777394,1.37127984569706,7.49635462272861,4.26105039864947,0.929494130645714,2.86488580397312,1.7944010302335,4.75093592667077,1.82389874032304,4.29595308541708,1.55569440597762,2.62855558979108,0.576912134525575,3.37408404996622,3.15139742848069,2.76719674972708,1.84096923612373,19.1947751565359,2.53215447666915,2.49548743600878,1.34418965620341,1.87134118636963,1.32360669920376,1.21998816685091,2.72913275388025,1.90867803071437,3.78197266909627,1.66055980426161,1.33635103939319,1.81001745233776,1.99796997990452,2.09068997421518,1.37557622996803,3.56694085393239,3,10,3
"2328",1.07830925560782,1.03210619738099,3.08439718219706,1.3655721368864,1.98160331155349,1.75162483919928,2.68713350324082,1.12178147754318,2.18268917674819,8.83063413789994,2.82506570555984,2.95337047149043,3.04965914703867,1.6551679149897,1.25958058827412,13.0674385941311,0.863638513936766,0.939473716293017,3.79501641292846,4.41192168569725,2.98102729718562,3.24471634042171,0.83316768139901,1.99670703518212,3.34691833101063,2.4172334056899,0.889508704646229,1.22114553700815,1.09570126913278,2.0188896884026,3.22843485910648,7.03671947720226,7.45310292589605,2.96934850107811,2.12262015524911,0.292470216047162,2.43750774923622,2.60666503015489,3.42701849482743,1.08270243387885,1.83572283775992,13.0587636567534,2.63107698136647,3.15869688980039,6.52696402989995,2.96806986403422,4.36903234467782,0.604377153392404,2.61774416549473,3.96272252511226,3,10,3
"2329",2.55150783499654,2.97470104559909,3.01309581670179,2.64861449240981,3.60133051000855,1.17018423013971,4.429314043694,1.94258174560306,2.61360301214855,25.6307692683208,2.07743774449413,4.57753681936597,3.95418479890052,0.438010711516229,1.97013872094594,3.98886633991987,1.4915700560066,1.17849925543888,4.5767655822945,3.68036463382232,1.43830039191798,4.4736433407573,0.423235941555611,4.03415237934895,2.35899167120437,2.81132375119479,4.15319999445527,2.50512051978104,4.94826647742281,2.25116722667584,3.49245935306018,4.07398828112121,1.68066057332532,2.81630239847,2.44179301608156,1.07579646606159,4.51689458141444,1.62776827947486,0.786297897543934,5.48638691804903,6.70478724353957,3.89470504398926,3.32016864416096,3.60943352407652,4.26250840523624,1.88332510674514,2.40384747336997,1.15738174557572,1.8131332471666,2.03249422636295,3,10,3
"2330",2.92419711582702,2.27685139778424,2.13450919475256,1.15887259328294,2.17758152280923,1.65526649196198,4.5881990835587,3.23451782397344,1.41077818241844,13.8499140040998,7.12339681339574,2.58168963252951,1.16179799180963,3.79824042737323,2.58123047058034,4.90491605107936,1.8284114361904,1.37327927559389,2.26304291332075,5.50577009395645,2.72738210873725,1.62505685653272,1.22870822659239,3.06734966344258,3.44601524647293,4.20661649789791,0.904006079101785,1.60568851388538,5.44332665737601,2.03475798631775,1.4859297196463,5.45490839982538,3.99918336881866,3.91208227963612,2.44579431242682,0.471628991391059,1.70363919322686,1.39843194883237,0.304466858532169,1.42959589574519,4.24895012573701,2.88675399476898,4.63171358437955,4.16781378111102,2.71152061090989,1.23910323604368,5.32393410866916,0.776721035846359,1.73718175363086,4.4877406970112,3,10,3
"2331",2.01462490371545,1.42292153899416,3.04947918316459,0.752676994162485,2.34907974938182,16.9878007637106,4.78867326812449,2.10715520508207,1.25551917730479,22.5491442876517,1.64390894338108,4.88048010024805,1.23134843338996,2.50695202619695,3.98063661602312,4.67386810148485,1.14269729594208,1.77579035659793,2.88312120856356,1.87368075298028,2.1558003805269,2.00573898631821,2.34062972836685,2.88883257182185,4.01086903935071,1.52300541594674,0.971495768438667,3.47355739403887,0.728586328935458,5.13028685466655,3.20988004440103,3.54004902639714,5.97766140057001,3.07847684253968,1.58121227001562,0.847049332004023,1.47747443427314,4.3884651910845,2.99313151215212,14.4869285597013,2.16308604851828,4.15376371368328,6.09285129423486,3.52226914034534,2.67041188159139,2.26557528077131,5.83187244596785,1.13703472299377,0.950258171061078,7.57671388458044,3,10,3
"2332",2.95183433549113,1.51288501212701,1.85450392402169,3.01872519322856,3.94054809602382,9.20594087926119,1.20267301239646,3.92824039861176,1.80781777761768,0.646817242085496,3.06557159499403,2.08657067573851,3.11431334122958,2.78186271985783,2.38719856913479,12.4890241684082,2.11480246071966,0.775497574397606,0.909116298695962,5.78033721183073,1.13353538736582,2.25821269259508,0.404389664022251,2.6969497011453,1.15909593587906,3.02605225800843,1.09749850070755,3.76706058911885,1.61010018494333,7.07137906001314,1.15407867507101,2.14220858484052,5.08957285608775,5.43024149102741,1.94490667195701,2.82105728898119,6.56464529031929,1.12798341066485,1.1458455864356,5.01063880484042,1.21539719904213,6.96258479103199,6.09840032829934,5.19351015794409,2.26673124829827,1.79587568791042,2.72426081783317,1.67951622609677,0.830366058108302,5.91790237433201,3,10,3
"2333",1.07787896906567,1.15175860955257,1.0072863532418,3.74875960965683,9.78254822756285,4.74921686871608,7.17790199117721,2.67625164171161,1.72580743496874,8.36924354048439,6.56283005641591,11.6939630759843,1.64257233363901,5.24150799582973,1.95769327816321,7.03997874102498,1.3725418342217,2.48242604033521,9.07402698805127,3.1778064965449,2.6820296221428,1.81710301896714,1.7904749116689,1.91891439582656,0.933218306728384,2.41352627814142,0.76530258263471,3.30728617904316,2.01854417790686,1.14064014069,1.83206607418685,4.08676063743393,1.60957300693414,3.11033589205629,1.63041813677077,1.42182194319394,3.86309069145954,4.18001691036027,1.89189053761312,2.23798766465433,0.736379019999659,2.96058992403559,4.72070371095698,8.95434193767749,1.78926123067823,1.20273018572468,2.3193707591339,0.733410091620859,1.15717223855428,6.6331322925167,3,10,3
"2334",6.42401394311084,2.0531507649285,1.66694327733917,2.03396173566697,1.71237582983706,1.8092441433162,1.74736866841508,0.984631297622301,0.509736554899516,36.8702483405979,1.56269223605527,2.81009244457313,6.54022278543325,0.494720297801467,2.68959208161346,3.52543125570717,2.10268892271213,1.93922982687643,6.21034133387137,8.47090519404369,1.90211189033375,1.41278156400242,0.315784882482742,27.2354538214958,3.02184977732079,1.88746937027909,2.22085699130077,3.54926578426863,1.70119191876405,2.40663280635748,0.385019692199442,3.12531814885502,1.95784465241757,3.34160798959049,1.78924099342495,2.1913561993108,1.42491508193709,3.60179624559611,1.23556661864942,2.06904092961824,2.49903016294204,2.7190136302725,1.91798172778044,3.64475933348963,7.77771277174229,1.39671715458322,4.52821391204654,0.336127724569973,1.42509226563248,9.96332918321535,3,10,3
"2335",0.930295358919299,2.20526721889389,4.55271738073222,0.86320558092363,2.18642554247081,2.79573324173302,7.45842775860258,8.15448448055901,0.94676350838329,13.1772792745762,0.457322910614005,7.8626940464321,1.94535838375824,1.37032251202905,0.987863038204064,4.45025792088042,3.25640260213834,2.38608337219919,3.68675376717997,12.3332245138237,1.04671370585747,2.32963009284425,1.31285129182042,4.06974781906522,2.5688077716789,1.13703657392121,1.08541608634854,1.56640626738785,3.14332444146954,4.54203782482855,1.969033233663,3.85865872724416,6.16180174882198,5.46918024617038,1.03578348300654,0.440760535905067,0.391302145995383,4.14685489204231,1.73316746875262,3.28774759674469,3.28671672342812,1.70442518549515,3.54240228790784,4.02258304042623,4.73655378142492,6.32026163139471,2.99646453902887,0.935421467242857,1.50150107837723,3.90998935986864,3,10,3
"2336",1.06832811421121,4.81483485950158,3.93026140956023,2.48448121493036,2.78600725907929,5.57758513681046,3.66887224198655,2.7999438312849,1.91222760649529,3.59168401687167,3.53519375546061,5.12144624127654,2.29191835131189,3.17259656393902,9.35734712978751,6.42350098604888,4.28128085235405,3.83372407679331,11.4971823265373,4.97338306841001,3.26415967525463,6.41507028546303,2.15463743087463,4.93480239516009,2.56885924358068,0.706899157696516,1.20364382226208,3.82209587552594,1.03355200235188,1.36102949260729,0.295804044105368,2.54844824650738,8.53970560941593,11.4020218829913,0.716815598994539,7.50688005130723,0.135745158560765,1.5093747475955,2.79206723687123,4.0857751609779,1.37319747056515,1.64061079294088,4.32793282135116,6.06980606975949,4.61572950014801,2.53327331342589,1.92966968025251,1.81191515008103,1.47667188641031,3.77564997469647,3,10,3
"2337",5.76386582528586,5.01547323806626,2.62847896474321,2.09176171492104,4.96628633777294,3.16898869336157,3.80604721271491,1.99325968989098,3.11952237371846,13.0096491642796,0.730579091573689,10.2485055423001,1.32300123563542,3.40006509095532,6.57494181415917,1.88947771528746,1.48431979491583,5.12019750496932,0.645600158959396,7.08430879562786,2.20302921793715,1.1506485382758,0.395732114679416,2.78023142466461,2.47909084364247,3.13211953291577,0.22330072565167,1.54036215812612,0.403550226594559,2.08427852202436,1.09905273128056,1.27355365569352,2.12025638337161,3.68322588745546,2.29413786333328,0.77055548205136,4.79028707688764,2.75614514792272,0.806698953671595,0.490057691899022,1.01489603662982,2.12898200821908,3.57966574763753,2.70012048561752,7.13862070795374,1.81759355929108,5.60370631673213,1.2459043527298,2.74374833527572,12.3616561941506,3,10,3
"2338",1.28578133480567,2.2902834958942,2.39227672975187,1.95937970614725,3.11305026054893,3.92874704310582,4.17380842103575,4.03214667574103,2.23128409823412,15.3609189284479,3.50967082053144,5.02268622945846,2.72734821987383,1.3946620983332,2.31038951401251,3.98877588287777,1.01991873049304,3.26379371690268,1.11605546479224,28.7265794744169,1.63610650586515,4.04651127038378,2.83713183803167,2.26394603032894,1.01235707233398,2.12851603316573,0.986604530710416,2.1198025440093,2.73559658407975,2.26419215049246,2.71125804573948,1.9066033054747,1.52394365886299,8.85171743716056,2.55760453751713,7.9463134419115,3.44396672859953,3.48352508444676,1.58453074566729,0.585596578753794,1.2328202659502,3.53036674385516,4.48117334689692,2.70047459673002,1.84391405204443,1.47749774815888,4.00508663503935,1.0578411255119,2.50735305959608,13.0469556285527,3,10,3
"2339",4.97527552551867,1.44328356451465,1.67707075582418,1.9367827667755,12.4006390085242,1.18370205457096,0.244366577718206,3.73696476825161,2.83471502778015,2.35668984870018,1.6542710470581,4.81015705240056,3.18726673476239,3.19460373291466,1.78215397938324,3.9205843896384,2.26413728356523,1.22153481299291,11.8670876863806,1.6116195723589,2.54625080641598,4.28824603213125,1.97713472840763,3.84479824758669,3.47078454933651,3.3111356401997,0.673914737108636,1.80056465511179,0.755051138707489,6.83299873595563,0.271446921473574,5.5713717058699,4.8906331908457,12.869260829236,0.538588931234371,2.41889768857106,2.5147932568785,1.6665789207452,3.23269117694088,1.88280344633905,0.927056158966798,1.95481204467076,2.65204600917342,10.5577199370858,6.61358756505051,2.32078676372903,4.67812307544362,1.14383875329111,2.35867684731319,3.66873536998926,3,10,3
"2340",0.813302559297625,1.23667964663119,1.29255612422489,1.58249235661453,2.25220583639274,1.7708128427983,4.28741363906124,7.88319561698945,2.03439507457962,9.91988125986041,0.700988676299075,2.69926541729759,1.23308903932647,1.50690974483396,2.72630828134515,4.24185542614454,3.66294287318026,1.1834522527105,2.54033150811975,4.53591602270465,0.938244279405435,2.93797273295846,1.05347560422352,5.91051696650414,7.46074101993735,5.04968539814039,2.2959567962765,1.4037790409714,1.05968236494798,5.81990063280841,3.06728131251426,1.83999230882697,4.21626494058264,3.3017142794983,1.88131525091264,4.40026377840078,1.4826534130153,1.49021818561098,3.5119638765806,1.94331371880006,1.92329220977156,6.39143716903149,4.97142977618983,3.12145491514595,3.12201280626837,4.02771672685295,5.81533377220618,1.40729841854005,2.47644328292694,4.3985698551698,3,10,3
"2341",2.21835967139595,6.0254079753135,2.40621989954235,2.93012914668816,2.32668606389343,3.62365335149452,0.141594456597065,4.48872510524299,1.86315375274709,4.2070245544571,3.80962255502322,2.65240804863485,3.07761032773812,1.62375401530689,5.27261718428188,3.75958476987027,0.833236670248016,0.883969449244788,9.91657060264069,3.95099264209147,1.27461042706606,2.8400794821074,0.449983516582964,2.1003898413546,3.90256923676136,3.68036657675391,3.81615594742301,2.69273800678433,1.83521291520258,2.72841248853209,1.90239648434881,6.91971059242366,11.1163572080582,5.86110901451224,1.64124149221872,2.63087757394649,2.33396520847696,2.64836289508147,1.15031045925219,0.759064672063346,4.06124440761693,1.60412795077394,2.138800406104,4.45438996924057,5.05770677509157,1.12121095262596,2.78456227908822,0.919112574173457,2.72897494353437,8.90856765910803,3,10,3
"2342",2.38939041885471,2.16890437516749,4.25264787695023,2.4830747378835,1.53530351903988,2.06873063416169,2.70963153821721,1.10083595971106,1.5061237411693,3.94961385964096,6.38351321464079,3.96524098139947,4.5015279701565,1.21928314249491,1.66274998538205,6.61815620954488,1.75613757234135,0.276874829925239,1.86340654110196,6.88610136783969,1.83661709808384,5.6681331302848,1.83635819459591,8.89876724374487,2.36753989434289,2.28353020186602,2.70354134936629,0.823250916236025,1.30510606546522,3.64281815313658,3.34164062842717,2.2753603985727,10.2790787114498,4.03437148145567,1.13383669603593,1.5034582854032,3.0775167594393,4.31835478991002,1.3049859740256,2.76538558459317,1.96223885851764,1.671187754712,4.08014456634585,3.72235079695797,1.77176639078327,1.36922601660387,4.54650649170804,1.49888997165324,2.44446253959048,2.95376438863105,3,10,3
"2343",2.15921904682585,1.79435966704338,2.85720361577993,1.49836900291159,4.85135840648628,2.60385741002943,4.91034491409179,4.00673376760235,2.01278682062355,8.88189748686876,0.783268481801421,4.51145790589193,1.76589648916064,0.81325709345967,3.49245001286681,7.13693132779868,1.47900151821799,1.48457335816902,2.40930825411696,1.73835029704169,1.17989142306445,4.24730041633946,0.955899529182724,5.37417135725337,2.48664151017477,4.3454871612268,2.2170988624512,2.61320408390384,1.52623203504757,5.45672756726637,1.46034471427237,3.13851904476734,3.43137832801407,8.02121888033303,1.51456997246288,6.43446411921149,1.26026466796701,2.72807933431637,0.248680530628791,0.718640487025501,0.937442550362758,6.19883092343832,4.42238024074912,11.0333223636918,7.68095212244784,2.29396775785316,7.1080822353194,0.254105056571504,2.44517649016495,15.6093283947569,3,10,3
"2344",0.773911121083353,1.95234617663303,1.35019450784671,1.79349956319745,2.25408520775693,2.230870201373,3.4871101304205,2.51504122571206,1.85493572023806,3.78772974509477,3.86675116254771,8.60724560807718,2.69732946257163,3.37680668432946,12.439785013371,9.86283302518215,1.41231145155941,3.58047634389812,6.99887550744426,7.46582856278059,2.18174553185597,2.21624435486245,1.15718942576904,7.31364180270179,1.70250851978003,3.15987127951696,1.01780350410254,2.55644149465076,0.642133849432514,3.31829598613031,0.910366984166894,2.39528326549508,4.53735877979184,4.25335319587384,3.56412028085473,1.95411295562255,1.1355580824681,1.02660292334035,1.02954820484288,1.35806982203352,1.47646754408557,3.0917385081613,3.04681173078135,2.59296476994125,3.14327122245636,1.52918273329384,2.61976020825379,0.567674398287572,2.2902060624581,4.71010960333076,3,10,3
"2345",0.738974729505624,4.32552560809219,4.82985258426957,1.94725037560799,4.86763206023149,7.92544659123898,2.56970179521902,2.32560520024091,1.1432193256834,4.52364602470708,0.451484693911362,1.67746416910428,2.50151750615425,2.43697315834292,12.138206155128,6.80144003042301,1.12521009567917,0.28308140994614,1.80655521964008,4.82721434611891,1.49441321844369,2.32754192120448,1.6745085775505,2.937651303468,4.48193397728808,1.69871870627851,2.22786647047885,2.08601336098921,2.07337270035558,1.98939349124321,2.96920968198688,5.39173253441595,3.88422832729216,4.17646382905955,1.3574944150423,5.50960106166561,3.98222289477923,3.22734351183039,0.513208299193136,1.93281582649963,2.97224986941235,0.900982863514412,4.79568775435062,2.81958456635677,2.70474789793223,2.64341135697366,2.46968897175671,1.04238276620176,2.19189551296867,7.33929635620566,3,10,3
"2346",0.658335900870628,2.24969020623977,1.40469529848729,1.94916497331564,8.46441508555593,4.19283203725577,9.46365755156913,3.89384431345175,1.14281298131639,7.15113177031593,4.76912301364394,3.77266794697176,3.45863741198203,1.36415874411081,4.48406729335932,6.90526130967163,0.864633170330949,2.09388705286315,3.9883118591724,0.874537269681902,1.36396479323241,4.81568030851009,2.8050620667747,1.97871921116517,2.332238749053,2.58275321084554,0.648208480396159,4.4469736809357,0.37274478848591,3.40002384137766,0.85801074276234,1.32632749561587,2.58832621822494,6.01367361512652,1.8680136514235,1.85868711185363,0.480280257720923,1.17417670121152,2.9221323844619,2.44966436096683,1.11691439739556,1.77973313026722,3.57157320814201,5.16561581443715,11.4386950928709,1.57963730528052,5.35738767429056,2.55526290549232,2.20220837513748,6.30167669588274,3,10,3
"2347",1.49706475208831,3.05737240106921,2.15918247476144,3.87711229375787,4.88666995122493,4.5862353454349,7.33892011870989,2.70195897671285,1.93524768999407,1.58585276325928,0.819963257186783,10.3930219129776,2.06149729411769,10.3387554124959,3.65531636478883,3.14027292260511,0.309770506316215,1.76765039950575,3.05714910042868,5.52591534219581,2.4123858455182,1.24839427877843,1.16997677380748,3.30276325305902,2.01560919407721,3.32601365707118,2.53355672480996,2.78723257228961,0.558548032253991,3.01962362013624,0.600614339182064,5.46257578133165,4.10960868356664,4.07198838130069,0.983759053590396,1.50067166173276,5.70779627415207,8.29232928003242,0.846564652696808,1.77794841195796,7.27557320047912,2.35076029517071,2.27055109676675,2.48882281302717,8.03017609010196,2.08510696851674,2.13822866169653,0.476224424980463,2.93705075861743,1.49942759222356,3,10,3
"2348",1.35000283155212,1.49527127153594,1.31244604189039,2.29892820032051,3.46161133002696,1.66450241860686,0.659110678639847,6.1506929802272,0.802913492100298,3.38505538948782,0.842385851999285,5.94202119165318,3.98693701566369,3.77786105488912,3.25310640466573,5.71885903766871,1.2455943197381,1.17275196477684,8.52702091176843,1.82573946556172,3.11938316862542,0.917873302496506,1.48071846528682,4.20255945183638,1.75634687624392,3.55389181801147,1.75618593077564,3.30435348017,1.47329634996455,1.33664259070903,0.659769119668733,4.14412043421349,1.81499733949586,5.40201354357422,2.3096449807404,4.61344982435711,3.17623565850842,3.12310868420515,0.966187454174105,0.550582788431129,0.909584286707555,1.87775196068665,7.28914815303759,7.55400961747518,2.07010518930291,3.25353704673164,0.95597427485297,1.68355921461345,4.37454710285607,1.78683147917247,3,10,3
"2349",4.46350722152079,1.21972048321749,8.67677614516404,1.31733043471761,2.99243940832183,5.91927695611292,1.22691350351818,4.01691003218358,1.2545316511674,6.81247087094808,2.20720706831863,9.29133664782683,4.63279985170235,1.27431282611755,2.14019500583904,4.45453506478034,2.12205829602083,0.23074895368441,3.22929569151887,7.11377442549886,2.3224938066122,3.21990403241835,2.20951887169006,6.63500904223753,0.920985689679908,1.93792802376031,1.40019403316809,1.8099495523977,27.860497604681,4.11352881975647,3.13359286968358,5.51323121091222,0.655062611942612,9.50003680432784,1.58900942514615,1.92396671912148,3.15446154090331,1.19570809976402,0.577827089455248,0.793148270466916,4.13244034878487,2.39801733206542,2.14523866308135,0.976666196822264,2.72149296054257,4.9844738566388,2.0089521679631,1.65664646479787,3.42139289777871,3.45326330185309,3,10,3
"2350",0.568349205637692,2.56553974309322,2.90580444318856,2.00987372578477,5.1232019153959,1.33444296103741,2.40540371381097,0.287009398679668,2.21119564382857,16.3834077669896,3.77861599034332,4.68390967882733,1.11388963227054,2.07417929105622,1.98340146778851,8.34505729479329,2.25205754338666,2.95817549080871,0.969950604540919,12.1948056340204,0.529706260689591,4.24148080172936,0.327236008117575,5.00525133203214,6.72043682710261,0.607006888420234,1.3463969107222,1.52301335010375,1.98209543535524,2.78844449855015,0.262573498827929,4.6763770921314,5.64653755742516,3.2442430236002,2.32173949694497,3.61862656732578,1.33214422566281,2.40013843144701,0.638373613108677,2.88041123243258,1.15968444688923,8.53572266429972,4.24277939920236,7.25295923912129,16.1550890635315,1.06144437738532,7.22267492640871,1.21320082915107,3.79369834229787,2.28141042105722,3,10,3
"2351",0.922839101866344,2.88850478092354,2.54883845259213,3.61397559772059,6.06633861615935,3.77432919447411,6.00332812736748,5.17614542471303,1.55766418992223,35.668023662695,1.1968234769235,11.873542676468,3.02948591817106,4.47861367702303,4.99695605404219,3.0763580833909,1.85042083410806,1.79260565652613,5.01430207674707,11.264118110312,0.510108231154552,4.35632241288254,1.19478577224486,2.11420083507398,4.8829864879598,4.20358898166816,0.448898291027793,1.76724146556062,0.794305762513457,11.0546382208544,1.50741413181393,1.75579689466092,4.47436758138231,3.9955606910817,2.21822290109054,3.72550688617063,2.23782919939087,5.5465474230581,2.37345359540275,3.34751245525107,1.38377399183933,2.08542355676289,5.08223446722624,2.74426902614917,6.2484613632725,2.02567182142868,3.57721712755437,1.14013008078178,2.564531957404,2.09621111161986,3,10,3
"2352",9.26633896085903,2.06397791306186,2.90732432469467,2.03359139905274,3.62960239696465,1.69473709586465,5.00652371764072,1.08343857186151,1.20630541353345,14.7485564231872,8.21857238396825,7.2024180258456,3.52968662954321,1.64181278268529,1.24537958816414,1.72688468134116,3.20973567787933,1.01384297308188,2.45536092016515,8.51844508094367,2.78745462488901,5.77310100159712,1.39215371292222,5.82831091360619,2.24444353698306,2.31167119333988,4.0393817653037,2.16089035641385,0.841397520946242,1.95475979158449,1.37954336468027,2.35252213344808,7.88353886717104,3.21874939191511,3.39469592064391,0.286123449720948,5.33715765653794,2.80634020446078,1.5889578762751,1.37360727203236,1.83900990565615,2.87112028818258,4.32708735904369,7.61165928919584,4.89688370419824,1.07315665601189,5.51585885831797,0.469495772223191,2.23867749301038,1.81027289363145,3,10,3
"2353",0.693409898262152,2.49675599551301,4.74258799402909,2.67011468915608,4.7439220552496,1.42807279590137,11.1922569384199,2.1646086606463,0.578873327614987,7.15982084527185,2.81820839104944,3.37216424660114,4.35361479950791,2.17582801510145,6.55367580870853,7.35176078206282,2.20162772048955,2.08895289418152,4.08664449027169,1.33077236436627,2.09113533537305,5.72896956506661,2.19236696914578,1.87963242899989,2.1711817887057,1.39008591785436,0.478575909288501,2.33858898803346,4.05192754791335,10.9900694441813,0.46187282512543,5.74613519303311,4.76468418722602,5.26846101166193,2.2125067919556,3.04019607051343,2.89691263006621,2.45147318664749,0.22354403111185,4.70977185577845,1.61586096581129,5.99136612836776,3.62761158727441,3.95360583491623,1.81046581127553,1.33128389798989,2.67345919082161,1.71906319640495,2.93123904016462,11.6300057326591,3,10,3
"2354",0.497868014626492,2.44303979915076,1.17448864509381,0.850220989518655,5.64892142050023,8.28864006281602,2.18006413306194,1.5784952440916,1.35328959916636,3.69099526807557,1.99285239004375,10.5778762289724,1.11393138208326,2.97692854525376,2.3236274981804,3.29918480922996,2.30944731743033,1.14144320777041,3.33905850169877,4.81081264757437,0.999518805449975,2.70381398834623,1.62559685118317,1.99989070016645,3.21597909054575,2.41034109311855,1.68801241990339,3.00031040674816,2.84029672183039,2.27547790842033,1.27749893290818,2.52181115446802,3.4847811738333,2.52689037629668,0.443733645972533,6.05181612929195,2.53621610764405,1.58301019792133,1.7122731870344,0.7840703909772,1.09762434479949,5.01382851696551,1.79693102188916,7.13148187589206,1.41924775072905,2.0772382142648,2.22989710067032,3.63228842854963,1.55603349057024,0.932243805761785,3,10,3
"2355",1.60018323783183,5.22669499117371,4.92872617080236,3.04733692168355,12.0259193656682,2.35340191651467,4.7949830116605,3.61297810736489,0.568650481941914,10.1751848729897,2.76129804229298,3.94380124531135,7.8258066585768,1.06070122685048,6.23307883279942,8.32805193395381,1.38323473621326,0.349933941999043,4.55157951949272,20.2834386820801,1.68027422778931,3.67890776120231,0.650406996603419,3.21385800311647,1.94021055743995,2.80962576942207,2.24278297960483,3.15754109538655,9.8275050737303,4.32025799461302,1.20356943220194,3.62777083279544,5.30522965334175,8.89277474698441,2.84792776790826,1.04460741331306,1.14142421798709,3.86506857911806,1.74833218791567,8.77145876793245,4.01517264259229,3.31537362697896,4.1787156101565,4.25714331425193,4.33008472047974,1.68237182153472,5.74292149797207,1.2530515407393,2.69831699735049,3.41539310576182,3,10,3
"2356",1.71022532275015,0.593694375342554,3.20673522227702,1.92207353345891,2.16324933348892,3.91169313707612,1.61844197802971,1.84418467475081,1.56466555709331,6.9615835567205,3.86801615107295,4.09232207797296,1.7874614594576,2.65837108684234,4.76568226264146,3.00176643173443,1.3164584299241,0.777264233767225,3.0511651529215,6.37811291290729,1.63893019666988,2.68269460385491,2.847431790435,1.63358344212837,2.79659564346635,1.08757033041747,2.82226626646494,2.88695166415389,0.324509367517115,10.2778287938848,0.533652106890851,4.04046873896557,7.50130074803602,6.18142441559034,2.44734157179668,2.99339077903257,0.355067844414998,1.67712332410649,0.996868588533896,0.990427740874846,2.22605609232849,6.25027613047874,4.20183661038502,3.86803322643598,6.10110181455697,1.09956749395442,4.53676246055541,1.04494608975338,2.55208247443361,2.03931410146485,3,10,3
"2357",1.7122728709611,0.809570682585217,1.22330776130414,2.10397124403332,3.56475643571716,2.57180400967331,2.5913100004501,2.42031429922078,1.87969322214293,6.55276731580416,4.3950248614461,2.31111974834861,8.35959364135715,3.21316782474916,1.0063270295089,1.15179885774232,1.2060212483607,5.05263871910094,2.29095274793511,8.64730892384594,1.66392646586832,4.81230249019335,0.537968184172649,18.0940323942115,2.56579671926826,2.02124262201981,2.4196810561884,4.06928680129372,1.21953854283306,6.85006710892741,0.176891087679394,2.6065140976854,4.99377761342815,4.20499605916923,0.981692078888194,0.902663812706653,0.279798599465685,0.36517853228243,1.79604373837148,1.29506950525215,1.46458543225517,1.84480146094929,7.68057975055501,5.43607014125528,3.15021274272347,0.549640291886232,3.65097815528997,1.42632467776534,2.24734752392898,3.71401875516045,3,10,3
"2358",1.11506902894106,4.47894477464286,1.88891000911517,1.63186097328697,8.91118069154275,1.13251343232545,5.02957759484575,6.51563914081711,0.97471871426365,15.4889963151485,5.30501972958435,3.58524505977927,2.24413886971944,2.71979051066586,2.96825608186379,4.30322708638481,1.45364599470746,3.0497692542099,2.41926551676161,3.72081617526251,1.01767198244464,2.95335110837759,0.6092451780611,2.47632081215178,7.64133476325747,3.03407265494068,1.06378395972744,1.55091273192645,1.94259162385097,2.22280048858802,1.31514173292835,4.40086272465853,3.38985176097836,3.23145922985522,1.69697434750951,0.351943543348377,3.85839414815178,2.0285433646084,2.09350567126605,1.01877376434721,1.99594757432464,1.80724671524772,1.13333125632523,7.09748731845815,1.82531137742148,1.50163966839406,2.97940892458891,0.928533545350163,2.09866423830414,6.76656779247633,3,10,3
"2359",6.93483376513712,0.977165185422767,3.00911333048178,2.18258317749072,3.6657790134957,4.76859208118043,9.54513175657303,0.415383096102968,1.92358014758861,11.6232637312586,4.2030478039658,5.27645721186893,1.22683295573043,1.01155837187237,2.51363112699226,3.36872621439877,2.56688837967377,1.26840737628323,2.6054759531213,7.1803605906267,1.4445071464991,5.22489222866187,0.439395973818747,6.82447526239827,3.25038798377209,4.50725957179371,1.49100951541612,1.0098769691701,0.450113111881572,1.68529071503797,0.312525928878381,2.07290636157052,2.3065717185019,3.17861092317178,2.20428150879568,0.404301170943958,2.0926190410546,2.80095189795701,0.580196407509735,4.79139615917706,3.32069212064459,14.4094530132158,5.00495648254481,11.0589340590916,3.42475034170561,2.55614175601418,5.98331619039391,0.4239294464466,3.41337126393214,7.09609965455439,3,10,3
"2360",6.51812150123727,3.00779586841034,6.60680310889047,2.31606333635131,3.47681668478257,1.03127767502606,1.22060980738023,2.28870120025806,1.418003647576,10.746601069056,6.84458062461959,4.18782813574326,1.30199511563255,0.872868350678993,14.81205635861,5.98349716938137,4.09092245269354,1.18044787014264,1.56454306990954,4.06855802883156,2.0628586891601,3.19919668636916,1.48185818763743,2.28418480473892,2.011089057058,1.64594683613948,0.559473209172829,3.53683158024751,0.623025640967101,2.16277859806288,1.16795968667376,5.67445784390002,1.95703687669367,2.00811741202018,0.994065631993178,2.70404006779601,1.42387421390754,2.01927275018392,0.659551547908381,1.76909298243377,2.17897884986833,2.47636879911763,6.61631614174953,8.6897934823246,3.14529379252205,7.65274222999631,2.83603279756005,1.8265100338367,1.39406754467911,2.56516297812648,3,10,3
"2361",3.70390466726839,2.55459415249727,12.4289399600613,2.28540795097402,1.91753559182718,2.10328985205301,4.42810246197542,0.88927759495434,0.204036805628774,5.86529160786338,5.91957595375755,9.44556498199251,2.20132077578117,1.44421707221055,1.05724737459508,4.75705021349147,1.61831850585644,5.02465147645499,3.27214252684313,14.4221717219157,3.95062053582796,1.48123288216588,2.09512003101143,5.68901214934994,3.23587167501088,3.10055566260417,0.960091533243764,2.3477529006774,1.02387353832655,7.58506055923381,0.486685112267437,1.01154202154579,2.82514406259201,4.30555850590797,0.809320246040318,3.49559601288198,3.33400782494469,3.87465362743269,0.660737666900834,3.35691670665418,1.54181221610197,0.889084614486998,4.07336231919663,2.32414127533215,2.17036260380634,0.928837637711751,2.35200285154568,0.241547653278616,0.741743901172985,1.65040812737275,3,10,3
"2362",0.660538880447301,1.46935027418568,3.2977666683927,2.4449906444042,7.28958141326591,5.8960068692229,6.01367286131539,3.62461894413225,1.66941004828925,6.56146365443583,7.27926785973645,3.19653368967459,2.36945373260683,2.67472960391413,3.34263684593936,3.30601688352275,1.2756295130262,1.78893560182374,4.14941995578737,3.97423226453503,2.09821819913991,2.3155249227322,0.437156017938548,2.54961521320854,3.01121552768881,3.22282818096199,1.14926105158241,1.79591838354206,1.72678906401985,4.04776529341622,1.00233822827446,1.43309357960677,2.77605029741719,6.11051323263012,2.77135483500951,3.00518287712104,0.822266541818414,6.30983888796625,1.75141552168339,6.62702358712854,2.27863623473825,1.52147322738789,3.37737296986835,4.90184904568859,1.93692233145223,4.3842760478211,6.4265481851642,1.08587917038134,2.95130055292938,3.63981607785301,3,10,3
"2363",0.686704084961639,0.656172241347618,3.48503978215656,1.03179970229461,5.34675787132224,2.92304938199423,0.715678585501096,7.4441441831017,0.421866948642862,7.02161778504261,8.38465397255051,2.49530620259879,1.4631125847007,1.63575615453103,1.39813257108139,3.12379942214141,1.41584952263873,1.07657558618313,5.19294559150549,9.04830220555612,1.97339229528817,2.61916705435856,0.385024120808613,2.91637600756958,2.26760205599894,1.48963671302993,2.63675474248994,2.69573566118428,1.0542702157131,2.55002204290848,1.75240982733306,2.48637635514461,3.53658982103412,3.81979363111583,1.0512098053623,1.14989996373732,2.10475304998411,5.7727016472761,2.1226931296584,5.89984615565635,4.03554750491316,2.07967921502894,4.14182829933467,16.6989073262829,1.63721258039973,2.08192024497784,4.98364368751275,1.3320056424804,1.83534021678108,6.18021900486823,3,10,3
"2364",0.470298668659755,2.9415396861024,2.08304446799269,1.40088937629289,3.57540584869595,5.19529253796439,0.764657765634035,3.14201668736021,2.15313781815399,9.00045472167604,1.51820689138102,10.7217909232691,1.88626627330419,0.354084896758708,2.75873571835569,8.89334582799382,2.60818990854681,1.07080407154935,6.18469881838534,5.6106104560779,1.5960805453913,2.02790048260158,1.92832793946877,1.87655260932038,3.25788549007237,2.54438464341783,1.13687896464325,2.52208416886849,1.03683446398529,4.51288922270078,3.31228055867966,3.66934399364857,2.30424121199257,8.92602490660848,1.86326385353955,4.34899963915961,5.80533293287753,3.8442607077281,1.37652017597135,5.04612709171451,0.670296942902846,5.83044444183906,4.7838879625655,18.6773778781488,6.53725683575162,1.44063505455169,5.90323288407327,0.927318347893421,3.19362000969687,3.54729979038697,3,10,3
"2365",3.51344287492888,1.83799752065809,1.06601973014684,1.43438901755573,2.24693766875567,1.41647321148156,2.10992876931815,3.10532326250255,0.933953619584048,5.49194046540057,3.77911249878259,2.90330168355092,1.10184463024464,1.87538939001369,3.76099276551317,8.10312557074177,1.16186061688455,1.67793675978759,2.95910037861604,5.01726088094116,1.12127583750901,2.34878900738918,0.35206192029318,1.80860914173577,5.38839536491854,3.27121635675446,2.83078698115282,2.92112254042278,4.14600734192081,4.42217670102302,0.790911704322211,3.82395694308901,7.07750464713235,7.23953403655568,1.4597723130585,0.569256876299449,2.54463672880944,2.56199306109803,2.1193768444179,3.27039139361542,5.03952527026766,2.4900953900944,3.98082431233644,3.47067460230613,2.93634052319074,1.09425891564167,5.44296278805113,1.65001521735636,1.99955471865905,7.00234429865333,3,10,3
"2366",0.850020419865477,3.44382095456494,1.42553083116212,1.40600876482846,2.48939843358491,2.21091670029082,1.17453173106792,5.04043859484687,1.95575636109546,4.95826843861046,7.79483513896101,5.22686842082128,4.14660563877297,2.15450046335967,1.1688259791018,3.74216101496467,1.79471144416752,0.90275513346122,8.23842225293052,3.72993018153504,2.07956496233969,3.72633616294015,1.18728999718446,4.13644130987292,0.456955726826186,4.33291338756011,1.27388252034791,2.73383210788346,3.62895807621416,5.65260014356681,2.72852701847763,4.09621498922618,4.09097547789267,14.2064417512265,0.383999502286455,1.66973975078461,1.65442045653711,2.46365757652795,2.02520941727745,1.39587151383482,2.11680152465433,2.95033306042636,5.99880309689378,3.1179753195475,1.78567994910784,0.838340268024133,15.1571167895026,0.672833881400287,2.77654159996267,1.5406118607733,3,10,3
"2367",4.80347520084487,2.46901851984665,2.29067946917182,2.21922125784864,3.21051845302983,3.94056596627262,3.10529314817271,0.434415751848157,1.85006274696759,5.71222013825493,8.66216510933812,5.46657195190067,0.889716452613585,1.42530888363463,2.34259241094043,5.94871380526649,0.710288019621099,2.98874312146731,3.58580417376979,1.16062356117774,3.09715102585888,1.40634119010141,1.26188138806489,6.07218175585058,3.82090061377197,2.64747314358436,2.38439805043247,1.04134078452164,2.82325506734479,10.8785144560715,0.415845785878205,2.69140763168348,13.9026433590708,3.27444511853128,1.66694368601852,0.756460311252172,5.25463688002701,4.87028263005698,1.04584603559001,3.58994896652309,0.742966885026938,7.29011410903491,3.01810413026865,3.91859642096751,3.97483873941142,2.47401087553904,1.55130211194865,0.72751282920162,2.65567039290207,5.65373571835855,3,10,3
"2368",2.78015819911426,1.45349905297974,2.37696528419749,1.30324202050513,1.37249874895222,1.25819007483155,8.68400388393293,6.11136822758566,2.12775272696793,4.54856700810755,1.0730402035566,3.23080849398249,2.09075698443668,0.93982564557455,5.87232234217819,4.61982821175697,1.00452782530425,0.59648591738131,4.74026272244645,6.86184499567436,1.45215448968763,3.51449195741924,0.983623082646037,3.42599845582609,0.637050181557951,1.25704319914369,1.43715614236524,3.29732820707661,0.936827109548494,4.28068917143929,1.19367771796139,4.17982765699087,2.35695050008872,5.69815433899122,1.1908147152128,2.72732102193392,0.856799185450244,4.8500064870427,1.37788463019381,2.76818839468367,4.14891764413653,2.37112362592482,4.14073277187789,6.41710201237143,2.41355736506774,2.57856393249433,3.5519758179847,1.33280796097407,1.73938846802092,7.3665920029798,3,10,3
"2369",1.67068376419274,0.909729867472581,6.80256129401726,1.28800461665446,4.51671874729521,2.06638266169637,2.31718193622838,1.17650854597714,2.16244569668358,5.10521673888634,2.58481421806358,3.17185619662414,2.81726959712325,1.52500809994716,3.26677003766854,2.62994767539965,1.31806758029217,0.425405377417474,2.0329687023056,7.67540755051692,1.53277135426832,3.4221494050218,2.13478005959731,6.5928003071363,3.30138742804468,2.05198720056445,3.39307587194861,3.21318185141016,1.52857296302955,1.55245960787785,1.29006022840495,3.52201102668765,4.84412117978903,1.78546872199052,1.08464057013714,2.35892355757313,1.33818909627077,2.73471570711598,3.42357332749923,5.94351122954615,3.42875799373404,7.7953026828664,3.08754787244284,3.17580240639302,2.83155108925773,1.69078862500208,6.16823340939312,1.51659493918632,1.38868427414198,3.49803677409757,3,10,3
"2370",0.837921118772748,2.70676933117697,1.11274002618637,1.48494851041241,2.31092872107321,1.15308808065624,2.23466367240841,2.18397986141546,2.28919729935827,10.518604375938,0.721134250012919,5.24737490263739,2.53376922031299,3.69626576745038,2.33272346308958,3.89627031558168,0.652315880908279,1.79091808491512,3.26509703868912,2.25173033146722,3.35829980594746,1.84143920843795,0.563682594896475,4.57533937566712,2.46301306115309,1.26190177907872,2.89117428552494,1.22721596489994,3.26460728985239,2.94891707829837,4.11859492808757,9.61382423514259,3.36044743168025,1.65947593934926,1.17698086735762,4.35838092759412,0.191323607475755,3.58022556018396,1.86051789013038,2.84930958558365,1.01620659573205,4.55419244601079,3.09991368026424,7.26870023768234,1.70350525754529,1.48134209410794,1.73438341110405,0.815826553905509,0.874280426825087,0.893297314913765,3,10,3
"2371",13.1222748647452,4.16332496049286,1.11436823832864,2.03416441393534,1.96782567082412,4.90533669840195,7.347689826406,0.429238793154727,1.02251719688929,13.9206509531289,5.04735008286682,3.68053510107982,2.40624361429258,1.47764849113821,6.3167536242651,3.07780973344828,1.04890976623673,1.44503274067507,4.46790019565503,5.89989167623353,1.18985971978662,5.14512543555545,1.21310291946294,6.33327184710108,1.49440958395745,3.8273340524713,2.35523556560262,1.55248917693906,0.679480354525938,2.15047705137701,1.2665450038339,4.24517667864706,4.22768986293468,3.41235047238942,0.898554155670113,2.1147769677764,0.764422203602136,3.0699823467093,3.10945885180409,4.40489996913167,7.82106246252072,3.74951042993949,3.38705088539469,3.21844734919544,1.52157000001507,2.22702344247066,2.2763116244773,1.44798395849849,2.39321306398473,14.7690959828008,3,10,3
"2372",4.10093926208742,7.28433928782388,3.16775928441769,1.64602562834881,1.94514093495977,1.86107625144928,3.26319609183487,2.68498881753513,2.11011977516977,43.5162698004334,4.08245679193207,5.04765443018264,2.14644968380765,3.91705724710973,2.3389198562071,10.7180325672014,1.78619431566511,2.70075959153716,5.83595119457541,1.64598562321695,2.61837117243729,2.83884957552495,0.70351162641175,8.02602193245574,2.63672985861945,3.05623609455677,1.53076326932273,4.39533791875484,0.628955256687194,2.46924386174652,2.14206953037022,13.925039951224,3.88512273933036,1.7014447731692,0.835657208802321,5.64650851419638,3.79189510785925,1.4875348147563,3.70275951193471,3.18161308998003,4.12405431183509,1.92086690437945,2.15838013093129,3.14924120679497,6.49806609084644,1.27619382322773,8.06690383942644,1.65917492972257,1.54699432438905,5.91960671816445,3,10,3
"2373",3.34422597565064,2.73115929160317,2.59967852139664,2.42298695611146,8.21326833313961,1.77056981186087,5.63082920581598,0.455732448506417,2.61057070507275,15.0273639288344,2.19818478286534,5.19269986122398,10.0054543192829,2.36457020218277,4.03532220240937,9.60843159995926,0.915250605481791,1.61205651183113,3.07754817363755,3.20903387796373,1.24974323624939,2.54382174760379,0.452939076943088,4.26132219111471,3.46637824308483,2.1260483722355,1.76363850688563,0.743797589739826,3.1394294041816,8.5186372921162,2.51827525107218,6.23088572466544,3.46853702244323,12.624874604832,1.13641556854159,0.648134966335363,0.518616658520031,3.01028834891595,1.49548278050192,2.2225467329646,7.68218993289897,2.4469784197928,6.60296813921969,1.55334085397389,5.74104687067903,1.13286794953613,14.3656519288339,0.692579453308095,4.10927517752659,1.4779019294293,3,10,3
"2374",2.73791139464568,6.61768979275074,1.91508316722605,3.08691650465569,2.85117619013016,2.07448670557895,1.44860061517083,0.176745912656978,1.94870574898163,8.92390614931266,5.56438371231797,4.98354613350868,2.91487645452879,0.830587315565638,2.52028413981247,2.90622086236215,0.858575550803323,2.33441352227665,2.16570623159822,7.46245794319754,1.89844953557442,2.79434320019374,0.624252110063853,1.14332029003204,1.20638133381226,1.6103739461746,2.36950647272833,2.26362037101042,2.97364738350723,3.89068420788026,1.63574094112706,1.14130196622736,5.22291642997032,5.42191781490667,1.85676164627765,1.88707061813919,3.7832005012029,2.53601566828981,2.41523307814943,3.31462060136256,2.09099598237714,1.40230127776822,2.86440347454092,3.48092978126686,4.01175135459019,2.54834440613923,4.89941943916245,1.87364375431581,2.67662622516395,2.07349883332829,3,10,3
"2375",2.83029674607967,1.76532969306042,2.57840744099021,2.68246830732322,3.26167942522876,3.4438271151645,7.00328485012225,8.78142025197958,2.50232071025447,4.96162252373671,1.29118506270672,3.49899568761939,2.15723565315858,5.04184981915362,3.62674256078165,4.18712041094484,1.73888944418939,0.62455000813765,11.0590666828634,4.32161950184264,1.90345535542744,5.30663631967855,1.32743519779152,2.27778671548306,2.48714483196838,1.98029844684576,1.41135522462881,0.645802532048313,5.14527342189781,3.70794188065677,2.76601512316176,2.33679987661634,1.3162066873002,6.27338108496735,2.11550319351985,3.22479216043867,2.06446846292161,4.51538109449995,2.14778173308398,1.63333045443388,0.870721170308104,1.42256061931482,1.97437882989146,2.70039793300478,2.92048041566389,1.98481828378608,3.56736922219858,1.00775880546784,1.97813159427726,4.96010108601934,3,10,3
"2376",4.68789290996387,2.58153648428132,1.47530156638801,0.929572856916382,8.41496558362342,0.986869437506566,2.07168089091089,0.346491908555813,1.35284490989759,6.21893049354196,11.5698684619633,5.90728403540532,0.995506549160022,1.23652590153755,3.87315380025462,5.95153116778596,1.52679092926191,0.770331362205664,3.74200650238514,4.08127120020273,1.99739516131175,0.981647268806529,0.919078835257534,1.65588353950411,3.02467577085212,1.64864256208498,1.94227372039114,2.31288240728678,1.01160166827044,2.16666218343469,0.737762492902672,3.10074591326808,5.37250971702632,6.06095676116278,1.11698991610947,1.83681303308051,6.16888378580249,3.61454461485252,1.5623757467826,0.970109075212024,3.50768503971412,9.46543480890318,2.73597053198871,2.97140300899716,2.36452940331783,2.11961188108655,11.1878807898811,0.957712055569084,2.37681601900262,2.2245846778295,3,10,3
"2377",0.885296791918665,2.39545106566545,1.89148694597749,2.02263792286186,9.18793572143139,5.2021732056209,0.908157073403835,4.28761299427695,2.27009153888225,3.79992590104674,1.49766578824358,6.1205552440436,0.882300218003326,2.58294451691098,5.00495445651654,3.14551500097171,1.74283707652168,1.63170569537541,1.84717277698135,2.13906110239858,1.85461783559541,2.08824052117858,0.283603135566123,1.26686841487336,1.43848855217205,1.90468009541874,1.24353595719899,1.7491860932553,0.594793931963977,5.71792220868698,0.631511943448133,8.96458314880513,3.9922900001967,3.23709112865862,1.93270490122579,1.21204979931918,3.15447598550752,4.00379779933875,1.15585754952597,0.934992120340652,2.36366785768637,2.15008572083758,4.17829027237745,6.36789344084487,2.75030462573116,3.29165828751256,10.1530258842153,0.609355940340401,4.00041826836368,4.51389887350922,3,10,3
"2378",1.47699499536421,1.81510641558679,7.02629920483676,0.741139532652301,1.553489938232,3.82040468848151,2.28649859787997,3.24339687930571,1.14866163809964,12.4793626385256,3.67082503285248,5.12358442140776,2.77023600001445,1.2905840963628,5.90116720473802,9.36084398611265,2.79310496252114,2.00885555025394,4.10926245720967,5.38284179766882,3.32218931106736,4.81404243184089,0.115470403716154,4.1456501237445,2.43449583960037,3.94134501123953,2.17343732909863,1.56087336731651,4.01329797584804,3.24152638777903,1.44925728033824,0.631968408072362,5.47960513216612,2.74881684834949,1.66175371008587,2.47175231009308,2.58742597041434,2.89038039667356,2.62146955763188,0.400203686044847,0.828097055564575,1.82604521726146,8.54587820966043,1.82809742469784,4.38936750815089,1.68181623474806,2.23923989987982,1.59437235274679,1.19714987408058,0.833363551100886,3,10,3
"2379",3.12858573085356,4.29739418532155,1.88612138500872,2.15163968593981,2.37252213866038,1.95637731009995,8.01174610672596,2.56225230209505,0.866122301612024,10.7276258069872,2.0433649778849,4.34818021429263,2.09756879832389,2.61132761190929,4.88293767159031,3.20973377359396,0.970104695431032,2.2597340515549,6.90990676521876,19.6183094087009,0.824852369586308,3.69117193020219,0.118490264515944,3.81561343918928,3.66727781570478,2.57314890506732,1.44026940645794,1.57172403266619,0.728461424475622,5.41944509491289,2.93335738640051,1.87284362079262,3.32269498121435,3.45192459504145,1.08259596384937,6.3216050117013,2.30746636475713,1.18210693187218,0.461603779016042,1.48839099815637,9.95048739247965,8.15580337334395,3.48282657410474,17.1424577412797,1.39293452357423,1.60737458938115,2.58958142009957,1.79578656459889,2.32688564269344,3.02395127277957,3,10,3
"2380",3.15208848229792,2.68142276709519,10.0645930161645,3.02210294695056,1.44484677394364,4.21756319152561,0.723706704352414,2.79640541610018,1.93925217221201,4.86132127750278,0.681729876926978,4.24006622250833,4.22609517615398,2.96106891100107,0.884814499174556,9.75673822599298,3.37146671917417,1.32933648019207,2.08738984084744,4.35926123168162,0.377994320286076,2.76515625704367,1.48356744512361,2.51769038022002,2.06626224818867,2.22420713446652,1.29680426553576,2.68213826547339,0.7275174149257,3.85942201997327,2.32586499490119,1.24185944818656,4.817371591638,5.03509222185741,0.418349747600025,1.28177953350598,1.83090691495762,1.34816904617973,3.5305925706762,4.47704754063523,1.74388593057908,3.14903648401685,0.958074539823902,12.927281249163,2.80117542002513,1.40579577125952,1.82761296640552,0.704793488531134,1.91281213059865,6.36024327722867,3,10,3
"2381",0.646357303586999,1.81890513245574,4.16085972729566,2.1339967407949,3.17666023661643,2.99076933870689,2.50422264848559,1.44161017003299,2.40125920193613,20.5064449834473,0.902149010510237,10.2475175956245,0.808624353551119,1.52636594081797,5.77264707506402,3.42919698060544,1.58221214898471,3.48428464962872,6.37136262630398,3.04362506829019,1.78845898199539,1.94437734622091,0.930512780644794,2.35490670035343,5.85817319290987,0.423202962113649,1.07079314261476,1.72401667606009,0.813602826853662,2.22005964938799,1.47102677768339,3.78117593796125,3.17072492483176,5.17958128427548,0.768784782763862,2.74442035765373,3.21327030859104,2.78080818899714,0.395813454244845,6.28850546795493,2.37627098763256,2.6596148494956,3.2403588895751,4.45089117187951,11.3579676390446,0.931238342763593,3.19792747653293,0.173042512425627,1.58920546738555,2.07303001127681,3,10,3
"2382",3.16675693708852,1.66203844450558,1.9745088922966,2.06160132829819,6.32924608977522,6.23195658071911,7.36990359439827,1.76944653577433,1.47835518877037,2.11604715404758,0.877322411905672,3.56290166235512,2.07536110800932,3.19233325693298,1.73135060368358,3.20596822223912,1.0298828674623,0.410487753055001,4.21074603038055,7.35574243979293,2.08441355603245,1.37753634934427,2.18996695993271,2.03131461524458,3.64236956359518,2.85950746144197,0.793842246823651,3.13158964041325,2.79584338385756,1.09556861868593,2.20483084854842,5.18456831155272,2.03052054030167,4.43874760321685,2.26913489109851,0.80564459633932,0.603789626284865,2.06565250032109,1.10951052791054,0.391520393110253,1.24312760640854,2.44206582239105,2.26446227372534,1.93841918477001,2.49904406044765,2.70937361664988,2.18200950156645,1.0674214270359,2.64789272787994,5.04501776275818,3,10,3
"2383",1.15426013160064,6.13805133212943,1.90236134134565,0.897977634672184,3.13502954070587,6.35515354474097,3.17153315572115,0.732493118258222,2.30713854724685,16.7560260145575,0.487494221088385,4.336016095612,1.01913519814659,5.69775289287592,4.14915252407036,5.52995490021925,2.01357908248708,0.738961056135378,3.42142875151127,5.84090495002356,1.52040123449904,1.74227453989852,1.3671572168535,2.84921327124978,3.48987841206475,0.623492141885627,0.582417654882373,3.48926482771816,0.771430025838127,4.69314534092057,1.19972684687686,1.92437648360642,5.73931268042328,3.39473330606746,2.06744125104435,1.3744413509364,2.0038849811713,5.97600299315642,0.386818340485663,0.550370339292379,1.7697920903703,10.7857632267174,6.08700295740043,4.9084398845187,3.03647895409738,4.71862976661779,5.9132814271164,1.18604626515271,2.03927535713644,1.81273384474307,3,10,3
"2384",0.544098520988491,1.66332457509976,3.14520412564933,1.55811563000004,1.51652972355239,6.21623226024771,3.57008409783033,2.94075995411623,2.31144749436918,6.92673132402899,6.55807155439942,3.28895204383821,3.69564298820761,2.06703832196965,3.77985458057933,4.65463194526982,0.403406604491843,3.83082840744076,2.55025203463639,3.61172941769264,2.05042911526524,2.25960237050017,2.38556434714636,2.13879063930539,3.8325966170257,1.80422584263422,0.720204197926686,1.66504171659545,0.968395494812031,4.3404702580858,2.27946651092307,3.48156355369608,8.92981177091508,8.54219020258019,3.02744134299049,1.87944541033819,1.29733880516287,4.0487272797737,1.52677423519903,0.824421789653988,0.656254300725909,3.67511679409305,2.41894110959642,6.9241375336471,4.47163677378035,2.29851019039592,3.61506926130612,2.79809569802596,2.27659911198896,4.83953576922473,3,10,3
"2385",1.13231160733503,2.93415855952002,1.35783016426026,1.3826306609131,2.23217989220438,2.29466245831533,3.43912770011492,2.26861541936565,0.723364673579202,7.07891680911067,0.854389804790433,3.24945522853724,3.19966479128256,0.481087991749057,4.6096871530251,4.85582210513374,2.75110375418116,0.684113711091599,1.20428342322272,7.31104390984049,0.742899442701036,3.93806442877411,2.42072662655763,2.35632548225494,4.52230730441303,3.89959301293718,1.38948437445555,2.59693605906069,3.87359950072209,3.33731969431209,1.21850558618611,6.40468266961536,1.8250701053091,1.98757708070203,1.77334162437964,1.5358013467074,1.63751928072925,3.93016996913581,1.00565407879673,2.30400626040642,5.51644785538831,2.83150460107685,6.89428074492691,6.00520893198087,1.69971659448303,1.23533776526,3.90509439766562,3.01311587710884,1.09288645288035,4.47656169999376,3,10,3
"2386",1.22964051441547,3.48955214648573,1.73830638647262,1.3468719141881,4.98252999339631,4.60938172276776,3.28139482369736,1.94594291211723,1.69034564609839,3.49966711715122,5.59828889138425,7.89005982706776,4.0209794753593,1.52285914538691,9.12654520784423,2.92401957924851,1.30073771918647,2.03695965599525,3.77266521012521,3.96246313646359,0.948321075227245,1.64732450038653,1.92917644603311,1.16466340256171,2.52365323431552,3.64641089432239,1.21596918342288,2.14635945432894,3.22391829395573,16.8164847997384,0.355389133064224,2.96379950453756,1.17840459846735,4.43562981897308,3.38617281230455,0.705302580441491,3.38027745927158,1.94004486124561,1.3357217788003,2.33004244129163,1.39261685578087,6.54266580634374,4.35996583224397,11.9650692967729,3.71476126169616,4.45280429185542,5.27157757568423,0.660646762220515,1.36264109565927,2.41263100138023,3,10,3
"2387",0.685137227760083,5.39434622366931,2.36658321613513,3.94214766516043,2.7585443389856,1.35364250720954,5.43207376710914,1.38382022965039,2.61813721979728,4.29579488925615,4.51938829042607,9.59846310485708,1.52925460568776,1.26717428131728,4.10131853360662,5.15746430818053,1.88808834558243,1.13986340189979,1.487920030314,3.76512251619089,1.58711254592816,3.89724195868308,0.462009332996611,3.84721135204353,1.79841653521918,4.19460937773212,1.04936963258358,0.691004877679006,1.10032028300361,1.7292304608867,0.895383758998235,2.08870727793052,1.78634031223101,6.20732514774466,1.71204435835188,6.58929680554604,0.601793642085222,5.67497487445668,3.21718708709782,1.97826401524803,0.823778410828417,1.82523021362924,2.69218907359327,1.96025184997104,3.68524781318712,3.00950901860726,4.15281267430312,1.17905833711187,1.7406249191228,2.00729301915904,3,10,3
"2388",1.94315860281503,2.05676914765492,0.826257343237537,1.53641932833897,4.83385651046185,1.24210408513691,0.178509709085724,2.74673335446846,2.35978697779497,1.76945545427442,0.920642835788099,5.84727518735979,6.48088642698509,3.5753240233063,1.2021202511502,2.34204408687633,1.83318928270829,0.554666140496299,5.42211391419956,6.04757113519531,1.45038945435759,1.36065321321047,1.10156384222419,3.67116081958559,2.74388759086251,2.58037281682834,1.01175859790525,2.2322620454623,2.66221068843149,15.0758322337835,1.76383774629128,0.801059103368856,5.94120514507883,7.48322127235426,0.615798580293408,5.19216287129495,0.743787354473592,5.28571181240403,0.910737287008891,3.69229569696875,1.65717419124448,2.44000430568191,2.46385709616954,4.19452954501444,3.39981856510804,3.01526954826014,4.30220798232258,1.00951162682752,1.84941029444634,4.30787828197687,3,10,3
"2389",1.11696220191359,2.78189695474405,6.59260180692478,1.64161085931949,24.8802955144289,1.7066853597869,3.12540292230848,5.74984849138432,1.17634912065828,3.38713852922847,9.66339644685643,6.7896428554123,0.570829031940473,1.54380856852,1.69357944312406,6.16189818595678,2.90949268633971,0.27283698666557,2.64663391315633,2.63962933128132,0.556479882575929,6.74353464247038,0.161344178610047,11.6664650794221,1.61360372027045,2.1453832434223,2.42468487661857,1.58984962324453,1.62122439454966,7.61877909878319,1.20871319886865,4.76180977163772,3.50276130671779,6.76476175084778,2.94025147064055,1.38610447845704,2.15659542123992,3.03009420832854,0.608602550376279,1.97987558509709,4.24661076450915,10.9481817760037,9.0251216009695,3.14459966838052,2.09013905027258,7.19709364244233,20.2530510718378,0.406016234662142,2.77935354311625,3.40065469254206,3,10,3
"2390",1.96907367464194,0.95036721455036,2.31374416328772,0.911963367769766,4.91364072656678,2.99190832824782,3.19720021788279,4.04859249131949,2.12936563412344,16.4977178718742,2.57365006031496,9.36954224840583,2.60595943511647,1.63253331935006,2.27227935812836,10.7838089910753,1.73185412352008,1.52458787066914,3.74365813622324,4.28161132706445,2.33497047993768,2.54798403126663,1.37937184663524,1.31206416861875,1.90891328557063,2.05028052544563,3.76355041895136,1.52247311359149,0.637404272027664,19.5816025458732,0.803947590277859,3.7823180334041,2.91580398722211,6.37881151168797,3.53002613686275,1.72081699201602,1.85372287604497,3.68145337482156,2.15297175398298,1.74610682069786,0.753557397323005,5.11212614659972,5.834850978266,3.19647274447581,8.70691857033262,2.86251348997026,3.62789386575196,1.98417112596275,2.35788512061788,2.9511281798524,3,10,3
"2391",3.74107090007269,6.69570679118002,2.19217715351776,1.30572190341977,7.88220708826093,1.87669620551124,6.07649552214444,3.62388407266048,0.965178562118304,1.94645011806987,1.77881336523473,7.19319756701869,2.82778433422531,2.01113493225753,7.19090897904114,5.2216987869616,2.42565290959049,0.649432330886451,3.04473751242008,8.50994706077589,2.53360183141444,1.26100019054249,1.10423263773107,1.20695642087159,2.49263328977864,1.222412620803,2.23131011517211,2.03495943967504,1.26372135522499,2.42211311068423,5.2098587071386,5.9285154190372,2.01356715913359,4.07680100892396,1.74884355507958,2.40210342832715,2.56452121720675,1.05301427259853,0.579467198826348,0.564293281638545,7.04583662710593,1.73517507237151,2.6004846119673,7.39470110769322,1.47040503007526,4.18229643890965,3.38809894206278,4.034066515663,1.65264218343283,4.47759454590489,3,10,3
"2392",4.00502367476405,2.31181048703777,1.24930389007715,0.949510432518806,2.47318962556565,2.11229424419187,4.38606449391097,1.07614439186448,0.907539906135321,12.961614896294,1.84962683900029,5.97748347834,2.58102082996816,1.04352369674925,3.85711362405112,7.49893654385182,2.10584397480087,0.752726787899097,2.59539538472009,8.13689081012691,2.3808849894538,2.95250635290992,0.729678344836494,1.25999040691524,2.89446552089274,2.2639626908522,0.602262958783893,2.81252991064267,2.02845121041759,1.83316682280339,0.304316414646058,1.3603704378555,3.11047116826916,7.39986623980994,1.14904046784829,1.65655320233821,4.06569898236487,3.63974061905142,2.54558329510266,4.14660843649535,1.45598353275507,5.8779940241173,4.34276938110064,4.07135446084662,1.98613498172526,7.88444251127837,5.717711456577,0.071211177121111,2.14210975795482,7.77419946670837,3,10,3
"2393",5.01980508844015,3.04424137263944,4.14822654119888,2.9992657538643,1.56306705234506,2.52874027972428,6.39383298312179,3.20477325956019,1.4087661632082,4.06678873846742,2.07764055184098,5.34625641736149,3.05875519991626,0.2985107512733,2.04724506932984,1.14422462451369,1.06868708500718,2.30741323013751,6.68823901865776,2.92953556176101,3.4049072819263,1.83326621416624,0.523392134115863,1.2040024263204,0.566200542613184,3.02956135173728,0.756213329056093,1.83977789002913,6.08154264435908,3.66920249202528,1.2767094584406,2.88149639766371,4.61390695781629,4.45885385160821,0.684528182668734,1.55058840014231,2.14801294804588,1.70807335681484,1.86992149345117,0.513291147951034,0.972356185484693,3.72054978245172,2.1744760551475,3.15356790030026,13.9613930910465,1.72952031492678,10.9859666580494,0.903813880508526,2.42921405306594,4.21021185156291,3,10,3
"2394",0.626904951451929,6.25655637936398,4.12642055337237,1.69926522328892,1.65684040886084,2.22895233317877,0.895615651068685,4.42426919621641,1.85623932398421,3.75523961606673,1.21081617082142,6.08441927202579,1.78838375109899,1.43718050973502,2.29561122529036,3.77908801395462,2.28352720879638,2.25974723589101,4.0798730397245,3.44972230697828,2.56718431563364,2.97815581838844,2.20151568614142,3.27098897074649,4.16823325430401,3.47264406143562,3.24871208304263,2.04811972022999,1.49292339595954,9.90756942003637,1.7397060716544,1.31484074117866,1.94972037871167,18.7311109969903,2.52238267721873,3.93072540609664,0.227985743841889,2.99006066089637,0.468667825150165,3.56752583878816,3.64080276447156,1.75017917501935,5.11785156571425,3.11786954772679,7.18855032261442,1.88614340555306,1.67885249448422,0.397459118332041,2.4453476433719,7.81803675814575,3,10,3
"2395",1.16196106510747,1.97388255656021,1.2581040673168,2.1596185140336,4.36927694282568,5.2702155036502,2.8946466758672,2.01711290422891,1.6594501433752,15.4423549134142,1.32700331002976,3.41488232882298,3.099915895074,1.75340098043913,0.78578743456484,9.86524120440415,3.76187700880825,1.05290720156,1.55763383780848,6.46685707223866,0.809173449369927,2.81575924112246,1.45567094234458,4.68809189883843,8.1587785423471,2.2996443478858,1.43699103020149,2.56624853602352,1.48188061612771,5.55474878474761,0.215563147328576,3.66941885942316,4.12873601717161,19.3352469204559,0.810115461109385,1.65915185885938,2.37607902886116,3.98729912053356,1.30248919176244,1.10664179445006,1.52117212145351,10.9008698740279,2.27301607839766,7.53772766882435,3.43212643196503,2.07800814931903,21.3653716440427,0.682219533629441,2.63681866671572,6.63839318550054,3,10,3
"2396",1.70777892984311,1.3186439721442,6.12288038548737,0.707198382835398,2.86617991387658,2.54711845459263,4.42997832974381,7.52860141292168,0.688774839731883,10.903716316549,4.01364087811383,11.9185028841154,1.99763677018154,4.40368438328699,2.18993607319178,2.16602038577193,2.55351757060146,2.20724813757793,1.5081551084882,4.87594753905268,0.358081251969765,3.21269613910458,1.66853152476383,5.90901280487533,1.11375055108079,2.02993995289504,2.52809898652634,3.15067670074949,4.24602203187799,0.915438409850136,0.124195389939526,5.88334829141288,4.4303652944511,4.50594928583069,1.30750128258855,1.29127858949339,2.12104810935049,0.718873468551009,1.90611951656422,0.373142711685613,4.16548005479292,1.5979733302746,1.71628514315798,8.63817942081774,3.37139388942446,3.68649445980357,5.16844607716554,1.98795523919644,1.80658166449764,4.77213664975936,3,10,3
"2397",2.30846527919445,1.53799557440775,4.66659014801837,1.27831184717831,1.41104330094077,3.22947631290421,9.56315000518364,1.67792409825563,1.42620137931595,25.363106407499,1.09505369032553,7.56414470798673,1.82897896899544,4.32080259525281,1.34089702936615,3.73373419934335,0.878875885904352,2.62775233794921,2.77382251620303,4.30291855791183,0.967285759164137,2.7867579618339,3.26811994757011,4.34661753835713,3.93757943143864,4.8662900468124,2.2161541573584,2.91521240727714,1.15655905804385,1.59573821168222,1.31910426137543,2.66317525823118,2.13556816721857,2.69251380108858,2.11049377186022,3.46466576671684,0.710779470333162,4.17032023511578,1.40700635014411,19.1824642311716,5.16651236455667,2.07142848637052,3.1619102196332,9.23538521616742,2.6095813642086,1.16093976578141,5.44425569553372,0.656237964671336,1.96254162571854,3.06079539794618,3,10,3
"2398",1.15306846288591,2.91242393238723,1.36089473162081,1.54456510747293,2.67397564085313,2.62278533347439,1.6171574086995,3.28089569451445,1.10987701630128,5.28032502408132,3.66501139287935,2.20689113520828,3.16966503981515,0.317736228930715,8.57451409606805,4.71340343707374,1.98580344865383,2.21926533825403,4.20349539413359,10.3349083596748,0.881106083068434,4.83464759371776,1.94159880812815,10.7906186385108,1.63631293196159,1.65156082476303,1.26450533352783,1.33261061117346,0.726402775568331,2.21253391083875,1.84241401002017,6.51665652680151,1.88993118802659,13.3853224763749,2.00263381380535,0.360352228476033,4.38516230975461,2.35909222980384,0.907550240213421,1.1786661440104,1.512169720492,2.08819625206158,3.91954873231728,12.9229810984663,2.03523150010938,1.30963859939313,2.68904818775646,0.328385103367798,2.28679783315892,2.36438282227992,3,10,3
"2399",1.6385130498172,4.71454296291007,2.83193451046544,4.26319012979993,1.92231172214967,1.34211912389804,1.8704726968741,1.88075341414476,0.203410626030659,2.4033517265557,0.764217826653989,3.6356244418292,0.270185517414551,0.652194749474806,4.11574627920527,11.1863365589885,0.628437541572637,1.39040248977737,2.70383690270051,8.2483614708981,2.03347528986034,2.08666667238706,0.637062667574589,4.05768663874537,4.57689731617844,2.40981095097284,0.42754904316468,3.7157704465459,0.513188413190204,3.22879676376126,0.72739934950914,2.66513940234029,2.81846589594776,7.14189333752906,2.74888015744472,6.38477413018975,4.78850314684661,2.737381933878,2.96965866223566,2.93081984368353,4.27798298210281,5.82051425883703,2.8624341914561,7.49767909660405,4.06714305977116,2.18764342892839,5.62802799706458,0.688929298676089,2.94591097029953,5.61555934816878,3,10,3
"2400",2.10638727528685,1.99674380337602,2.65148712037901,0.908705889152221,2.91873211405615,3.83359411750275,5.47462376069359,2.2653296204555,0.825631483108057,3.40222221645813,2.61377768713526,5.05324189997742,2.14580225372393,1.24357522868801,6.15874804568983,2.0633970207003,1.67452695637777,3.11021430591739,4.52496487522678,5.50401749653638,1.32145104163701,3.9163123420181,0.951309895531039,4.13160378022823,1.51403783900896,2.93109146445022,1.30820119083424,3.33351714378334,2.60955228845867,2.26512227062685,0.797748240296497,4.88071046438932,4.49379991015426,19.8787375576912,3.30122877363253,1.22004822119567,5.34001959063329,4.11510363758794,2.57398421527198,3.36264268967278,1.98913112923974,1.29286615696758,5.58632571427815,33.4488028071695,3.19900345841566,1.73904265308133,1.51045781674549,2.03560693306045,1.977322275176,3.10397174910117,3,10,3
"2401",0.823192771153428,5.02808993546207,2.37994987015738,0.80708279531871,2.42529957693985,1.87966170628905,6.14298634196032,2.37116192545163,2.65847132266588,3.12711122068917,2.96114718946842,7.84478166841778,6.21346645687875,1.42642009464306,2.40082244752591,9.04084259261166,1.33580363172128,0.431871817626796,2.66867331091926,14.1643237928065,1.85585629903544,2.90474631898606,2.26242446374971,2.12090386768837,8.13112237225562,2.62060256852617,1.25898590811472,5.09236687389713,3.92730001963346,4.43191265115326,3.75409122632562,7.78502169285676,2.1235376223763,11.1296313401935,0.803067346898237,4.7867146863115,4.24902444283613,2.71931259745507,1.11986389318261,2.08493194861203,1.28112178616562,2.76505037800569,4.81288197996423,5.75328602725913,3.3089495777801,3.67755582272874,17.4894613127867,0.611822598608289,1.41744858018005,2.70479482367263,3,10,3
"2402",1.41191992988058,2.5403125296262,3.12615903233815,2.03306857714844,3.2609792363827,3.76522956617135,1.88832308581337,0.941286222294032,1.29750275949513,7.8007027997231,0.670961729099246,7.84995132102268,4.867165973952,0.879449520866054,4.08878235169003,6.60654595531907,1.67309601216429,0.527781002229275,7.26525032522485,4.80967186219609,1.31010730839624,1.91080073744067,1.73473319982822,2.95018980288305,5.42602032084902,1.41895127666004,1.66264830667803,1.34168103529731,0.523013603091392,1.54442856808313,0.455947719041504,4.8970721143937,2.65685389843964,3.21935880246426,2.756611587299,4.3295620006087,3.68059441596005,4.61691442069167,1.91350371434633,1.00215675126356,3.43296394124524,3.38812664985158,2.99703121518783,3.58349736567213,1.29540681155205,1.92131045510022,7.45065056323197,2.4104424138366,0.961633865982537,2.60265479237081,3,10,3
"2403",5.48626154683841,3.02521762110805,4.02160937864404,1.42036453424763,12.2248424004128,3.37870099368823,3.06694715960794,3.6182462049451,1.79794742166759,3.96207288376926,1.59086499869085,3.52567053705785,8.28905134859248,5.9318209699854,3.02451758554756,4.24412534224379,1.01291307408628,3.0306121749539,4.01422047844586,9.28152858362964,3.13624595826587,1.32578842460566,0.0618962999400159,1.82210536418281,1.99232088180348,4.22718756542565,1.2740505073047,1.59460586547455,1.07083940739031,3.6988389894048,1.02698354478359,7.20641856752156,2.9230556420939,5.87562859924588,1.25958284529274,3.16577035510228,5.48422335315708,0.927698027564215,1.13021490250466,5.37459917907723,5.27772476861967,4.29379929100364,6.41577486883176,9.84884501489477,6.49375166791094,2.68906002789709,1.12523588538606,0.883130223886319,1.75553971331023,2.79765428638226,3,10,3
"2404",0.421447409572366,1.78864240920201,1.30574193161234,1.88556579754605,1.69541306334684,2.27828046307548,3.16843927344731,1.10950438034973,1.08053239815059,2.4364668548584,1.10361173362381,7.06943893565212,2.99763341534221,0.686164151788873,2.20136676780795,2.77502984178877,0.708589504800753,2.43277739597267,3.8381905663767,2.45417586842557,2.13638704052663,2.64958542653467,0.576051471119712,5.24574797488532,0.766837496800081,1.45479569928565,1.8060776506493,0.696592704152631,0.587275724780692,4.4559408815524,0.807429352488182,2.18859876400215,3.8188612257152,4.99164047362959,1.83965265079982,3.04306551436525,4.24228372802587,1.26200133746917,1.15341221581152,1.06232202990398,1.79721496413731,4.44649369636371,4.55128602078066,4.78471611133565,8.41887159739021,1.35491152224188,3.1004705622997,0.809821554101465,1.60037781196433,13.8589833009128,3,10,3
"2405",1.82771537120809,1.90591887201654,2.67350301921199,2.56894076455414,4.08562882519661,3.63905497504636,11.0970541022441,0.534581073278846,2.92581426955644,2.23361104792155,1.37171773822462,3.85597801017814,2.62620639421655,2.8534198602711,3.37033675339711,4.79899804899242,2.19221097320628,0.300997354790743,10.8189310458847,4.93394712335708,1.97329226389351,2.72873833950684,1.02409145393026,5.61933109771789,2.54433165145638,3.14391956986033,2.48328520841882,2.57127031162688,8.29416271298473,2.01708583603834,0.377998941423138,0.566533718361442,7.30692868616671,9.42091395960035,1.47938771312341,1.4064896044898,1.30831161231473,2.92466640811513,2.19574682513045,0.909390896696369,2.53975663971693,3.29528920395697,2.06756406691855,1.59539709440845,3.00940631706457,1.26708588359823,11.6895139759432,0.327312318872487,3.41325219128174,4.02378494075833,3,10,3
"2406",1.4738455913073,1.82056770058384,1.79276623223817,1.53710391044443,4.62056925557316,1.44302440601665,6.25891252415059,2.01651276419619,1.88816921808406,2.79567950642198,1.67228369719697,4.51984406231038,2.81187254897159,1.75169132313875,1.56934412799384,4.4162400959354,1.10723006841714,1.1365143592952,7.29112724824282,3.74553979541076,2.26833891576822,3.97454557175564,1.12547771878425,111.191919517311,1.26954415785012,2.25417579027779,1.5150021079299,1.02973014064348,0.831817189378407,3.79909560990237,0.337581899020627,3.54297376307006,3.1163711266341,4.13609858089657,2.26687209055087,1.71233861706796,2.11269471462604,4.52377249856703,1.55081951143963,0.908532825272762,1.2163815224537,2.60211878842268,2.19703157009483,3.63241605270874,6.07237515450461,1.33505184899499,11.6575103141247,0.535098921212804,1.47402436623998,3.78757738077511,3,10,3
"2407",0.685614164156701,3.24567921004322,1.38453345429097,2.20625181562122,4.94583433791961,5.98216377958025,2.73057913182433,3.64763278393765,3.36464271959377,7.73923158192682,6.00385955020314,3.18376899130554,5.19042237335302,1.73497587609713,7.50670659358155,4.64939781467563,2.29452740779063,0.411713639905679,1.69901326745951,5.87191113293326,1.97507293026176,2.87296560736188,2.59944214942608,3.21570696402874,1.25812891052246,2.6111854116703,2.04595186632461,2.03640514927638,1.03444896774507,8.08571963079997,5.06120590509538,6.45125656273647,2.60526062639368,6.73544147828087,0.958239981846057,6.93081290953502,0.768049415243964,2.22243963773713,0.726953878874698,0.627515237457237,0.573997951872446,3.09651447508741,5.22702515360112,3.86054995129802,2.52732614485284,1.37187406175572,10.6491732174287,1.61326100360296,1.38418183401964,3.57678700742437,3,10,3
"2408",2.81838586812831,1.47581465559704,1.69845347457046,2.21205695487624,7.98173145497649,4.28911114589303,4.38890783359661,2.23752630068353,2.91005243904247,5.6974288335924,2.60430963889874,2.08034521928079,2.78500765036453,2.53574976738682,2.51337048890764,2.42849078255963,2.26798535604041,0.824278540807954,3.90575635602851,9.81889518383573,2.51837879664351,2.65131347948793,0.479107981072629,2.7399151342833,4.37534764065868,1.94502753924833,1.29129759254217,0.735603118682952,0.320592106735554,2.85032505870388,1.15733380470389,1.88710428796647,2.40588640107714,4.04998819555183,1.46464010968178,3.02470724736402,0.874571076687669,2.54840092819182,3.00177222134819,1.29159571107327,2.40268014045574,1.977477041175,3.05196682444602,4.59580883175379,7.07998797044573,1.68629157211423,6.58344708612943,0.660233240005284,2.359172539336,3.2472041816359,3,10,3
"2409",1.95005172290579,1.69010395122959,1.79690385658559,2.39019424449558,5.34509339993389,4.60929039423288,2.69137336302456,2.27817771615453,1.53141095832292,17.5584061936893,2.49527063915118,2.21496884168615,2.56425066425307,0.368392104094321,3.03588019160674,2.01773280221528,1.38565154361685,4.52949837955482,3.66637974442723,4.14838685423691,2.15422900338621,4.5931540585758,1.5952177502134,6.56836478844222,1.87586874804986,3.74617447308121,1.5866738608047,3.1826078982421,2.62918412475927,33.227965541517,1.74691923171719,5.53536887231181,1.27619193519409,3.03982036035459,2.43756891182375,3.52013161144803,0.844387048928585,2.81033431000557,0.787702033577857,15.9745582438637,2.44046372152051,1.61896855416751,2.01526316243972,13.6840390233494,2.72950383323296,3.22265095903844,2.12015588112968,0.774651125880358,1.73869826620016,2.11865627883615,3,10,3
"2410",2.36163836075224,4.14216852328311,3.62198783224168,1.25689799694835,4.31917028160562,1.60486092521462,2.36206482382578,2.88912057735366,1.6034260513296,11.8950117673193,2.11867864111562,2.65289160485013,4.75995517275792,0.813422642115286,4.52615933121812,6.48573392139172,1.28982663862751,3.22000833637367,5.82825664034228,4.24499558388802,3.22918717625906,2.22228119945615,0.618629103111459,6.64066266028821,2.84442271268835,2.1817708308428,1.16988592172055,3.39222867006079,2.45348672136195,3.94808026308963,2.39203391419908,6.48891575403151,3.82405239329021,9.10751059749391,1.56991246331891,2.81039278561668,4.42380851881988,1.33047115998268,2.06794113537124,0.487238879260638,0.6774850970676,9.89136282709278,2.43575335048203,4.95444177433299,3.68919607815758,2.19889180531117,5.13809290308263,0.935347336538597,2.16112951460374,2.63750811646111,3,10,3
"2411",0.588213025972135,2.43206776412815,1.76102501231036,2.91836958655933,3.4106902601947,8.54937612555515,4.03562586548721,1.47844011889518,2.58169054932697,8.24517751263515,7.01231491233557,2.29968078770336,3.98184643752359,2.44738764218994,3.41552346100625,3.38544972403143,0.382023962887422,3.40931408180396,18.6422905790052,3.04068120879063,2.96707936591231,1.0743300960874,0.193106736062477,4.08539789264762,4.85399957408749,2.09602144300143,0.961930285820215,4.92072744497293,5.05716070648698,4.05410788460354,1.11509673989405,2.54657781824007,3.27422857701361,11.2352143803192,1.13645496981739,0.932218049494158,2.44513483347721,2.89763874722152,0.862338703668328,0.638771961870444,1.04644774508694,3.54952143560987,3.45614853838555,3.67665195109628,1.67447523255969,6.290176354411,9.65406276145276,2.37305844606987,0.650958631114485,2.44588181136904,3,10,3
"2412",2.57699500676798,4.98898374044946,1.62293999245688,1.58141181194388,1.67729250581751,7.68892317065482,3.70325914594106,3.94632690436177,1.79564897427096,6.00965182398146,0.853076616017513,10.9300734495901,3.85466489710355,0.869001657753079,8.23065593255756,3.3748432857414,1.08120089622133,1.1007501039979,5.35716513282408,7.4155932990418,1.77340403985041,2.09783036474555,2.66929712569462,22.6329511401278,1.15953729898789,1.3787744044309,0.61306364448822,1.71795132435847,1.1912710429715,9.44408956566441,0.804320339387236,3.08234512917287,3.88134348095184,3.58610883889793,0.856649293270157,0.855659563586374,3.55443471346476,1.35474119632617,1.38859229759149,1.58220312994273,5.43546032882542,2.35294792225239,4.68468462063151,5.09511792486266,2.710727024011,3.78408398639657,5.5574098954141,0.443532059927802,1.95719490347553,7.60421721071645,3,10,3
"2413",1.64725317455534,1.8875715463221,1.66196805882803,1.85321612782348,6.50326322107469,1.25407221878273,3.08065978422634,2.02148836437781,1.39503278538913,7.1599454951759,6.34886052172214,3.02769834638066,3.94734548519747,1.21432963212828,5.99554861435591,4.13735492240639,1.30277255010529,0.762089692622349,6.96878191100835,12.7544907381929,2.14351380083779,4.08317264237151,0.607884909344114,2.55079997771278,4.30585648822381,4.21198185281784,2.87052579611158,2.41134795078353,4.22655065110316,3.26322560613333,1.44562607756199,3.79741955273084,2.90738701147281,3.25464157330249,0.888807039879123,1.96822869187737,2.2406669855584,3.58655107611662,0.900253980796628,2.12836012272316,17.1477343419056,3.36099832843733,5.7202333177684,6.08373053703728,2.6774599647988,2.85905129804317,10.9526470639089,1.14739617142708,2.06506240919927,3.6076852295177,3,10,3
"2414",1.96067195866533,3.29518952786131,2.4017250594848,1.24248222750234,4.82081611314103,8.87085129997956,8.10671530196484,2.03337090440439,1.94212931553683,10.6009420558682,6.254020529872,15.7611701870886,4.92680701470912,4.37711995780735,6.35454468226987,15.9896770020643,2.41391966117923,0.807298011258197,5.84587619028644,0.87359841345387,1.60338692213672,2.99242904127697,1.47565587991665,7.35679991140102,0.627501019452456,2.96302341949702,1.06318448074789,2.71218978593405,3.57732356623236,5.01502753400937,1.50642634755008,10.0531741004315,1.61342178495933,2.49721369430349,1.75653512383371,4.10633831993869,1.67494659259934,4.96749819963034,1.43151329790552,7.71269652672894,2.23236135203674,5.89530718326729,6.05138377675713,4.29226795952403,7.9423981376112,3.34227983068746,2.01242140983508,1.15376788491354,1.54637353231365,3.85540355112601,3,10,3
"2415",0.705917585079026,2.56290543553701,2.76751944701165,3.70883438435251,3.0033471261212,7.26073240025093,1.34877515057682,1.02096193823304,2.1462134686667,8.12634770381498,13.8716921057027,3.01924800475958,1.08611713917184,5.05016083612263,1.64400222893962,2.86187311529984,1.37984951977297,3.28478437392585,2.52091142106237,6.65465971143844,1.48624574028811,4.48219284263026,2.66206858936071,2.3376138301736,1.54150933970506,3.56966228345054,3.12188147905348,2.55580862542374,0.746606087545093,2.3772369372827,0.896494070699403,0.880669277459737,4.48498790756244,4.01619403929184,2.14827293593351,3.75629011498219,2.9978836024273,0.315142537856881,0.938337335047655,1.09162169807557,1.19658540047946,4.75426628160697,3.4412380079957,3.31623016784809,8.37877517332732,2.47816779699127,2.21007477455711,1.88878652506929,1.97736771408949,1.29555708893225,3,10,3
"2416",2.58269094727973,1.07426996718562,7.85217262265837,1.82912158401943,5.22141403753795,2.09117921838194,5.22973306632591,3.45783237996331,1.57323229551739,7.99772656132771,1.06225579720021,6.5709647215424,4.80155384839306,3.76883627679002,1.73398447778919,4.65871127360206,1.93044606226417,2.84727483788287,3.66100120439037,3.91220649693408,2.09537547859998,3.2949010629897,2.30720374122556,3.97378063087984,1.85068298242533,2.36039092821984,1.87048622177541,1.60184123409688,0.597326119387807,6.04890072809418,3.19959311047923,3.58315532222325,2.4913420446028,3.35206445764362,0.633588189388536,0.794472227058711,1.73779382349679,4.11407916132902,0.446164357267377,0.257259682607508,2.41671439741688,1.80868632330085,1.18210545914228,5.01998152018821,2.37507898525975,2.88576273780246,3.87757146750052,0.132588152723974,1.0663012233509,3.13182754997222,3,10,3
"2417",2.15909982470216,4.36067117518881,1.22422232825934,2.00323423605292,1.5620917646188,3.59131386914941,6.13381025488324,4.20626375794467,0.522773748825735,14.1554726875345,2.80646806580737,7.36460661607393,1.71267648708542,2.15354998718014,3.49700181667752,9.90408785965729,2.07511680509188,1.59707297482873,1.79402944184091,6.5421272092022,1.92456613350312,2.2858749453702,0.166962858331852,1.67814063929505,1.80257779650505,2.71253038781041,1.08179347084384,2.67587065940344,1.59537449119577,2.42595554689914,0.751685830462814,1.2695445288723,5.5635163496963,8.27193319179119,1.72140395012701,0.820949609301423,2.2689700255701,4.9291888065786,1.207766051837,1.44393748548909,2.76656516916266,9.2585799916817,3.29575872913425,6.07322398240903,2.00992231679754,6.82258198948609,4.12711269539999,1.75108913976777,2.40976138122321,3.5401457665523,3,10,3
"2418",5.86617426508359,1.6388357553705,4.11997660522277,1.18519682741953,6.47686233888405,3.70214498827002,1.1919900495317,1.11791074239027,1.89731132955966,1.24606286536663,0.877419018134463,6.60081367935107,1.09249329089891,1.77276253192075,3.08824160026585,8.69186057108148,1.80402015486246,0.314479934011984,5.85918715807271,3.85375371611755,1.03569846637246,2.03031448335329,2.81020269107849,2.92482468559331,2.92942951833978,6.11578193839853,2.3352049833575,4.9411394814261,0.761630807996615,1.90760342742251,6.26327520339269,2.36750957523647,1.73412206365262,4.73155785350609,1.84004238986367,1.98449002652566,0.389120098089075,1.35577326572829,1.43845874420365,0.656279622527097,0.844645834739621,3.07119169202392,6.89851030223363,2.51393826962063,2.20397305985249,2.10279484198968,2.40487591011239,2.02910203120477,2.98647664953032,2.56284989895354,3,10,3
"2419",2.67056275895637,2.86871505847598,1.39592511782954,1.87149009755204,7.44392763154751,2.73191310433998,4.70532753747643,1.77434569819605,4.44475611404607,18.0237951046642,1.54488220878841,5.6225429554835,1.81829519370542,1.30063183691445,4.40426658406318,5.04149654233021,1.62458217102908,1.84892431763138,3.94953481186747,4.76231343276905,3.21701311638731,2.51445365387278,0.201150501447358,3.36312857689651,2.53457451505324,1.62602068469455,0.244415605714339,1.89006329833529,1.63902122807768,6.44754351668602,0.342864311235217,2.98267993647694,2.97076191584351,5.52909649725829,1.302300523773,6.03315213931393,3.0832664057861,3.9490855943216,0.803031700021269,1.46199668279396,3.77760935784462,8.18013850907745,2.6597837841181,2.35699921124383,2.54172047634479,1.04623793435021,1.9878180157555,2.53359099330841,2.51694154686098,8.5957465922893,3,10,3
"2420",1.39314852071298,1.46262702551523,3.73303865486487,2.29393489164961,3.43976535934532,4.19651515589064,2.31752033118191,0.652217583712089,2.20278907653958,6.04063938683863,2.3099036802423,4.93848412878183,2.42530689348018,2.55538921457485,11.5024869357252,7.02362780537337,0.971891325001663,0.985447473344976,9.14321902546392,8.16911012285387,0.591378344832961,4.29492454341039,1.67632251798781,1.70209433919472,2.98740006871955,2.75083644376621,2.41820816069176,3.46029618990969,4.39826396005749,2.95442591269561,1.59239332236507,2.91150600072907,3.39583379436375,5.89573911670457,1.40149457427206,1.32162207260666,2.3761747915681,3.32803371660789,0.478964160955553,1.78146481230483,1.09786446230022,1.34442047286864,4.03071959973508,22.0764470796139,2.2512755680964,1.8471692411927,1.76414796763591,0.443749018017709,2.36905666333383,1.59615793133777,3,10,3
"2421",1.74822560181718,5.95583150876081,2.55925060635414,2.00502826630651,4.79860580880667,2.0489976371072,2.34129665748147,1.01829228326217,0.824805727986228,4.62532666437803,2.40401239697183,5.15417883518417,1.41982516469518,3.94236264413568,4.10601019818791,4.53312847606253,0.457324100742951,1.29944787626796,3.8604993863251,2.90246490025057,1.82157445856041,2.29079218646507,0.67517422560882,1.733559974372,6.94982700305838,1.41236211595629,1.24073207598315,2.37773890512525,1.43355228091649,8.0086869019446,1.87443782954263,1.2779874803332,2.0377620218865,11.3324487258431,0.869636147636296,0.406536939068122,3.06315357425962,3.79452475501526,0.542031454827129,2.21530562996518,2.29104651069862,1.18337057187363,4.91676629058027,4.27862215699007,10.5672401998848,1.587488716703,4.65061123789676,0.340513483440648,2.658315588334,6.25370954845757,3,10,3
"2422",0.866671200794801,0.868365988482095,2.72160879696644,1.62978621649633,3.39600689267943,13.472695262081,10.3444201527478,3.43101698995881,1.18538352967315,7.43141286131223,8.48092036539908,8.70285266456277,0.98463543371908,0.968512303098682,7.28406129993974,1.8284573212874,1.79390967033984,1.94716683195096,2.57585491254451,4.41428379446001,1.10041481702895,1.90949754549145,1.27409330023328,2.37252193924431,3.1308921079035,1.33182771685578,1.14967615220718,1.30460884747845,1.45143867493914,5.93349194169389,0.548434075729774,5.39494876231109,3.7103116224879,2.00121953366375,0.838317137070329,2.46917479281176,2.8229301642921,0.601614941847471,0.239248310671584,3.51345370377029,1.44039935318069,4.50401204665238,4.02206493191261,2.55299307380489,4.94689795108455,1.676378832721,6.2586766309229,0.764167999816098,0.703156617113872,2.09111837109826,3,10,3
"2423",5.45435654364798,1.57086734123264,4.60568281210321,1.52908379421571,3.08593519336859,3.20497072681708,3.90514644304331,3.2060619180754,1.093374901299,2.74764831674302,7.54727496781332,17.4048648303297,1.34000160149968,9.0296669675036,4.78587340670652,8.90642257884389,4.0116801742561,2.49036991617722,2.64835242062412,6.72030243617773,3.05428808740396,1.73140820923187,1.22139884156772,111.638693042427,4.3203141534429,1.4369377008997,0.901606935952578,2.59173201738153,0.876967158052883,8.39437935526955,0.75217989391542,1.22228990664668,2.70994379590845,8.71252012371551,1.44072349696209,2.08200465961641,3.91040876988423,1.37339146391638,1.95638919353781,2.72958408262936,0.730499720916964,3.08178913721643,5.37345930445248,1.85422510088115,3.57418113180668,1.26624372229269,3.40817625594091,1.27583618447951,2.19393060634939,5.32191326155603,3,10,3
"2424",1.56018369089515,0.495628325604945,6.67863113796709,2.14952706499293,3.71782371786597,3.34866699644432,5.57346803141365,1.59894937056282,1.29626575583139,6.33059179295356,0.690786613589089,4.91517858601597,3.48797612373368,2.44188049921978,4.47558006701417,4.84984684280665,1.02814559626964,3.72914805503283,2.91518680082703,3.94125868608485,1.42400879387578,2.85926683006608,3.10607454154979,1.45751816634953,1.74398680618668,4.31540994284794,1.35419542997204,4.75043019879264,1.5292517797368,11.3274510159351,0.600241484229226,2.75281169597958,1.9979854300212,10.4776372325719,1.09683293874554,3.33502439871498,0.807069207588014,4.33490417112206,3.16957452132307,0.961427478088893,7.09036233946802,4.22522110554304,2.23555088879567,2.13079867758024,2.49306002517896,25.9877772026476,4.26380529738283,0.686418733696145,2.70283584836825,2.53447050147018,3,10,3
"2425",2.18058289683831,2.4322400136112,5.38348047529613,0.560534898107992,3.25639110091956,1.39324613230993,1.77337514958054,1.09721575018043,1.96410116042643,5.74033168048779,1.81308482163165,2.51373883962109,2.04958962839459,2.26732501887988,11.3104523980705,4.21814280493521,1.42806532945415,2.39800259387114,2.73943795867695,2.95576223257242,5.06287391258703,3.31198951633093,2.78155408329545,4.11850493483459,2.48937797863287,1.84644663237437,1.10541942097979,3.61296764102484,1.74760674759218,2.11959783874029,1.99311418250717,2.52765288455923,3.53740324178451,4.75866659582117,0.973676199062082,0.903659658617915,1.18904622150982,2.70571413936793,0.819610558859401,1.7432858566316,1.51820369007138,2.15995607149406,1.15153416843291,10.2552207305293,2.7666503537664,3.23922674597185,3.94065150345463,1.50602446758061,1.08070668512618,10.6734129342255,3,10,3
"2426",2.54248279468591,1.78833043661076,3.27190217323952,1.6889326712586,3.35485651527898,0.841843528994462,5.57239538250981,2.02054402612456,1.54171584944928,6.25057576253137,0.613940790499098,3.77094798075226,1.53328033429792,0.560995242655395,2.76687207101635,7.85448436617666,0.960468697052011,2.35645844723743,3.80744407819109,6.51517389139585,1.20384040998669,3.16778491866698,1.82992043146894,1.61765431796415,1.0633948180377,4.2563109117343,2.53807912824491,0.31401212463886,1.19829013720606,2.46547659105695,0.821854103311558,2.75512172549931,4.79423836032634,3.96403371686253,0.802982708073914,0.7770508415517,0.884439837690465,4.05395705349609,1.6707244524835,1.14698618489704,1.08515352220849,0.803165044335114,4.1648365512218,4.8998103837114,6.44848865964791,3.49232483099871,2.98114285661388,0.496045946483724,1.51287034284942,3.6707119311846,3,10,3
"2427",1.8075616311444,4.0763371449784,3.9835571026504,2.32520727282625,2.36630225413853,2.32108125913985,3.35480120552137,2.32567357240074,0.969341892288328,6.02170893247214,3.25791745325829,3.75745209407378,2.77065960150599,1.50730020413303,1.3403898008148,4.52952638313349,2.58498369766715,0.805938278790581,4.35652465252584,5.07203627078021,1.25155173648218,3.71047732626015,2.59370570554117,3.55923473601624,4.07880546791785,1.30271276886469,1.72847097230729,2.23656552763794,4.12777832132618,36.3604930319696,1.53566619996936,3.66929641808542,4.74457935995808,4.7718650092961,2.30555749916991,1.25045778408746,2.77866446420643,1.87528142177148,1.84192819934441,2.65033934795549,0.931968531431539,3.60719915620926,3.23410821310876,6.65635924077375,1.52515326832798,2.37912733112131,2.71489670850513,1.6051091416989,0.845772441343837,2.2730501587545,3,10,3
"2428",4.53526133473921,2.11002983621444,7.29355616266351,1.80169432232862,11.9700237252892,0.80474845299144,5.11824109597871,0.804145914308545,0.483690065999684,11.232305470716,4.264453581586,13.0475949361628,1.52975940422406,1.09992406872532,2.30574548054974,4.05413363570279,1.63396573955621,3.25872746342819,2.54723056404126,14.396830741643,2.45774708691179,3.61679881158646,0.661149627688469,3.21145053812328,4.02143439835196,4.6556338741346,1.87950460399955,5.10059791760336,1.72032724922688,15.6403927720554,0.730969760013785,3.26626414235925,2.3112881860427,25.4687954259828,0.65594059628126,2.05978805475865,4.40251004140797,1.71422960827042,0.45131102575202,12.1063816640621,5.85581516303837,7.65485226385733,2.92446233880971,13.5828643881404,2.85676164887734,1.0174560177284,3.61362965048859,1.70367645697517,2.23669164150486,4.54607371968932,3,10,3
"2429",1.01452512707539,4.03423594446273,4.89409289710146,3.65907441056646,4.61066300519005,18.7374329043226,3.51522443502686,4.23505720356445,4.44371696782604,2.14314341158342,3.20962348911411,10.2953052252018,3.12387677245388,1.69498357231247,1.57115188931346,2.90448561043903,0.987657716073739,0.600408554588473,2.57497677774611,4.77014544301812,2.32385542496883,1.83673929329405,1.35214578980522,4.48358676619865,0.696615775720763,2.32896731776625,3.36852560819106,3.27751241034269,1.54412151266511,1.55815957463507,1.78372782341304,1.77017743123542,3.48877447260399,4.74363580321536,0.381972385104089,3.19235855754907,0.479842114516638,1.38291709541854,0.898396908182713,1.27696270879634,1.78859227978355,5.62971689394201,1.3566631554334,4.92397326226712,4.50824936487336,2.58210037452074,2.98553373934114,0.487487816344934,2.05226645137669,6.4317589607595,3,10,3
"2430",4.65474412131801,2.0822012681396,3.89630961012447,1.85967604195848,2.53679692779809,2.88651832132413,3.00724246511053,1.28623253216379,1.63207334710205,9.20031742657194,1.7318466683225,3.93974380271219,1.31777096514077,1.3723742254673,3.78047770379233,9.8320931326072,0.801038100345409,2.92655923489272,6.40471169130854,5.16300689409895,1.33908363637878,4.04655242029252,0.187402733880326,2.01515873022382,2.77747290390784,2.2077459329525,1.32786051548932,2.32221062514114,0.880662173232553,2.80569006196172,2.21958352012023,9.91946899812985,1.87975991417967,5.01022910642534,1.13580667573079,1.57663933744657,1.89068005026736,4.3418579115408,1.69996296555807,2.96177634536255,2.94255322662417,2.82637951912465,4.28817659833815,2.61269131148065,6.72879715293019,1.85188418163373,2.37008546739674,0.53142770060416,1.87037714783443,2.03418164543442,3,10,3
"2431",1.43071456769997,6.1835108842563,2.14001822813719,2.60605651006073,6.31861395281135,0.768322777480633,4.01141138364659,2.55507291001546,1.39914136347417,15.4191683493602,0.725914652209179,6.02008902227233,1.46330179638928,1.47451131831717,2.26322297922514,2.23780168748169,0.80273223479891,2.74878987447345,1.56076711276771,4.13299283614011,2.07627619434613,3.58511007304555,1.3604304271967,1.75739377703786,4.16225415905764,1.35877830687818,1.9391283418836,3.14304691299278,3.61983465258499,2.30234160010648,1.30741731848156,4.46212290841609,2.20995857331237,19.0409856097992,2.9896522358445,1.89819172670023,2.19473404744877,1.9705665545983,2.05441564369993,2.27270088138564,4.33001922937249,3.57801581240468,7.78975699266572,5.19784188070103,5.68357148892468,1.48312461051328,2.83820926745108,1.61483999837342,1.55510033895674,1.13213995396524,3,10,3
"2432",1.06455708469423,1.52391428849088,1.53307189932358,2.10276831482008,5.38139403030978,1.70905980216539,1.51148602743263,1.34861363177209,1.55045233070246,9.17622188088761,5.65097172815098,2.26667392328559,1.34137558165611,4.13864214069392,1.51646028464718,6.97757614543573,1.21751701927383,1.93869798158071,5.72750884666476,4.50435888154571,1.20646044007535,4.24585477123895,1.14400981956625,2.25159001484245,3.31277197888147,2.8172472993248,1.36826188853003,2.74464126506191,6.10844692521118,6.86284628866469,2.89648754225618,1.73485062233427,7.52405625339729,4.7795009770548,2.46462447342845,1.07075265387868,0.251177319352111,2.26627294011487,1.33821897009691,7.23788748063677,4.62084988535102,2.07941064915714,3.92587154625071,5.49688761004173,1.35584880439233,5.18037654790817,5.27591556546379,0.622880135137961,1.74307021583038,3.97332572409037,3,10,3
"2433",1.33254746725535,6.19016435001223,6.76483504797896,1.07341502998337,6.89794499612106,2.17444378303266,3.80698183088537,2.55485085485262,1.1709486399782,5.94389228162116,5.00372386851608,3.3244000289814,1.81739405500214,6.00013702914977,1.793470970823,4.26365925983303,2.41961186271926,1.45635239303385,4.01777564139293,3.94709056645959,1.15751987099605,2.42203888224112,0.723121846556846,6.08986933074688,1.85268989375592,2.18695177683221,0.968327883292232,2.95592584394651,2.61635651743339,2.58788075319613,2.38222495094025,3.42487567591185,6.35980038459047,4.31376512174583,1.50303908831341,2.94406983980162,1.09107576360964,0.260496195704611,1.15823470631328,1.80959717760862,1.30330607112863,1.6566034385555,4.22134123348479,3.47753646884147,3.0358350113899,2.45589528598922,2.35845555136698,0.674023297173818,2.22299078480152,2.52232216614294,3,10,3
"2434",2.08421306387536,2.15786012042557,2.62989195398977,0.746972586091732,5.9419528745285,1.33275853791876,4.28770048558992,3.06659705880771,1.23300546273196,5.41244694097472,0.514933938093998,3.56414156562913,1.63096524788797,2.43296996528858,4.62146948152535,6.28418525089698,0.853701580056736,2.09184244169192,3.5070398983689,4.35480335906169,2.39573187906008,2.47006288953122,0.664661220710778,2.43370000033314,1.06719702549214,5.25534135506711,1.44967686468915,2.93942914337046,7.80379770819675,6.25063111878115,1.54799997268428,1.53109328450735,5.21341247006107,8.31354771958678,0.921526204072913,2.48710235529102,1.97889906713431,4.94465177549392,2.18994485064249,7.67862221882481,7.69999533079505,1.86507298445693,5.90538475403996,2.73986167784214,4.56892413862,1.76811587618312,6.79494018029465,1.72979477708172,1.27960495105979,8.43644958315188,3,10,3
"2435",3.37768515356668,1.61335506765123,2.1753701029035,2.08696767933194,4.19552022182466,1.60522777212744,9.20509271063503,1.9976485713797,1.27856374423216,18.0824985692972,6.32354407136247,6.36906463915637,2.72040141094341,1.59228010687443,1.29479199482491,2.52761698848624,1.7135422629192,1.16202174817623,2.52091720694557,9.6492695421163,2.69769235795554,3.2074060132898,1.44945876013271,1.91057827208318,2.12527443644139,3.50589296522849,0.550245146461003,2.63570892790175,0.747109825555389,5.10751693018013,5.65676438646513,4.85733980674313,5.73163459020584,2.96544599607995,2.08994887577875,0.793923728369407,3.30131605314906,1.89640022486876,1.99513908063921,3.4875538887684,1.34143633837183,1.78125511099076,2.2215299890253,1.12945320845081,13.7467443322598,1.27986618894815,0.920741149383119,0.241633142670011,1.95898684196361,4.69690573141249,3,10,3
"2436",0.831786703626966,2.49907862239014,3.93133191855367,2.78747963440373,5.91769479008091,2.88839495064936,5.29273700909991,4.949997071766,1.25166284239505,4.46554891615749,1.19170347054267,6.88580012594255,4.42001747335316,3.73010564617471,2.11093454388636,8.13311107489442,0.699736348824115,1.59304482306538,6.96322034940139,2.74800439430914,4.41114520591249,4.38892571959707,0.199099846789204,8.52837445495368,3.75684591865424,1.97754296646608,1.52064261950526,1.94046645807273,0.673876550702507,10.6766363944919,1.72019526867409,4.73731574738026,3.21546662670796,8.67696920762727,1.23091464894933,4.24615117416466,1.34321651204896,5.60937343339161,1.17643493232994,0.781803883802291,1.1357613262482,2.50843859155639,2.50428467758332,4.54869146344643,1.6094655764584,2.92222336895023,4.01496837799741,1.03447210817816,3.4610355346128,1.4580195243188,3,10,3
"2437",1.23096494225658,5.35182168271886,2.13255419260367,2.98027626908813,1.49067207598115,1.75300256503895,7.18487381446332,0.243306389341349,0.946861710207404,5.15654978910183,2.36538216976096,4.10238848996176,3.92370686337987,4.3074105513841,5.17061351020154,9.793926937181,0.823986796486112,4.37403051025033,3.95707031836451,3.32306836380119,1.56550582343104,3.20800860179751,0.587304273915472,5.63307966990898,4.53321101199977,4.55334611780203,0.900524871779503,2.3170929810014,5.21189772320636,9.58762312875065,0.469513287645617,4.47259629149508,7.24564021662863,2.37371315361198,1.49194441448464,1.72090366444028,1.24548647983394,3.14302758892898,3.33268806382676,1.22153116641231,1.76581348364761,1.9092348199865,3.78991662168831,6.82435837686873,2.00600862519075,5.04175621796206,2.82927868376145,0.813913052878492,3.01683597334483,6.51351214425483,3,10,3
"2438",5.21101405623449,2.52433027512266,2.49079203346871,2.69254264212944,2.93143481031242,3.46668099356626,3.1940294435412,1.740086564469,1.02679400683305,2.11399619459537,1.20891049467515,5.08687793507233,0.874532543094761,0.986799299094832,2.37270608650796,10.4720472504483,1.21279006202019,2.08349404223766,6.40812276800834,7.85649759080237,2.92623209832503,2.34337889323114,1.03298648714719,4.15390914333322,2.22137512130459,2.22713687220844,1.23264801654972,2.96375831349425,2.01178938926997,3.69520708348578,1.98551856971837,3.17564268148133,2.52867070950266,6.46206180240211,1.23591824910691,3.00366419523971,1.51690914883858,0.307514456116011,0.631769254637213,10.3334056954348,4.40244296402095,2.865333979326,6.36323568191452,9.68634639413339,1.97594896068405,0.457129743648471,6.28659804355998,0.585976658078897,4.12875658320955,2.99982210471254,3,10,3
"2439",0.832899326256941,3.63550031637783,2.87121299857992,2.55261524526073,3.09650535504168,4.38134176963791,4.55450527312679,1.94336824983731,0.453989929570041,2.47989439742941,6.98968272494997,3.49243837335795,5.20589993167473,2.53304637866134,6.74671247095793,6.99609640596033,2.1418812367694,0.921252819626863,3.41695598867395,5.07921942350971,0.547903490798907,2.81210988638124,1.83953240493376,3.53314254080609,4.71454718454151,2.43598032533816,1.23103972390768,3.00340209380755,2.48516058834537,2.72327218061684,0.838838099592634,3.98121371386555,3.12640811914377,6.65673670793109,0.925459154986511,2.43100921194646,2.50936505419111,3.69041439081554,1.59166212296352,0.706020258127413,3.29769418849963,4.34900026916651,5.90606062253906,6.34064978013722,3.04996457286613,2.76675377882889,3.74134369265368,0.147662332178995,2.57658725302698,4.68975785512577,3,10,3
"2440",3.35522816512954,1.94166242112208,5.61564150260194,1.39556057512852,2.18323268873862,2.2998433108046,1.1990384757308,2.58325054755721,1.42354209779607,3.6186858204146,1.60940976398006,3.07459920359705,4.32842178135091,2.72232661475494,2.66133970162613,5.57895798382457,0.658883230566992,1.10199072350769,1.47338901300112,8.05280675191032,1.257560511093,4.15748135107067,1.02981045382754,1.54181811505461,1.66401770372723,3.68965197481859,1.52685976140259,2.32835647733953,0.646693139286987,0.769535475607157,2.52268464465605,5.31349808744075,3.08331902802741,6.01157284345673,1.1556014088827,8.30918448487973,10.5478071089172,2.16552026061875,2.57363303494165,1.46995280763071,1.02105096676432,1.38266163670594,4.22102362069644,3.7768547934675,3.35051270269372,2.75624963003423,8.88725634220215,0.703530977164668,1.29573705134815,1.81449311114414,3,10,3
"2441",2.51719141205635,1.85873723402589,2.99554944095395,1.06459873897578,7.19528985711669,2.44317963039711,6.02533050088477,2.12040769088292,1.97563877318954,5.32928258716244,0.658436379221981,9.69694763944232,2.64192898814918,0.989616918748607,4.53767560450201,1.08885981616319,2.57969355698252,1.42731339362749,4.98005310788178,1.60496379283832,2.491754312831,2.52363500093546,1.11859359948676,5.06386977076699,1.42141666223305,2.77520668510472,2.39925675826839,1.34392068697891,3.07254635462543,1.00614776695189,2.50120671387906,1.26024964868489,1.97614078968341,20.305779069652,1.63083597139493,1.25034804381698,5.22306984029858,0.465664312183811,2.3547456028226,1.28812238997652,4.38320091621905,7.80726700222941,2.71336344474457,4.21770898361932,3.17294968528791,5.2912170455915,3.55923025292614,0.871702299807564,2.51550364001,3.15299801993688,3,10,3
"2442",2.23231242217387,2.10004925429688,5.19611639798058,2.332551813563,2.4337945696865,1.80601282476595,3.47360566199131,2.27005375215835,0.812593430310767,3.19034401865756,1.859051811741,3.18754367844025,8.39229614738666,0.753475279652483,5.11603914015794,4.41871744954942,1.7149692051728,2.24925818243623,7.53191957062499,3.63578500305995,2.25557464692558,2.11764342250282,1.22855560618998,2.71791365262083,4.70531006730564,3.56759359251869,0.894987992993119,2.21425676060522,0.677693222202112,3.0758517205184,0.654129831479093,4.47302621988012,4.97399309079585,3.93115641323788,1.53683293043249,2.42764776849439,1.73145390165094,0.919606171282534,1.11814774958773,10.8301855922104,2.46417758981688,3.57853969482839,5.97931374950338,2.75248074367792,2.8237733878727,6.20230631175591,5.51067414550777,0.652661275537777,2.54419171278717,2.94465209859717,3,10,3
"2443",2.24956762907884,2.24692234229523,2.66616439506282,1.57826867057024,2.7333704200913,3.38286301186157,2.01674277229827,2.62953447857281,1.49427349409544,3.00306512145307,4.4017515696076,2.79152543476952,4.12177974320609,0.793135431609967,2.9986979120972,7.33730293150583,1.73955128834179,3.00573223724055,3.71157972817512,4.94196063901099,1.18308875812593,1.07280812551343,2.66967687929196,7.86273112134767,2.17090566071525,3.1231068997879,1.2158877002276,1.1671003130327,0.607672164616093,3.01687736127708,2.24883242195081,2.17429108991854,6.37830999371231,2.56185448308971,1.31918476762745,3.98841515142191,7.35909279256798,2.68470846752741,3.06362660382075,2.6254159273658,1.50684645722241,1.26392635100593,2.76284363797964,1.90438265473919,6.84567438041676,0.901878508894308,11.7859320234307,0.701931733477151,1.80563610561833,5.46014567201637,3,10,3
"2444",0.91629236019166,1.52708779191873,1.55983648646448,0.687779197232118,2.67872775822232,1.3749823254275,3.17289196256209,1.43109850369816,2.58684308094811,2.97089527066502,1.14495516540003,4.06181812189831,7.9806253506515,0.917176603748758,4.49086639259954,6.50334239926889,1.26418098167649,1.35084001479558,12.2753698397726,4.53380678041011,1.38872040713189,1.60739452113007,0.366398036801595,2.05921370815546,1.20011748497765,3.56217640346758,1.31648428946176,1.43305733170524,2.18775369709873,2.20729366360545,1.27015315535463,5.53644589467537,5.79450767960676,3.96592280977742,2.01113856644131,6.64072579713762,3.01926328674549,3.00646699830811,1.472471935527,0.703343829191438,1.08865087027401,9.97274949411983,4.79432264591189,3.13005180246017,2.93040753133231,1.42442562435648,5.31439686842314,0.692999461258532,1.65467019532843,2.50724566048557,3,10,3
"2445",4.43191833731199,0.975368154184531,2.47927091762248,1.65567943211575,2.85363975983239,3.71009692029368,8.97991077390757,2.83498264518559,1.31249919993432,13.0519510125017,0.714017933767441,5.11634465069315,3.37703982420342,2.49750999414304,7.57026474089602,2.52409377203424,1.50964062929724,2.59197857911383,3.07392218270417,5.11520792190995,0.563988347108276,3.16776381926576,0.935559139210067,9.14796868601263,3.29904426276355,2.98110013183452,1.76046539325528,1.41806943227664,6.21700616692755,2.97857896116901,1.07198100837991,0.671901328785389,3.01994506180315,2.56839102135562,0.902019540595202,1.53608873227068,4.97474467232857,2.08637965350829,2.7432468903409,1.5145628940562,2.16953071043143,2.12827295530729,4.71266965851037,6.18887023748641,4.01809988447602,10.2203856805639,5.90473967966762,1.57964052495244,1.26794835240122,2.36339120747962,3,10,3
"2446",9.7521180771176,2.63062673696095,2.71172692654982,2.30712539986341,3.42106344102131,2.69511883946077,7.09595217406862,5.95152121067474,0.902907805382914,2.97959139350772,6.61889471241655,7.74244194782008,0.716998493446339,0.351156996855941,1.78925431512657,4.79585048253806,1.37762483361402,0.370102366432437,4.19360761605116,2.8222198846686,0.860331192921989,1.00696313340027,0.168074673629159,2.88760679343677,2.10009807702734,2.91482542084206,1.21155778325084,1.47569305752277,1.20359489444758,1.33851781929006,1.00304318471226,8.23637432696552,1.83377300318872,3.01467970701904,2.20213592109734,3.19638952646133,3.0207380373209,2.86410296384369,0.722620292323246,8.09685498440267,1.35521158116917,3.43806148422542,2.49939118965656,6.38194953700634,3.18862807349442,1.26411932163189,2.96167653889465,0.301513163600956,1.55820368806216,3.26027238545924,3,10,3
"2447",6.6330052434449,1.50669089161674,3.82406832128608,1.7662790376842,6.165282907598,2.04288231329041,3.82456332940295,1.04630508154297,1.54368218615682,11.1157126917293,2.07713400902617,3.16803975573744,1.59604085454358,1.78799184933092,4.90842807607477,2.77059214913657,1.6944697211848,1.56166610507054,4.08805576002288,8.27112287756626,4.0618921136469,2.79488761261561,1.90090054432214,3.95089838095045,3.73471342110091,3.2813066542403,1.92979955344796,2.7676582319222,1.30168122631004,6.88697972602396,0.300227566280686,3.66593968677381,6.86431945667142,3.03760341595614,1.95882336516883,7.32801876862087,4.29288560769025,0.876004789939494,0.779252660101857,0.604417552880622,1.18873876721736,4.10780305175531,3.90549663838082,6.78869174558275,3.2782033935035,1.80441433965801,20.2723055099073,0.384847703392091,1.54592735456386,3.68135427669577,3,10,3
"2448",2.0221905424847,5.5950556158051,5.25041767567063,2.4211371918795,2.48938752274585,1.54193069695848,3.96510964058567,3.04158942857592,0.727591373310411,4.82450469381675,8.73873015859981,2.38729945654579,1.48950945474363,0.827039134137416,4.19213684201239,1.84116977272189,1.3323611698236,1.54122487735432,7.30332939278603,5.12583318619465,1.45156116551801,6.90365119897582,0.78450976809951,2.52807697001398,1.62861598053612,2.25240006132698,1.83371405080686,2.35040396455462,0.708242486166985,3.11076374231388,0.593899577862314,6.19706975768376,6.15525522091681,3.36486700549911,0.860410274491556,2.99147700770999,1.66145866582623,4.14193235790536,2.32115445592125,3.12383652414906,3.6977764766311,2.96327203464765,4.65842377823679,3.93753726332432,8.46946861895254,0.779079365683613,4.69741663259525,3.20648390606219,1.84816935558744,5.12823400119222,3,10,3
"2449",3.55951820944992,1.18192279305757,2.11522598230706,0.913691087148453,3.07453682691452,3.79218084232942,1.92343189925364,3.29100878621032,2.21689292468147,5.46995429462044,1.60231825918738,3.86805806434957,3.13370609941718,1.24295566519091,2.98879384986201,3.17436657057125,0.938216863950093,2.30874137062847,1.66968001450606,5.61970581237428,1.09443413153492,4.04194760270692,1.7483869435631,2.08015979477819,4.19245964514274,3.38531667164226,1.64058686383148,0.984124771062276,0.632301729754818,6.44012588461855,1.33421082376253,2.92103748266734,1.37096276740222,2.62287862850224,1.67912092348167,0.619010300834692,1.75341085904305,5.42336164228975,2.21498875262419,2.40393104445951,1.49613687682968,6.66152009340155,2.45995685722169,9.11971820159775,2.2871782904428,3.24243162352786,2.3510454412799,0.927766490313364,0.558267487848494,4.57938668507489,3,10,3
"2450",2.31191918739899,1.80134180884322,12.4821432398239,1.4983820155918,1.97852878021844,0.866218746684809,1.92829284793988,4.20811623802359,1.9353395719654,7.24008493266181,2.89147340169038,3.00262783039883,4.43585954772887,1.71277349809647,8.17087590370499,4.94385145326962,1.86236374619085,3.7577845714098,1.87454807894221,5.58583380685853,0.942034999566413,2.47101170788407,1.38987720292063,3.22354623570531,1.95985859085593,1.68704589752678,1.28569229726778,2.17787839539491,2.22357146982014,3.83598983083826,0.870195796910217,2.96390240738796,2.18069840697804,4.02020650196698,1.33569812976577,0.394702161724898,0.718004412352889,4.33574306566069,2.06968157651482,4.94671707389823,2.11290214918685,2.91956738031529,4.02317364616659,10.2572977252205,3.0192681390972,2.10982114733675,1.97577569852636,1.61781855564651,2.22870802513466,2.20702982742965,3,10,3
"2451",4.63498428071963,1.45801921311145,2.84511379814222,1.09269260911686,4.98668315179577,2.33268289440553,2.39774501603663,0.762985352617929,2.41887737856029,28.8072288930237,1.60942076493117,4.97455893274765,2.02521857480687,0.985706705338374,7.62167607833315,22.8194056428413,1.79765695946483,0.169830264440341,2.65612217220916,5.15989006743473,2.0489586943068,4.05009227000648,2.87612710745624,3.47881661864622,3.41896601130868,2.13996495144116,1.66120166339038,0.789538862667801,2.53577770393223,3.09095532462316,4.22335703442521,10.9055346508766,3.11540900647092,3.79309731178241,1.59439543457082,4.35008670294115,1.99439324602435,3.47483339761689,1.75202806769402,1.70121838823953,1.48980203337639,12.0858054179955,6.33741326905603,14.7557073661111,10.9809147003762,2.6480833238775,3.10484460278312,1.31291785082701,2.04668458904209,2.65080274177181,3,10,3
"2452",2.14346204069742,3.05514463988659,1.97198695185218,1.07567273895428,8.69041130528655,2.56776428952154,5.47656682426196,2.15577274986779,2.4222436062921,11.8645770157941,2.00228702712982,16.6475084613262,2.52547909250928,3.17725410615386,3.98911349509383,6.42384119838893,1.47004047182517,0.939145481217503,4.72888627034218,8.84025369787984,1.41004176734767,1.90946726389251,0.82133306075769,2.22524484495215,1.90319852540111,2.28100768045709,2.31057277795322,1.67971395159527,0.443224870680669,4.95214182962192,1.06333783534441,5.12355437181023,3.52057206437987,4.39324273443239,1.03121101711234,1.69527484500736,0.351396612578274,2.89562839972713,1.80520105134283,0.417879123866571,2.81655687255028,6.50988078073122,5.26268319546724,7.96101655850926,5.17141185644445,1.77107652491371,2.83017125220383,1.49719422131464,1.723408680191,2.46657687900199,3,10,3
"2453",1.02290393538058,3.68083257217274,2.83148455148986,3.05119307813357,5.75172194779219,1.36945257546372,2.90938620567542,3.34619957568243,1.7154778644499,12.2522607082697,4.18374746160696,2.92119608347535,2.05659153384562,1.65244486692857,2.74164592297011,1.71935609311566,2.68571823244359,0.671387880463645,6.7657061282332,8.00575375014492,1.51654055523883,1.87336992269277,1.29630071509061,4.74319000478376,1.52914021869798,2.89834177428204,1.61060493906394,2.9026347775895,3.18451661037577,3.17596658291766,0.754405019392666,1.90649192832493,2.95383844147592,4.51235673061805,1.11338872444361,1.2336051292696,4.56474603929892,0.398888120798936,1.35211823044064,3.40435702163069,1.82111789422467,4.76296569159163,2.55515734062323,4.33796522478523,14.5751740320571,6.68008187967437,5.52649808348994,1.71847937787604,1.99768423795731,3.79665162550698,3,10,3
"2454",1.65557265130793,2.392828641323,11.0914836860717,2.47025275286271,6.33372148999124,2.33098001174869,1.65779729853256,4.6036918294652,0.948745684841408,1.26613829300734,0.924732845218155,4.78894451258819,3.37798966327673,3.41607134631481,3.44841489161596,4.16164674175445,1.50394138477301,3.22852018450306,3.21745265547193,2.84894980633463,2.93399697363253,2.59833588541042,1.24461645507664,2.92472402642121,2.60511677034458,3.43591756671661,1.2460325385238,2.61477795436574,1.46204836065788,3.8794693260276,1.05231417078328,7.88650225207198,2.4424430999142,6.42244372041606,0.543620367875221,2.58467510456052,2.67253827694759,3.37824378751959,2.84170223606469,16.5032921836555,1.70215122166056,4.04227404959357,1.96645744696859,2.96474423445976,3.18471368840687,2.14701904840221,5.36314032709363,0.864833577872874,0.978544461949804,8.98579918951214,3,10,3
"2455",1.3942134814749,2.20070006696928,2.94093630908261,1.98818945127364,2.83444005813057,7.78238985134639,4.12091821835473,2.19065186109294,2.29017520766254,2.59799358262396,5.59850243749044,12.9619709260461,4.14854035127555,3.65458757481901,5.28725777362888,4.94478199784776,1.41067454773453,1.81200990838556,5.5581089040504,3.80505438663067,1.12390349006493,2.5839045060688,0.178417232345826,8.9131283539181,3.0413711350372,1.61481267217846,1.50568427838938,1.9156443058689,0.509064539150432,3.36831509574602,1.81336443682204,1.29011894901499,4.14575222653144,5.12442374593309,2.72469597048853,1.24074106929433,0.447292800715887,4.34868954339106,1.20232142430119,1.45209363639525,2.12659782064433,1.79678008612107,4.39251444169133,4.14635386218529,5.11548657685222,3.07360839225537,5.06216828836241,1.22441088923312,1.88502998690047,0.867541036191168,3,10,3
"2456",1.9505959908547,1.44012862849781,3.59599321564024,2.0880370455218,8.05365476732534,3.94178715743312,5.40156369055879,0.513322605986148,0.885866783771652,7.34253984857776,2.38936088910791,3.88717613752837,2.4956549629407,0.726664911744483,2.72860659876287,3.58967834004558,2.28325440211332,1.57998023856818,5.92113499549828,0.86955600327054,3.13866825164572,7.24023739500962,1.69641227239208,11.2559627196266,3.7884992526428,2.21106281362741,2.60553410933402,1.39709318842897,1.23094701031081,5.3229245992786,2.66600660632654,2.92105568303864,4.05083179179547,2.55219012577158,2.75014195372809,2.12486120590307,0.72355661859586,5.71798428357976,2.33199058025215,1.08656840180493,2.12455078472243,1.78236158575215,3.10835330594693,9.8280490432848,5.034096700184,2.73168712522856,4.20249133867934,0.92554373030293,1.42237556761102,4.07922245580518,3,10,3
"2457",1.30015839711174,0.740961043814898,1.06122214944854,2.7163447153091,4.99977022927367,1.70696155845608,4.58254718713239,0.852901119975486,1.43578027371775,7.22149730215015,3.27030780671452,3.42371579120516,2.90005478400329,0.568559962031775,3.55391059316435,4.64493550968524,0.968962049532335,0.4163726566137,2.34133181486522,5.67109934059331,0.60382559810695,3.33268677112917,1.55086375423252,2.89931616803991,3.97057665361086,4.51070729843898,1.26299695154247,2.32410068742903,4.69748550274007,1.2959668372523,1.22158002345694,2.78457173924854,3.58619707164833,10.1877907407932,2.1309983120807,1.95668363746516,4.50370192480761,5.002122015874,1.81796019725894,4.83028898578985,2.02694449145449,3.75232876820167,5.12317488851182,5.40211276116823,2.49849683422523,2.6580332803337,12.2813914350884,2.18956528535069,0.968985036026095,1.37443699696217,3,10,3
"2458",3.10283955745817,5.09343926810117,2.24291407294416,2.86710758640748,3.24843741443333,1.4807200903351,4.30562039238607,3.64804329733508,1.20891445675921,13.982408319556,5.87731127797516,13.0395903038476,1.10516532133801,1.7830820847301,2.65073018214489,6.68855333614718,0.392667998029145,2.11330632189441,9.16727578565411,14.1508675980179,0.233528577374448,3.07112962263641,1.84127202085446,1.63431747859866,2.73913780396184,2.42625269203415,2.42581897310027,0.4328433302214,1.4388511982442,4.11674898279299,0.406855106560427,2.76920217134721,4.96150912030513,5.03065716442105,0.729985153412675,1.0031007444966,3.2165777975912,3.13387796093008,1.14524012826956,1.56580513228055,0.992797296033782,3.71543148626785,3.98425470517628,9.22229152652718,0.983163159456999,3.64315419184522,2.34148638203156,1.18963661867422,1.48617685553645,4.91055040054943,3,10,3
"2459",0.826424891721465,1.76713640385047,5.63534556212591,1.71192714164257,3.82404023251644,1.37422836027341,2.57968997537405,1.73472855485274,0.437717650534819,3.73973181753032,2.33508227683319,2.52606929596487,2.93443382013818,1.81509203210749,1.56418252843717,13.0747835445812,1.80177264119325,2.94307456707848,3.61943405797046,3.63410383980739,2.56177634396395,2.53601946272095,0.44264882091838,4.32762673857406,2.05004138131703,2.66653914777038,1.17169283361268,1.66887370043608,0.505075983288184,1.21862634161638,1.39257478709333,4.05526598015407,1.67322417232664,1.96542563540086,2.67053427856573,1.58452759790255,0.673935967177528,2.89713433484545,1.26804941564092,1.01959309788612,1.09043354368285,2.76320650721336,2.28398372296852,0.981749172304167,4.91228312357383,2.0775078804364,6.5678016698244,1.61006196124612,0.855724328257608,1.40580354864927,3,10,3
"2460",1.50035882243253,2.0304126131651,6.55443123577404,3.882835293986,9.32320792122664,7.2532019402185,1.52922328625612,1.43320898917843,2.40468010983063,5.94217463810394,0.497673786419096,2.3566053432973,2.02051981354039,0.261494914821139,2.15472266523891,2.81447973232204,1.26794773112508,1.27634610234258,2.07298075973605,2.17801919684883,2.23571462798036,1.40921864854456,2.05906249253006,1.86039084826555,4.96234169384628,3.51910957148736,2.87848023337854,1.17017084565665,1.20386463381146,1.48277481413567,0.420182672412728,4.63410847177631,6.02707907229629,2.98969153946044,1.59621514079167,2.88112687989163,1.12077894275721,3.90581004050642,2.61880354453713,1.90649990358451,2.53994660944751,0.896329384132241,3.96459160400769,2.68973191849586,1.31817475974384,0.860091738512294,3.25117874652077,2.15405559809844,1.80914958418622,2.61296468125605,3,10,3
"2461",1.70269080908658,4.25255798863626,2.65688740480312,1.05663408187397,2.89686262273165,1.83396746781378,2.90258683338496,1.78362347112555,1.08741311871281,3.53994450235455,10.4161934524919,6.49408128755924,4.44650644005768,1.60881455903956,3.81595344352398,2.86194608893782,0.634070826495765,3.09738165947031,5.12140720607153,4.01060874088798,2.00746415275283,1.9748494813066,1.09208288844524,4.48554342799055,2.39678558489182,1.02478347259078,0.780284171375235,4.90421453214356,1.63504059809042,4.04566548154657,0.153851816858616,3.09546856238562,4.18849380684384,3.04390494868762,2.32172492993891,5.34168556612149,0.648249809767181,4.56982243047927,1.47733343325053,1.10984008760084,0.498637042998622,4.98532407205055,4.53597858306325,3.89463392512311,2.69258128912588,6.37358805928373,2.78293235034806,1.38520642770203,1.78283741577085,5.26420249745942,3,10,3
"2462",4.36051231637758,1.58476241035204,2.65080405106428,1.55379655505607,3.04164793999427,1.51541724910464,1.92450609818824,1.79296307468037,1.18417047355231,2.71441715816644,5.69444905445255,3.78397063282363,1.59769085871117,4.03892782938867,2.09936075063761,6.8859461880649,2.28193089252119,1.20180962747071,2.2619833963882,3.34741861982639,1.36721410827638,3.64911327200662,0.115700488761881,1.43459244545799,2.11389203640165,3.28400726324597,1.98953914742553,3.69867619728008,0.721400771749071,7.15256248936539,1.14684471307837,3.78235718523469,3.27724447972197,3.11756395285436,0.552198297634441,3.01889226851995,1.06300176256399,2.47359210715036,1.5607504231925,0.536721862565563,5.34028509386556,12.1998552667929,6.28982884999308,10.5369765880471,12.0116536173176,4.97996922207464,3.72778036183558,1.97167458938738,2.83474889970615,4.02740121892619,3,10,3
"2463",3.85159021272029,6.09386096347466,14.0192941199056,0.816888016360951,2.40886425504484,1.7784908232091,6.1097047670665,2.3843185178887,3.13263106105814,4.89109845888712,0.993429029795717,3.91895285159191,2.8456821062785,1.28561287003602,4.67861041833467,3.88007893960459,1.63850871571877,2.19833818718251,2.96534645529722,3.31430773684664,3.03881045555135,3.18170541548427,1.0325481082595,2.93494670322507,2.99377160888801,3.8578404491348,1.29243431237848,1.31760487814977,3.18606984764091,1.39061752546633,5.84719723987017,1.97182630047459,3.87376071023779,3.22252835234537,2.26900271556746,0.843389903620264,0.897035970601469,2.2938203878943,2.57298692742596,2.70427628373789,0.745756629231459,4.61739821406558,3.446557029405,6.49230011945075,1.97188015394422,2.78956816582042,2.91290899443427,0.307174548223663,4.58942116197125,1.4168987383104,3,10,3
"2464",0.645017337922595,4.35873523008316,2.56981915973946,0.76639012537131,5.07099238252721,16.1726344258872,3.61078805407524,2.81209773553945,0.896756079759908,2.31726544369329,3.21144941468416,1.94191173330356,2.27734494655422,6.51165212409049,3.05218624278921,2.93816790658757,1.17782923369146,0.168715481803383,3.3437509888465,11.6326939932218,2.93473371022928,1.6889588449735,0.528062925407994,14.5608558113175,2.23754864199469,2.19088814265383,1.85477096406887,4.73181495760794,1.79858546474571,5.96906363455034,0.312356611762411,4.38602507691017,2.90904337220651,4.32996785171513,2.11910304288006,0.138138399297745,2.1642175406687,4.9379867506159,2.25423013132209,1.28119845303488,3.09937479861419,3.1284307614713,3.07275341893596,2.87641362128498,0.988873995194981,3.40294896184667,3.43573495702586,0.890269838521983,1.95811659862696,4.51252870866645,3,10,3
"2465",2.08214098208291,3.31450397206086,3.24194191984506,1.5222100165491,5.84568322646891,2.88586029420189,3.24585660779464,3.33945833987264,1.49378862977934,3.21811531975258,0.816118892148894,5.29325221237071,2.00894799478687,2.32234736528168,2.29768092146107,9.8011988161757,1.20851811449389,1.31629462582634,3.32108863646822,7.00630796379749,2.70433439262781,3.54792748732637,0.796646861349611,5.1259205232415,4.35526071610754,1.69115661708092,2.0604666944023,2.57743700285246,0.581401955740359,2.34113338612544,2.50588784826121,5.43769598745251,4.34960594265095,2.10716730386846,1.98685187307385,1.24430502334068,2.67185387685448,2.37921398190122,1.58333935132769,3.5703971109042,1.08146103892914,5.11623809810745,0.516656050698323,3.54103682902333,4.57754341638402,1.51421015342037,5.56430738443226,0.65388042578912,1.89461609697336,4.44795908833648,3,10,3
"2466",2.1008592290636,1.25032086570868,4.08574731043945,2.28024298532156,4.15218316430621,2.25974035448734,5.7279339846912,2.13140546067503,1.30155479151288,1.71723468471753,5.40296493914264,5.9064795975502,6.01896218581688,3.10840457839977,2.79006758959399,14.3035496627266,1.41063486741862,2.91220084575301,4.25783080885533,4.646124679745,2.58820511408277,1.96041968385172,1.96303114036552,5.80929458917887,2.3810164833772,2.89608480016619,1.26252976311189,1.99230569008022,1.23310313778966,1.30502341833397,3.57684107666059,3.13595819522329,4.26547128345808,3.39634398665915,2.23029016758724,3.36154148358198,2.77200085825234,1.38028845353609,0.864227258282437,3.57370520536286,0.854169010460484,4.31988648505348,2.85469005584549,18.5250729113574,8.59874010851675,1.91359248488606,1.24793201033773,0.351243566870882,1.69364733133165,3.06687811520894,3,10,3
"2467",1.06825722779286,0.496778158369976,3.95767382709979,2.3346431826847,1.28758225180065,3.6256250252334,7.55496252620607,2.34105280267956,2.15729238308384,13.8044649368657,3.15374369804496,5.15515144250372,1.71865760002913,3.15101781910944,2.79099587065502,6.02253525353991,1.22827941448667,0.889640559172762,12.0055201034052,7.97448374035452,1.38112910686048,2.38527507497654,1.24463334913718,2.60942992649386,3.66465053269534,2.82832360375841,1.67382932338976,2.74653262875144,1.26903031545955,1.70030922478745,1.286408693188,3.22607449299209,9.29904507700926,5.25371175705478,1.83860696087159,4.76137788141388,2.71778767092543,0.719988521453301,2.2948652896623,1.90982888210916,5.40991114956394,3.16405962941587,5.83786734928066,4.0525603038617,3.27155452367685,4.71354686054604,3.70073690502609,2.35127624166804,2.31848207145111,3.39835676595104,3,10,3
"2468",11.6433212585034,1.69025641447365,4.07289539947685,2.84189001747438,4.43973359186921,1.45265685873765,1.63761577024587,1.50716646640012,1.56540617641989,21.3746885576979,10.8556255490236,3.50108679927472,3.79238968164114,2.10568889078333,4.14817989036968,13.0745584151054,2.60045416855843,0.666208937982034,4.77595804675965,3.96026197612959,1.52659035516599,2.1022585997202,1.71743954700336,3.64212797158662,2.24816968051872,2.64515781489324,1.24035105651536,1.86248716703786,1.18955765496807,2.79474725458865,2.43754088908177,4.02589079102617,1.36102992843479,1.53535010301228,0.656928273209841,0.818031455123918,1.80145741269289,4.18874958922887,2.52851463112336,0.549515044560618,2.24610982499191,3.17119802813591,2.48596047285919,4.86750615468667,12.8029981783821,1.31438840809975,2.73902338765894,0.384983548813996,1.69060949195418,6.94624941244379,3,10,3
"2469",2.75719198861857,1.08056142908438,2.28022231737991,1.10924432911136,1.78641686484475,2.57363878696262,2.6686904756225,8.39412217423713,1.07344104178996,6.51028599452954,4.83116013278019,7.97806335789221,2.77002426006169,2.49667474717277,1.81623413306065,2.79502023895363,1.54233460734005,0.853979386974137,1.65871812181275,4.79677474791568,0.997222697355379,6.06846918785108,0.818069398858371,1.61885459129157,2.10969886728286,3.37083239903883,1.51194000483425,2.00345466993251,2.14424054638911,4.09242246864624,1.74051342048473,1.86113150868793,3.61224542223954,2.89897231229752,1.41929971249349,0.576194489874895,3.22112018199246,1.62026067711133,2.28733938467517,2.94543250829665,0.995143602925234,3.41028366989433,2.87385430501876,4.13412683361723,6.45826924973533,1.35544359012523,2.32118193856694,1.43598688938782,1.90672358525874,6.06260489870239,3,10,3
"2470",2.10013692020474,3.52459649202366,1.30453325096879,1.17543680297266,4.52050322339081,1.13255011240997,6.12020171031598,3.80861519610789,0.418493355181246,14.803317008728,12.5539660433667,3.63246809011867,6.21797418428962,0.909787596163308,1.75670222509704,5.20538112326995,1.45542676192234,1.49494962047265,5.45694473107153,3.39941624693641,1.71166572240017,3.49849300596298,0.583677453744445,3.62840295721632,2.00327173477636,1.20108110711432,1.20529777120121,2.30752576033942,1.29060786476933,2.01919257837119,3.72930616628338,9.31348390374861,3.27974092166659,2.90548946582874,1.2633511648066,3.03355512302322,2.42062973488837,1.89588513020318,1.1992638990741,0.982740994993087,1.20529575769395,8.3244048725905,2.88351111530755,6.55232098085113,1.58200099301676,7.45809011624163,7.17811057086875,0.499377805168882,3.01624752729541,1.99779226263646,3,10,3
"2471",3.35213473847493,1.20086637827149,1.33339961038256,1.8689155135591,7.9962120665817,5.45285167198789,2.75521719406706,6.13913675485914,2.59527601478294,7.0940612803589,0.665131311712395,3.20743115587927,2.73947345049293,2.83151123699924,3.86667284033341,9.64586886728939,1.18342962292954,3.12273254787481,6.49973977298346,7.47779833540322,3.63665119287411,1.71817590197235,0.340805185213801,7.90351406789832,2.14445136728636,0.578074808620401,0.990891363681699,1.5356556262174,1.67837188265726,3.35591708212185,6.31159862855742,7.39201475858515,2.55357072741698,5.09004256741621,2.32270519604994,1.73351786445472,0.763100177777699,1.99412020498543,1.51911564011702,3.3130135319912,7.07018144923041,1.7309598392362,2.06481947428823,1.71276563670614,5.07814716156234,2.27132366792123,2.85299060148885,0.607723236466517,2.9602943425421,2.99217422455768,3,10,3
"2472",0.961399630162173,1.90530806188268,2.58664319879888,1.81765256101306,2.02145137376059,1.50119378675712,7.47621239580435,0.334391379537638,1.36630585954113,13.0622367795972,2.62604496844716,6.41088944378886,4.40332730076358,1.6683053637017,3.02996990230466,5.15471097559694,2.22383084760382,1.05517162353747,2.36112610328905,7.27092392510635,1.57838303744209,1.36299937616565,1.15973019310457,2.28865133846503,1.51564273313388,4.22659250353189,1.37431234802668,3.74174836011747,1.13717015883404,3.11599344159833,0.568460233093793,3.51566815098922,6.35637868006532,2.57925263941521,0.47190819949985,3.72914990848137,2.95762771109596,3.85180438876722,2.93530355104304,4.10489897738832,3.61675657505461,4.15117832110552,2.87230475060084,3.65863957438915,1.74861365022142,1.13670301922514,11.0899376277442,0.989807640755323,2.02791363825419,3.9373699465683,3,10,3
"2473",1.18239628686328,1.26744411530211,6.20623845587008,2.71990879195946,2.76858266208635,2.60969429151229,6.16342494000526,2.75774760836956,1.42881628301657,4.29968132356878,5.98476362852097,19.3144102841971,1.7307741143779,5.57723678118664,4.63309863918663,1.94555334067544,2.22166503706028,2.22141171464032,1.60461688109837,0.965667810608328,1.77775403239867,6.00334370140122,1.39203103624201,9.35740279106338,1.40832774525075,4.00585155911985,1.97804223750041,3.17058310343715,2.71529363277274,9.53939777667044,1.20737620281196,4.19722243952057,2.99612986854653,8.01012170187262,1.78571669266116,2.5862225347961,2.02209477281005,1.25666452790429,0.938662083266358,1.86988011880234,2.08318281324084,12.147511244092,4.0101009548235,12.2316463283113,10.6957872820391,1.31131949377386,2.94527760492844,0.886145465245873,1.27443648953173,4.72996289719276,3,10,3
"2474",0.722868644664017,6.44850902478998,1.6330284812775,2.58393265723337,2.37914894277295,3.74431310770413,0.908284590653165,3.79533435678369,1.33651880066118,26.1677947177686,3.80895818534184,6.38058951574312,1.49174412318885,1.50220850670532,10.5308826781869,3.32100555185208,0.657111041111025,0.627093179069804,3.37472374161123,3.86376009381232,2.53786930976859,1.38222224628464,0.6996497454141,5.54130918858358,3.3674527739199,3.4670133413309,1.60845510621503,2.11293482013437,2.02256901695853,3.51577759069803,4.14458632544887,4.43914676737757,6.74873736887165,6.74235514400663,0.839483753670208,0.775825851737153,10.808324286981,1.20119303692757,2.58533581446259,4.13729595283095,2.161313697738,1.43030224429897,2.52516443606768,2.10089803657514,2.92794177412901,8.13388486595212,5.04478792421291,0.913277833979423,2.35696691581802,3.57639643030394,3,10,3
"2475",1.85984074945932,1.14854921267714,2.49856494783213,0.6001846212652,2.06581701238774,1.05356418226571,2.05586123976184,1.93169271761054,1.05335708545986,7.12559709870773,0.903271215174557,3.86534698502682,3.05486529439332,1.33237870094971,1.53851298114513,5.56764968651702,3.17069376832422,3.01963243645538,5.04634755389923,5.21372792529442,1.95363787705351,4.00432730624151,1.0471788471028,1.77024241932108,1.95230039374493,3.12266193658594,1.46854639895682,3.01267706722833,1.15524809256248,4.05548158025036,2.70907212067467,3.69002488410274,2.95376363467481,6.13543295173704,2.49084696079876,1.33758021543354,4.05712046499162,4.64144743829952,2.20942468106255,2.14341669407355,1.84807640615436,1.98575095968222,3.89112845749489,10.9887957499599,0.917718809159898,2.39538428974799,7.88563509222044,0.717538733004044,2.78630232817101,4.42236171804671,3,10,3
"2476",2.49565779712012,1.82568645392176,2.49199554760893,3.57863565156529,2.58981743707368,4.1314109285431,2.30262556585726,4.63442113184941,1.12544466964803,2.41446085711731,1.14159639099852,6.17384556802893,2.61571854126801,0.665328175574011,1.49755803952535,2.41091568284427,0.673880356111177,0.341929405736724,3.35174618604735,8.87110068628659,1.41043349324837,3.66275343167842,1.16458250673681,5.67085394533102,2.75317858213058,1.99475643533821,2.05892877419955,1.1651542679813,0.620177648795421,3.81304235568196,1.95685421097856,1.96957555594034,4.22546465990288,1.43734208320911,1.85239396013306,1.08959745954305,2.74143704479651,4.12443967822194,0.641388795218806,0.989029957003915,1.47325262089199,2.26109223849018,7.08883607615003,3.45324195778231,2.55679208443859,1.40459526841041,2.00656620835948,2.34679985646307,2.68609665351824,16.5256239556826,3,10,3
"2477",3.53539228563138,2.78257789479618,3.98018673958683,1.53824225948895,2.12079166444353,4.22184886509124,2.86409450135207,3.70952999308034,2.20946669842661,1.99681702032336,1.53765309979979,5.72164610449787,1.67683067380559,6.74986823323924,7.46999224899574,2.39323011399172,1.99334101569027,1.97275123744397,2.53222649685773,6.5428818807385,2.03984271643469,1.20766071303079,2.04115360473973,1.43412968317305,4.61187990265458,1.42964937352689,0.437484508855532,3.5347018393393,0.601095150067382,5.39892634272317,0.757343176690888,3.22804314212034,1.60328781334029,6.15555090621356,0.991823738839627,0.495836869792362,0.417419444202186,4.62001793146336,1.51292751037854,3.50363736708294,16.4407857555053,1.51363591060912,2.2038866878545,4.13203279410318,2.49506194840675,7.75002463408998,3.37764143294373,1.0951567298785,2.16985003119858,4.05001976428918,3,10,3
"2478",1.23503801500399,4.65141684910112,3.03449896314983,1.93074606126499,4.63858838566237,4.00625042546722,3.71153949380869,0.339078537635946,2.03943702216034,5.96061559379601,2.08042914243814,3.11272147209388,2.26479934215257,1.27811796506501,2.91562126850227,3.50130169106977,1.55033810399617,1.18631057422807,6.25771679559331,7.19890770790132,3.24715626358336,2.53617420142984,1.64264563454146,1.68943690981368,1.53934462707679,2.84218024876991,1.64623831541744,2.89974347071399,1.8047967882364,6.83627220138168,0.702085241716214,2.74387670451453,4.52326158584888,3.18841802365728,1.1012373666319,0.321296295819419,0.82652875818756,4.0708322338793,0.466759017892226,4.49613446779981,10.0769789649919,0.942197485532701,5.7374214401117,10.6821900348426,7.3479314427572,2.47016722226355,4.45691999167668,1.35255647306888,3.74549236819721,4.2910275607242,3,10,3
"2479",1.63053408871285,1.28050203296666,2.62769678169782,2.18748085151298,6.17892513445742,3.62483727474981,1.89017041691585,0.772963504307414,1.53123602404857,7.69392916175835,1.96883058594279,3.85838296945362,1.35187777176459,1.15063902552664,4.69522662424979,13.4285140866495,1.01673086179129,1.04555564701287,4.1949398515952,7.66805248874122,3.14033531097555,3.41980674630808,1.41553812053175,2.77625791301326,1.76283281178427,5.02298451998379,1.26593025365553,1.97573553421275,0.594510537329882,17.1111109341411,0.653486219196023,0.579397141438107,2.98258788128382,3.10894940536545,0.517189992670962,0.421823800646639,1.73876633885804,6.87257021905449,2.32453254357375,1.85943762962347,2.71479572375281,5.43375243169671,3.97273962493956,6.11673344884015,4.79618114842338,2.49837202903412,6.76700322006946,2.05876852773311,1.93172288977261,4.15714567532771,3,10,3
"2480",0.670515673722765,1.51609344393229,1.59004129317593,1.15507808486773,4.85641693103189,2.18133469422363,5.48082294115821,0.856187012261716,1.60894329852597,1.27011856940266,0.546249811024712,5.61703189550825,1.50245487270632,3.17118298980062,2.94251565534619,2.53943966362961,1.27258848937391,3.21760745905504,3.69997472978329,3.42107474173277,2.69879137531136,2.37027939874119,0.90620254942043,3.13907267421375,0.853272390723831,2.16897449125158,0.840729628781679,1.18653520359904,4.5068395956713,5.23629949567786,0.733508735987768,2.84429652553945,7.25306383119635,3.20052763668278,1.73868483558421,6.94702916927564,4.90084589639163,4.33570603822858,0.70055410636436,1.39076462130237,1.3930719596196,1.65258261622556,3.9086820834302,5.63382029862191,13.2213514851391,3.10662237557718,5.44741711816218,1.16253819656542,2.0021496462037,3.39337745459809,3,10,3
"2481",1.67444347992076,1.41169333296083,2.25322367397123,1.86374330535168,3.18593271744919,8.49123442406127,2.29782576318131,0.536087525178055,0.251040170194469,11.9528574260812,0.266614049567333,2.3629878542933,5.14763337670906,0.982053848145753,4.29342031322597,2.19911500840239,1.57219445452506,0.589736682081728,8.05941790640533,8.79813709971087,1.30503947244477,2.72396514312828,2.30439683477524,6.18651238716713,1.56656217796537,4.25643144903483,1.78173091216804,2.55830120063001,1.55736408020997,2.1221106148558,1.82857886066924,6.91565137145061,1.62252979073296,5.90049792299033,2.67200509398672,1.77803751972112,4.23573567282976,2.99453787453947,2.72867528910429,0.790838038535838,0.930055685951163,2.93954241168232,1.92179575038545,4.58682393660518,6.24142416424551,2.27577941731767,1.92361766938286,1.38985295927331,1.69295307024851,1.99721380309268,3,10,3
"2482",1.40121004274725,2.62714410691509,1.05024762316406,2.18263682790847,6.77767394487085,2.51449250100822,5.50447806658555,1.1003254514273,1.94712774960464,16.158564293419,2.14747483591145,6.79726374212768,2.55382505712729,4.15673231316164,4.87467751039143,4.52417048718639,1.72780561823591,0.314586234627679,3.53007072911076,5.57698468740677,4.05235331162837,3.23299816790588,0.430603990901444,5.69021882999202,2.47862560753305,4.56878078860378,1.26555149961248,0.809230389219271,2.4753010207088,5.86160291119014,0.275332662430691,1.70245124655511,3.08576966437079,8.89079012282291,0.498473538258723,2.40402670274548,0.205546887170686,4.28364100792676,3.48608861864654,1.46687554605871,8.49916016337065,2.94817509040463,4.36744577976261,13.0695984987015,2.2959928599081,1.59293544508887,8.55025478249459,1.18345051395128,2.16568975843905,2.52293628704437,3,10,3
"2483",1.60903357064083,2.09711651749525,2.28314614300732,1.72980473933267,3.37277366104103,3.2148427536178,0.15597017276947,1.6965494524502,0.727140981464179,6.29577809242529,0.865212220026371,3.14501940058981,2.77283937031962,5.71061373021581,4.42441014773867,4.46327360853465,1.20614725196528,0.886057111303955,6.67711469156494,10.0091562241796,1.85680168576561,2.460120502039,1.23489929291909,2.21301021075947,3.70909420311323,3.01577999286483,0.976611002592579,2.43781294974888,0.82093253022383,2.44509842365084,2.08679075667623,3.67967028154116,4.93660666829533,7.45177500891241,1.6412308910325,1.75408901835456,6.96960791812094,3.94637147552583,0.889244780700338,2.9775122091862,3.57750841884993,2.92505614481827,4.84424143819617,7.47279160407098,1.61426005025587,2.94259819214295,2.24892919326654,0.239813759585837,1.52020038759739,4.51505989853573,3,10,3
"2484",2.60113548471332,1.84321846280388,8.68001734271506,2.68422075070508,3.63982504506415,2.74334023538745,3.90953271778406,6.38208087064157,0.900212590701994,31.4643011161417,1.01179116702444,4.83964699966092,3.85331025606554,3.96429642926492,1.69252294682286,4.80532118086917,1.53751424678311,2.53387643026186,1.80310349650476,12.0095057260853,3.44212646206553,1.58857580034243,1.12298292264945,3.20712916131257,2.84547748167387,3.11715947763915,0.989017862149475,2.21437660310222,0.618313230939943,2.60696764449273,1.34252080936593,3.48128424477871,3.16238126885381,3.90507955120566,1.60025712750775,0.71804313940226,3.62977941114461,2.5783787260494,1.49589395536276,0.901762454560128,3.38511584553062,3.58366544009268,4.08087329297069,3.14690233344698,4.78546449322655,0.964457920188272,4.01714848513012,0.444568583420142,2.21687171434048,4.4658443794863,3,10,3
"2485",1.12661101926442,6.29225864872656,4.50398773093755,1.99235235626435,5.03964307497833,3.31818091903596,2.44581308953417,1.38859842507138,0.999212815902238,4.35338266001093,0.772531861584299,6.59539880814791,3.27509532812315,3.03221112869285,2.87798790319033,5.71725288043615,0.802301533828076,0.735796073137792,1.05899282413564,5.83009814611877,0.848317584235712,3.29781468426992,0.778815900038916,7.92630299920431,2.24465083328233,3.93489299822443,1.24261999255132,1.96414982005248,0.794981438741398,2.48515218791631,1.18102958699548,2.6842574536368,2.87970691386823,4.2362342301592,1.99728937517673,2.46125230849506,0.480655326050595,0.932105432983017,2.67084431393385,5.98071906036071,2.15548024564474,1.71139662225605,1.70126629270561,6.18329742217468,3.0774750643607,3.55371067451071,4.12493225201996,0.803839042478789,5.57383560348116,4.48052570978365,3,10,3
"2486",1.63149940299904,5.60227920505175,3.90231245208774,1.73714418537803,11.1576300368403,2.07735941048622,3.6668674900321,1.76599688918644,2.64382233783867,4.32414925580511,4.79017251209512,1.88381535217842,9.45534195396978,1.39580637867425,3.35458127490682,5.74360063268392,1.95544529940852,0.136498642199901,1.81500065622606,1.92578529278594,1.98739792605525,3.64738742513631,1.18743109243338,2.88797616207777,1.59450757086225,3.40287589970658,0.945617597233311,0.243430957075047,2.85817032759452,3.19807436204492,1.56859614072616,3.04804397413342,3.41455159535222,61.9861076728766,0.614649203768175,0.471473361508648,0.4892613120743,5.27224099420008,3.30765609553038,0.984744858101306,2.19646883675486,4.34853821537379,3.68103169532171,2.92515755615355,5.34164513274793,6.53302094981672,4.66376050267489,2.36790935707635,2.36431102569808,4.91649038537562,3,10,3
"2487",1.21887997613249,2.40264392889841,1.79508358644847,2.50714265071528,5.69094958615075,2.39071859171198,2.64345964362792,1.03152505437336,1.20514571035119,4.11453050711504,1.69331308627989,3.38004968181796,3.52866163293875,5.61056482856771,12.5276566549679,3.03200173536367,2.50430014700632,1.25584774403922,5.29359330877041,5.31421360189551,2.45028053833549,2.70476407530875,0.716490738273897,2.59464409345971,3.78427601731336,3.29773502543495,1.25953557749873,2.68763843043895,5.38276701799279,1.92734302367373,1.47791753408184,4.75510757248867,2.06978037885009,5.04295120524444,1.73652377824522,1.38616204200582,0.200263994040385,3.79073792131948,2.14769520586635,1.73085978749047,1.54244323117301,3.55263340916326,4.65263726597946,5.32398438612564,4.13656421319972,2.35045879106515,1.83225789124044,3.02691930697966,2.60142706022561,2.23679609275027,3,10,3
"2488",4.55769027711246,1.19930825009028,4.03727547812947,1.79143105645823,1.26550454637723,3.02095478264467,3.21349927480314,0.952804043675877,1.64434179459881,4.34150537858435,0.381920459789314,15.6483958375072,3.87881296344087,2.61612640168268,2.96007609962974,9.8284064310065,0.648350776691832,1.24137769275459,4.11070488265495,16.6157591386113,2.61445395823959,2.94578664907925,1.57479666194616,1.71116717455311,2.72170603990424,4.37987493145233,1.48417211124576,4.40384139433124,1.66915665221203,2.58277259671253,2.11282030681194,7.09847094513215,2.41493866778832,12.7335319602882,1.99856579202486,2.44567897471493,2.03878360591355,1.35045395440909,1.45128603119707,3.27298189733212,2.25488329619578,4.92606849140949,4.39581101207176,2.09670055477439,1.72513517935578,2.91904470589523,7.55463620634949,1.47776778662678,0.841741176221168,1.81587672040871,3,10,3
"2489",2.49151885157011,2.98462745493665,2.9370291700136,2.51255237930459,8.78457906639038,3.03310306001464,2.28474050790068,0.165361253086671,1.10810780027404,7.97825630830081,1.61492357103608,5.94811312427098,2.77938397059858,2.68944706899643,3.31013988090854,7.60936650956985,0.321400108718764,0.968762126394403,7.08949498190535,3.84908842778131,1.51904304312963,2.84836089064969,1.34717204882501,3.36123319122341,1.45168841297215,3.92683056755916,1.05863879240362,1.27599066500242,1.47249181720063,6.97654530768579,0.29969570034143,2.31204200866618,11.4863596032148,5.20871009101521,1.238534121583,5.94990419724215,1.84877112675871,1.77639064246672,0.284136737086532,0.804513441830331,3.98380987751921,2.76836240875157,1.89199842074076,3.0462662736134,2.32059939372605,0.74502065657768,2.69722927731159,0.175767547878366,2.39596840500361,2.65058870803285,3,10,3
"2490",6.07866519460773,3.1378954851203,3.60960014654333,1.96127868966004,4.103536590413,5.86009103230947,6.58263205153655,2.87597815289225,1.4300280531531,14.365904028268,0.792262128417456,2.45058161316209,6.52730119824902,3.91934281573191,3.88147858268413,2.95095592956416,1.42747783015187,0.398431079660261,6.47924318268242,10.4660329869509,4.53026616351023,2.84691668705907,1.14461774839908,2.25642594731703,4.07948159456483,3.61823710361779,3.30324098885687,4.5755630249209,1.56282334942019,2.1189714675468,0.844340823337024,2.15967369259272,3.33127756520986,3.63022345722816,2.88606301938106,1.47665578608693,1.43427072959832,1.61015307329697,4.61012661822133,0.845600653409595,1.91222869934832,1.21115077946756,1.8531091882487,5.10527687913011,2.13414717124481,1.35381667840569,7.3050262992721,1.5503068657872,3.08836450818358,0.882304233639653,3,10,3
"2491",1.88865247802594,1.75849179673009,2.03964103342682,2.64513295804138,3.30790954010884,0.997614919921134,5.05681698511515,4.02300971521356,0.671863993892992,6.01835779162235,1.55649758064364,3.28894965905131,3.5976887449146,3.95051144013591,1.82155649496049,2.54327537397399,1.43981881506479,2.7645390887026,1.15078676522487,4.25052732888007,2.80548796138364,4.29531596799585,2.54075463957729,11.6753851195814,7.89001047149164,3.23247395098846,1.27054570899376,1.37279194795318,3.32904248732551,10.5118269429015,1.16598793499996,3.67184958785859,28.9688094285037,6.57449548619703,1.62279527350411,0.784098708881955,5.07087802684317,4.53259382833825,0.383390505664885,0.966327990959552,2.46548259217398,3.14349390667906,3.54531931259523,1.32153976271661,3.90055765575819,4.121443834533,4.41004843712319,1.32869294901118,2.51245799893765,5.08308118014261,3,10,3
"2492",5.51603403084961,1.13033611054132,3.0266749328087,1.05069498212835,5.61245023658167,4.50005932102658,0.467578880256421,0.93422107406462,2.55216158495824,4.45310038892439,0.62663291504131,3.23537233042977,1.55854999892529,2.93470324556103,2.73752283521653,5.41959575563535,3.02290752393436,1.70205524907429,2.24494672823689,5.53715445413982,1.51909629512101,1.03350788600731,0.185168268342919,2.35565094706004,3.72965769427387,2.77162283500645,3.17313633773842,2.21341542404751,0.89700095364795,4.26423774226879,1.09257241139187,4.75816102191266,2.33633418277528,3.12599499127687,2.5392390842234,4.47021488449625,2.94685066926428,4.74295440451656,2.52579079018198,0.932533963999746,1.98414430994918,3.11862596468411,6.10132923137792,2.35023084575764,2.4810215128346,1.69475144612009,19.7091648729218,0.463994249054268,1.28632360950047,3.572394084008,3,10,3
"2493",5.88168025196811,2.59718895023656,1.0689249115694,1.53870284146995,4.04619292617942,1.72829427090406,6.43101743197875,4.64446752940877,1.95064838815584,1.61282480779189,3.07108066465726,6.07816580123621,2.89724007905375,2.03076236004287,3.7849203229422,5.32885674706564,2.02867505362399,4.14771328304516,20.8175127299083,11.7768918581891,1.11797098760519,2.96135045663048,2.75029673945978,2.1717060420309,3.90426567827291,1.98039233100842,0.896105897077067,2.47813439361507,1.28283575479812,4.93947907794242,2.77926500014212,3.84467177929425,6.09229455017144,2.76160475137128,1.63748878296643,1.92591561052458,1.83796076379983,2.6091470846565,1.85455644611311,5.8126046437719,1.78565727899315,5.81252081363376,1.919362841303,5.44712651716448,1.48360994903738,2.51620164334433,2.80289913538436,3.16591163124468,1.92261062727136,3.14207505167483,3,10,3
"2494",1.07632499173952,1.41436813802123,7.28428188560757,1.28091099054688,1.75186495664774,3.70401700253673,2.37105878988117,1.02229796680566,1.63655077016828,0.919891210152292,1.30654679581434,5.28084140075036,4.73140578055396,0.51711533385849,1.81005151169778,1.8467879126013,0.956236155369468,1.05396867399512,8.15775326595236,9.18737312775528,0.329442267554343,4.15523782034443,0.726498210241257,6.65863051003377,2.32477857438709,3.32480409250656,1.13564087727221,3.82661837049079,1.22537926763222,9.2261743196399,0.380969358037362,2.57870829432242,3.8117629978096,3.29777424073698,1.50916256110491,3.86975257635021,1.86536806667558,3.8500680649446,3.44864878272131,4.09097749091675,2.67644532221322,8.80733515111621,3.29984703902697,3.69906597184764,1.38352997990086,0.952262902287271,2.46146179635479,1.4104687281146,3.48947528491921,5.20534025234727,3,10,3
"2495",0.836898004498959,1.14635516965576,1.5176614244781,1.01204175091209,7.12184908386435,2.58884658620625,1.37013312472085,2.32182480829149,2.71485798439329,6.37687412222529,3.44964391008225,2.77198622490217,4.12175642144254,8.88439817995266,1.67384853211282,3.35824553257903,3.03982517633763,2.78710465099513,2.77111781185142,3.58761520337847,3.4756506767058,4.56023731539252,0.0732822309698177,3.23797505421197,1.23779844458739,3.18152372863152,1.23315316259091,1.75443477716165,2.2122810722042,2.60328446927171,0.535980816330542,1.90553574287006,2.92662168119074,8.64143124680735,1.23228507272729,6.1322800259045,0.46823051684713,1.77026442400816,0.537721794158725,2.97081418367515,0.999901005426301,2.22876011873173,3.95619276858435,4.48496392124889,1.98473410868934,2.8864639749448,8.67494695112338,1.48175547985504,1.72443686925027,4.96196381610147,3,10,3
"2496",1.48680629959443,3.83525380925349,4.16267889214738,2.26161703972219,4.54719529001679,2.84401011004359,4.04820066033554,3.02142154208512,1.16093205655969,8.04279936734697,1.2973993076121,1.79437865451063,3.1490572741492,7.12961141641069,4.13585944589811,6.9285859808023,3.61715035495129,1.30114678610029,3.11290042043332,2.42048308366869,1.39483771852437,3.02957322250392,1.61794423715488,2.25446838460451,0.702361018453622,1.68686440733748,1.10929857415003,1.08146124743535,0.783152558732978,2.69966449785463,1.24484675953978,2.29622663665387,1.88702610678898,2.26786736742001,1.75639805168453,0.714988693490654,3.69178730244706,6.17608141716589,2.04561399150421,1.91771994320647,15.5397221857559,3.32927091922594,4.42857330258961,5.9798888895969,3.52912794765421,1.45700348190613,8.95090398288922,1.06654188780846,2.03724766924185,2.52587682192699,3,10,3
"2497",1.70651201443704,1.93344704201445,1.8537280691405,2.65378800057665,5.25327724796165,3.78634043256497,3.08778716769705,0.966859951819535,1.84187005338307,5.89852871517672,4.73694710252822,2.12746612690443,0.69814059039748,5.33464699357509,7.39831586918275,6.42467068775047,1.18039162398789,2.29763520976782,16.5752349017989,9.8849194223538,3.20356218337234,3.3599542012886,1.07306721597679,1.98925371682326,2.01152385203724,3.33360282808691,1.04563695451297,4.28837063430367,1.70735192851571,4.54288801627329,2.61345231130084,2.77771502041378,1.38519665485503,9.16269893400997,0.644923925094225,3.50026803660832,1.22116683438845,1.93908052821053,1.51414829295428,0.390918793721967,5.00080739631502,4.69287504799255,3.12627178142416,3.92154827292713,2.01551151630451,7.49490808747463,24.5909893970632,0.462004410209459,1.21080827458273,15.5604809951514,3,10,3
"2498",1.31602826869459,4.03476719218451,4.13897222089828,2.18376783647303,7.24736952210921,3.11157494578647,8.62414966674924,1.81694063496993,2.78982801651699,7.78194220742073,3.2764158470132,9.52568668257177,2.86322626142038,1.57445488397863,3.48845258020499,2.96100113044746,1.57252613644179,0.793837745863053,1.1595309702534,8.81877674865112,1.72286466050544,1.53174385516908,1.31802344134875,1.95210640128377,3.05132279192331,2.44156940822779,1.00759786727025,1.63345680418935,3.36187469566768,3.03023862670125,2.18990927527819,4.31963501438475,3.21360487564084,5.9416159799241,1.10321202263023,0.184396571755564,1.23093407758481,1.96490638000908,2.04939637409145,2.0665467591898,0.9883361577464,5.10543919460318,6.63506608470486,7.74657367467191,1.80631711451733,1.04337079940258,4.23534530273319,1.25538120211085,1.98826639650848,3.7050010591665,3,10,3
"2499",0.798517972483547,5.89085472338078,3.56842034765385,1.30955185251952,1.53452169430563,4.51942310701669,4.64614672502146,2.74178361961387,1.97450838775139,40.1423039712699,1.46064077837062,2.67754093319562,4.67251586194733,2.007510079893,1.91931545483334,1.96174566252043,1.45421323209581,1.02768614817211,4.10623204568775,4.19040528381738,1.41207551088903,1.8594875270268,1.10267324929324,2.17272064699988,3.94321396962586,2.80302496924645,0.827899364693955,1.7877762839064,0.969966511776245,2.96063920368499,0.416396235517386,9.97441922627585,2.02430464951569,6.99675583008869,1.20154829569563,1.11525407616545,2.38994527552264,1.90268061945858,1.26098271105159,1.46155057092563,6.99798126336985,1.26037916944302,3.59145588047445,7.20211571080818,3.42060120102739,4.51472861517964,4.70449380324301,0.701004657497627,1.53557136560699,3.02162848542515,3,10,3
"2500",1.87964202077615,2.46287976961325,1.53508107941939,2.42645802223447,4.97801118998536,4.08533263435398,0.809322583447203,2.91334627135052,1.15847467326705,2.39924167469206,1.54353977593907,4.05030562938625,6.54212213498546,2.56711283138251,7.55436617292047,2.90273560490178,1.34088487773469,2.39180469285656,3.18986408379752,9.23455828200995,2.57414742440533,2.24616458297473,0.787837060969947,4.39850914987871,4.58730927994323,3.83459579041079,1.09662241710099,4.97218250837091,3.12881928198692,9.53890713299266,1.53350999295511,2.73292320506371,1.66187271572066,6.03636053665114,1.23899250334834,2.69946571989537,2.39860276746615,4.61727875874142,1.93979504669453,1.34288075619717,1.9966829235057,1.40434104500867,3.71389220114524,4.25505789435579,2.10219167369163,2.81048040993006,3.50656770847231,1.50780896729699,1.12615456996339,1.98224506368707,3,10,3
"2501",4.59382349888775,4.32718527721558,6.28325212636105,1.78688510654041,2.43916442688136,3.09231469865216,2.97912372580492,3.45603168451427,1.16990809636455,5.35274284741014,1.61776375357432,3.43431679170577,3.97274393341735,3.1753665248436,4.23187178547578,5.78675743504556,1.51781692368731,2.80333430336886,4.20668233632811,4.18944017804217,1.64629567324726,2.99113271256516,1.00861218831195,1.99821293969621,1.52097626522349,2.02246786661434,0.723643863586908,3.08567941268941,0.331112775224675,2.408544886108,0.863016960138751,4.39997131532531,3.73069638209835,3.57224846882232,2.23003973317192,2.15279377956396,3.17641772817123,1.48578590023051,1.4770692279736,2.63396566845005,0.758015294262632,1.09151201715909,2.97839105335953,9.94266602307553,4.7285015789262,2.26216374328234,2.17935917457829,2.1528103906636,2.01377681036412,6.16115476155217,3,10,3
"2502",1.23503727260789,1.63889864999338,2.17491332628072,1.92807327620383,2.89553452141284,4.73838350641753,4.33037511874553,4.43763211705738,1.91773523395174,4.96412356955791,3.11879305056415,3.27814923795686,5.0946268967208,3.66515385905072,4.79168341284267,3.9774968238537,2.14989244395883,2.76316300575869,1.73024705303042,5.73608002278921,1.92593205692887,4.21970406685414,1.3966905679364,2.09390242423687,3.58341566454616,1.64796629511066,2.05203127708853,0.550304802827107,0.775583970688468,4.7965752252187,0.298537688280989,1.44392941575568,1.8730059918933,4.36726834834966,0.332659421622425,1.88155302203935,4.72418197228903,0.934583900715992,2.64394234309849,0.892763817707664,1.06949585109631,3.68903565810199,3.11748612981769,5.1495472600276,3.11158216419227,1.84278727258206,3.02638988645114,0.690449985114062,1.98683524585219,2.65795075419615,3,10,3
"2503",1.50062796425714,1.13589559482747,2.2976809839716,1.97762001660662,4.64964031072172,4.22997889779036,2.02583566426802,4.15482128316573,2.20981592493915,10.7116890363456,2.98258632121324,2.52317725000483,0.730547095837241,4.46977124924908,3.53380808547139,9.63021456003604,0.807681016221997,0.511665393358199,2.77351657715587,8.30703970049652,1.15114193766889,1.38131737754152,1.87450016242089,11.4329282567396,7.39640614340814,0.718682179405289,1.45870136371383,1.59035279173099,3.2598194332229,1.23721079306138,1.44463539707423,6.12910918702225,9.19461254162034,6.14024651395312,1.22372711284183,1.01661470328459,1.63613504512912,6.45883101818746,3.82800645655277,0.64148446003334,3.0244868486525,5.36550475538017,3.76278497566904,4.32621103452735,2.32366692812914,3.13496325066507,3.30439564547157,1.896810542423,2.16739617846791,6.78190830362036,3,10,3
"2504",0.36512693140516,2.35490176622269,1.8442736186446,1.71444826458175,4.45684568914874,6.52559913054273,0.541308845021788,2.05829458599418,2.8504311920026,2.67210851999648,1.16932908233497,8.56832473284778,2.23775542240919,2.83096771543224,4.28098376466459,5.81987346106991,2.30786686917011,1.30630003405734,1.47201057054661,6.63625863413956,1.60280998310764,3.60254531605007,1.56554916421632,3.51170212325955,2.21766927787746,3.85932814999107,0.648420822870549,2.26367924609157,2.71766764233095,6.83584063485877,0.16932296465631,3.85857238182528,1.69519497662492,4.93930881073917,1.21167371983064,5.00769029894717,1.06499836250369,2.16801057446684,0.506833480678276,1.4579003740206,3.83149988105662,2.84153644063763,5.98316303160195,2.31232483748354,2.36038948531879,0.656572220870348,2.34217868086819,1.15585036255904,2.26678964530384,5.54929285093203,3,10,3
"2505",1.97646767448422,2.10364571736978,1.49479817981877,1.79408015660243,1.86123956017458,11.3527342401077,1.87064569258871,2.75293781004637,2.50675215790332,8.67684426599054,2.16558690551427,10.6473581042743,4.35281073987975,0.938605742923456,2.7371873988413,21.6458021204644,2.514778319274,1.99011297697478,4.04106854898979,11.0876507492529,2.2304121920012,3.27151334520813,0.712720704409798,3.95924433995285,1.3296747226599,2.81802538101883,1.15283109719735,2.17554604288777,2.05358908717819,1.51455231841059,0.455798717356849,3.11792366415284,4.21056256573192,12.2505839330193,1.58875400936795,2.73985536270482,1.164359395128,2.26744774470861,3.83319040375439,1.9522065872437,1.76388598177212,2.3440717771034,6.23682840298027,5.81786455058532,4.42615213637491,1.86804261618039,4.29217008090145,0.804769995285915,1.87257630523717,0.91932257530472,3,10,3
"2506",1.94815708063679,1.39390359783506,8.94196920465888,1.1556983798121,3.49032149898816,1.36825245851867,1.7763591156105,1.18484158340674,0.576295775250147,19.0933211957713,2.55199747953677,2.24915690145146,1.9425747290988,1.2600924406007,3.42441143315197,4.89380263749,0.3747089887926,1.03167975294527,8.53962256492054,3.01065608052313,0.779369471709444,3.08666054161056,1.66396671068825,1.85336154672224,2.10197691285131,1.96751278689203,2.25051736277933,3.24076285586031,2.9668699119268,1.90415443951303,0.707605440727122,9.47346617754788,4.57068634974258,12.7219742231742,2.4358070543867,1.12291317266987,3.21298906069162,5.47625019695317,0.285710542887673,1.9690703485658,1.15207882718222,1.29024034299219,2.49697076098881,2.74009756419676,4.81674057630865,1.00616389262098,2.65171947078881,1.70802220888952,3.10847703829046,2.75042153352471,3,10,3
"2507",2.56822989444662,1.05185910439219,1.78133113470512,1.60572051466313,3.61321267284866,4.13821871516079,3.3516881128288,2.95138539093554,0.483440425203188,8.32858425723763,3.77836487180279,3.23205825704129,2.26742038601631,4.01035312030349,4.94803415084628,6.53633447152283,1.61227224964364,1.99240185635115,6.15490071803023,5.52688448938444,2.06410127050243,5.1566091941889,0.101470893123199,1.3318145916573,2.91825231467464,2.23548439446575,0.906334063729212,3.743682515786,1.63777528795191,3.04688357829424,0.551080298398863,3.68387875839722,3.62740153141847,4.46746929755793,2.04389618012162,1.67761554482272,5.44624280711948,2.50904111979427,1.957807551292,0.740201747467549,2.46189680627074,3.33208603996391,4.22922453368697,3.42106563794868,3.16994955724083,4.89049440341747,5.55431691203334,1.7949368315974,2.30930336590199,2.18879159188476,3,10,3
"2508",3.48971687951666,3.46950368419548,3.18159807225424,2.18732721696107,3.45541030565021,4.96556670096336,1.97999547248486,1.7288467109506,2.34473783782372,13.9589051470317,1.06181248952812,8.04180123176999,0.512765102421684,0.857739564977307,2.32231243226707,1.60169228212594,0.891418348986369,2.21200593054757,5.09990298171839,2.18367682267529,1.48921402779611,2.09595216977256,0.668144018096559,2.94532238277324,4.53495201127212,2.04863291353434,3.01221720275676,1.25376240545735,1.42390000210705,19.6849756601114,2.98703802667659,4.31626461117193,4.37988299901097,3.40679006516002,2.21782043433471,2.18884499150341,2.06435480327654,4.83291446131408,1.65203576819013,3.65411023555873,1.80178432215127,2.60285839930679,2.91595806292317,4.44360808506661,2.96861151720565,2.51330954039715,3.43226823957464,0.114211597523469,2.2619247910093,4.66944000234734,3,10,3
"2509",0.396557546467254,1.52985453162881,2.7139118590951,1.50788970133205,1.69847035470665,6.62019940414756,6.44448639604698,1.15781134593759,0.776906909416578,5.87052635860589,0.383009375961786,4.35759343977714,4.4869386296747,3.13224493316207,2.09185470760472,4.89635260767783,2.72350662685174,3.57850116902213,6.12695798585362,5.38643608919494,2.13456400099389,2.34505729069161,1.12268601051368,10.4248000360955,1.49751490746208,2.44991657000198,1.85620396124682,5.03937821749065,2.85393354564046,2.59142461021456,0.544203205293306,2.58960948382749,3.07944645366385,5.23879110959486,2.30123301530961,3.84372409139014,1.92483457343845,4.86940356001336,2.5493337219749,0.962378513072928,2.7342979695079,2.34759267800301,4.85468565848072,5.20432828038554,4.40758114526937,3.03400037894375,2.98552531763668,0.438876164023775,2.22931791163125,6.88168814743452,3,10,3
"2510",0.601572827312225,1.37213952707516,3.38959478833852,1.99819874756773,6.80615517909513,2.87121791479673,9.12776379696668,2.31729901991411,1.27120252706608,8.00637796581494,1.22600162042287,7.61818657604001,3.13906726333147,1.50031325875692,2.34902824070241,1.64816773595893,0.839632276261843,3.53815008056892,2.00080465821031,4.0703016401187,1.79654679704171,5.86008311600708,0.134332654017516,2.6124518699186,3.06125345610124,2.24783967938238,1.60750009308763,2.27620622898849,0.832635312740825,1.6530667321086,2.25909953311016,1.86143044126545,1.89920295055463,9.13671360719015,1.78157017776768,1.74733609473339,1.36321043750804,3.14235628659003,0.745626499154958,4.57471737553141,0.793064149332304,1.59963772725275,3.27042386754342,3.03109272594049,3.7335546114999,2.19192038844406,3.42684032480175,1.21017340307529,3.40075133192565,4.02408682790157,3,10,3
"2511",1.53464363322361,4.03109354068074,2.10944332045831,0.847259908813806,2.08754074234191,1.66057353430197,4.92901321115828,3.63236383514923,1.70132317121462,30.2928091149771,4.36786379246775,5.89858546339099,1.18183392827525,1.17943140526431,1.27133740575543,2.02513084325263,1.99469427914395,0.652322374142396,2.54661819377991,5.25464607640874,2.79506061107294,2.92637591957645,1.06556806623144,1.80511064539583,3.1717252519283,3.86438653833671,0.393748373818425,2.14700812769749,1.81089058864182,4.8787514354525,2.75154108906996,5.38209248999379,2.03076533659465,6.9131250671629,1.87034029077562,3.72483340917784,3.68165145371461,1.83967155775954,1.33952900273514,0.995748620905294,2.577632859343,2.72069105190806,3.43866256216164,2.15258674312336,2.12197750375726,3.84900632302508,4.24058454138731,1.99205799359112,2.9466218262763,2.98410302860608,3,10,3
"2512",1.94372736404195,3.2706510585318,2.18521648931973,2.58249524085226,12.051374375855,1.98690968305296,2.74337221186589,5.8567507325818,1.85495284804816,2.00278652104422,6.4746439372155,19.1840907730624,1.8297608081033,1.66387866402134,2.84336847551462,2.85325653435928,0.756862316944447,2.49168428365934,8.0631417206589,10.2977799421603,0.405776053829516,4.95509552196772,1.97817727171858,4.25429781509267,3.9368991024844,1.64109685711791,2.73810101427178,3.979390585129,0.722729086411298,2.27538204130276,0.144848561255763,5.46245378382909,3.78735263151206,4.03896484864325,0.868937507759102,1.72745798468442,3.19262301035004,0.650426314596521,0.877281432199813,14.1670283019829,4.07546434029741,1.29061401493821,4.65288313445996,4.02756650831609,4.38359250155608,1.56463764460416,2.73845388731992,0.97227576781348,2.39146357643689,5.2890941722464,3,10,3
"2513",13.4043814517468,1.94233954566181,1.93386692098735,2.35384896745576,3.13023455970003,2.42143042849436,4.2965360968007,0.713399253285077,0.924729835981852,7.40736335747743,4.00025388428281,4.69871703525355,5.00898142458205,8.36869023896051,2.40605515642865,5.31886913707367,1.52268222450223,2.61784212503594,2.10448322042283,13.0190657507637,0.679724956978363,1.71618460250441,0.738980647549165,1.77663277234617,1.15872899366572,4.16767087249152,1.93109422119424,4.61595752477128,1.13425187607731,1.71133597689599,3.28715671778974,15.5352545429731,4.56606904087601,2.80937798878168,1.79848693817756,2.07970581908557,4.25455766485852,2.26214733596251,0.563870348784064,5.7776347449236,0.516638306334476,2.20391794742626,2.43482289799285,2.29350634154917,1.83157375738286,2.53109279300041,2.55964140809321,1.05530870249899,1.95708889634974,10.8384303352453,3,10,3
"2514",1.16058839865383,0.826551318789972,2.11458207870902,1.39713035648955,10.8197890002993,1.31434380573187,2.91734601696191,2.376767663347,0.891036567662517,7.74895101787649,1.68206207759054,6.87797212429482,0.211908991498432,2.71869789137287,4.22589781793701,1.93956113703089,1.34893263695866,3.06834607424918,1.25411082114144,2.2770787750414,2.0585471462818,3.10856949261767,1.24557236429303,5.05358653848795,5.40532320733601,2.67749394179892,0.664006305797669,1.61576701250491,0.501497369431461,5.73537574268478,0.352039653166864,3.37282546575872,8.21102899745797,2.66311502554077,0.722067278608892,2.36748564951333,4.51994625819,4.77242431766107,0.713203048434223,3.12761822195677,2.75343317633457,3.49646696811386,3.56469501921109,4.5935810564439,3.6329725083374,5.90930396088027,2.15688659008629,0.769250466900361,2.85711990265223,4.62321483607694,3,10,3
"2515",3.55667257474955,2.21051474729144,3.53750892826601,0.93261375765956,11.6664847084225,1.644117660404,2.01516587397225,1.80617782958013,1.99911130620581,7.14798325565508,1.00844668373404,9.79760095292008,1.47686542882658,1.08112842709471,1.18344260325466,12.5277813275914,2.6262117804128,2.67999289071711,2.18064057533455,5.35329292384731,3.27232617779123,4.54353386996079,0.477146322902184,3.51888519645222,1.56908363250978,2.05879723027127,0.526759950786414,2.72726422274596,0.516093731499893,4.75465829419097,0.700322594077589,3.64836976505337,5.72250406703988,3.51896163811468,2.35889484699518,6.66333409437234,3.95184856324418,4.09962652337266,0.408063474436947,9.21391787507696,2.75039503829403,2.52736643341623,4.14414432825468,4.91496051079607,0.988723390242457,3.23525612981473,4.64835127214674,1.17146068213799,2.13020044704144,22.7113041300239,3,10,3
"2516",6.25073954022043,2.85440534205113,2.77451839954907,2.13687301325841,4.80030972824677,1.31332326490761,3.00748769687535,0.864243415492258,1.31258123211242,5.70345845015119,3.93804942150285,3.0416760139509,3.71976507405601,2.33553584254542,3.81243150496258,4.11671566257684,0.57440762386272,1.00127714245831,3.96772858301252,5.86722547102946,1.26342092291998,3.78355420388328,0.999976065755699,1.0657824272902,5.19384936527463,1.14744132879409,2.64352660004733,1.56351678165999,2.35574968607596,1.04679452688881,3.61567784351963,2.32825058937559,6.03236850725869,3.19135340424035,0.924743957852755,5.08011191316337,2.67727114036393,3.42020664541502,1.38832896190684,1.49484530673647,1.18447828018404,2.13790332047974,1.51220807513534,12.8318793119762,4.30927884432904,3.49160653895271,5.81814960408393,1.27085629227005,2.31756415111969,3.49109457807436,3,10,3
"2517",1.52241894897653,1.84098203237897,2.02880952567345,2.33789596773239,2.76841990732986,4.29564790706281,4.42953148782426,3.45439101143409,1.77000816292975,11.863518963141,8.43063920692469,4.01770999429813,1.49594417714122,3.63143766098021,4.81209886714869,4.79355706719685,0.682662234853333,2.53474124686918,8.60839244947523,6.99765526628912,0.859189218509783,1.402870522394,0.85553684239964,5.71174807979096,3.96039203186982,7.32651526511358,1.09047289617948,2.58244332001169,2.48382612705812,2.09322208622566,0.787926109937171,2.87456630220985,3.03019671611764,7.54637952049951,0.535230006040255,1.69328277050567,2.15906878640786,2.4319318448546,2.20897065387057,0.524531195133713,5.91793391901136,1.81172499188884,2.93905164947156,2.3804516679882,2.42468619421889,1.20938956327994,3.55762843705854,0.845158150615484,4.07968738633207,1.65311497641401,3,10,3
"2518",1.22638826849285,2.00937465076445,2.35207881998476,0.715527069224404,2.31366107808732,8.51563146227638,2.09957312110827,4.54888859008673,1.21803399945047,3.4889112915001,1.59055466285447,8.54305915205969,0.864227811401315,0.387957859709411,0.847754919290295,2.46597841497527,1.89128458563237,2.35707302781714,2.939336980695,6.95104736735492,2.25260874428643,2.59590693127077,0.71008406480117,3.79713223240279,3.20430288672632,3.52986240943658,1.08063194345971,2.2885642976018,2.69717726953599,2.37449671108801,0.599598946902569,1.56945031916067,2.22289246021576,8.59263483904193,1.06173193738934,3.58470501073524,4.73942321603597,2.12719697584535,2.68790393540711,3.65287095541768,11.0085648850735,5.13733657865603,3.2726050942586,11.8817999863628,5.23940766939937,1.88575973880929,2.27049380873376,1.7872176642933,2.33792953053463,6.96722804924962,3,10,3
"2519",0.841314938417874,3.71553444591603,3.03132619952976,2.58858531925407,2.28722030929279,2.65170837809062,2.6732681977361,1.68372500123708,0.320937811157102,9.14712325555508,1.52077555438371,2.21246068304357,3.24715996871332,9.86785838319465,1.78886657174144,2.86800295997981,0.33287221383362,2.89336595489591,7.07749251477947,4.41197049116447,1.15197349168511,4.23273570160299,2.34644960246416,6.91629932489089,4.41910607551334,4.81719551755239,1.00437957407965,2.97714713533681,3.13681915404742,3.89487579010947,3.14072402191985,6.34226975255626,5.09661426375657,3.52781116560702,1.23773917933865,12.0213086198386,0.429613604835259,3.93046458344817,1.39736069750619,1.95312152315265,2.09257336267728,2.24821925133136,4.01897573150699,3.35225006627519,4.86729312279319,2.32410091616264,2.30102183578289,2.3371362792916,1.38138452648064,2.47388570514975,3,10,3
"2520",5.13583291998263,2.44656836134957,2.68439948790741,2.05455394314764,2.03969409489806,4.61549927716187,2.28975644359746,2.33850887707813,0.871497558638689,11.8709130810572,0.759829991479246,5.12361179959122,1.43445522375556,0.940012367844683,2.60152314742065,4.46425319100834,2.53484104804624,3.83802213149439,1.99005570112254,0.821444407721669,3.17043929733922,3.96335611001662,1.22895089311569,2.76038870553981,1.43243902745282,4.22881424389976,1.41884794306801,2.06399248344144,2.99586958176524,1.3387290294616,0.504293767314643,2.35764334954423,4.05938163774359,5.07236691626369,1.99579769340058,0.292704570743853,0.829102754127114,3.01585886051742,0.71059561840093,0.906863044133134,1.6408331442498,2.85203426791645,3.5585951781384,5.82103384098088,5.49638855520843,9.43136216682517,2.25184927514131,1.90247460773572,1.82213531687951,5.14708765202088,3,10,3
"2521",2.82509070181019,0.338154799054122,3.2634478331227,1.66270124848903,4.77027121034817,3.70945637586786,1.31437760221251,0.25689845858168,1.23604192330632,11.5769386781133,2.8294307648871,6.30552791904877,4.59180411474892,1.60715096136618,2.60421736202316,2.88713508513975,3.6565180378352,0.540547642379159,7.78974436434654,8.72727432461375,1.54329153463778,3.1354007514617,1.10426679258993,2.01363420765654,2.03812836994964,1.93566663121385,0.619920531143249,2.7921384018888,0.910624669215161,3.6915629946416,0.762278472389729,7.82460158888754,2.25249254718299,2.3458403789674,1.56553539929514,1.15384214048458,2.53504808879639,1.79881932437112,0.514696045985912,1.16657904746647,1.1433554894561,3.88160219374612,4.56010977293521,8.95145249340017,6.97809304247667,7.21384336941123,2.18160591077598,0.817441089239759,1.69236157885324,9.72298640718298,3,10,3
"2522",1.03065734230358,2.10400258694722,2.16179185487533,2.64579601385846,4.51470525188732,2.42842446576873,5.5474666442167,2.68083025051825,1.78493508404407,20.728684096296,2.61020913641211,6.725175726321,2.81019133545702,2.14190380492643,1.04696722484197,8.84563600059733,2.99347194211581,1.11561853379042,2.09704569573397,3.56040847691105,0.655772222761532,4.080577014405,2.68507421768537,2.13980811223028,1.7633578770365,1.61204676939937,0.778589136014098,3.00177120364243,1.48291432263406,2.76696510626409,1.84911223151897,4.90218327976145,2.25012825778671,15.9628067905694,1.79414312229062,0.477890748045978,0.459679830286766,1.91578431810422,0.213590398405057,1.7940756157356,0.49813500983922,1.38942210567218,1.48468806887888,1.69054890241259,2.78550720572386,1.15187426609245,5.24525388784046,0.896287713383085,1.3143795827904,2.05101801745305,3,10,3
"2523",2.3211157575035,3.17321917321847,1.94699489637432,1.14871435553849,8.45451057749343,2.86656993713981,4.7160996431994,3.1639272970383,0.299743854786781,15.0651033851998,16.2354584637058,4.58710382848943,9.2147631206747,2.28986235880023,1.56549033767187,3.32687355202538,0.915118419457623,0.576790666325264,40.7232177731517,5.45860833974142,4.46501947277264,3.88226643680487,0.321627928177187,3.66019024353989,3.18380793536063,2.57988411694062,1.25617378189581,1.40540537576143,0.79708497399056,11.3160201120515,3.31439173041537,4.57169238333816,2.55555807087473,7.10610007603205,1.83214003256779,1.05617025192413,1.82650961291033,1.43848365692055,2.47036055199923,1.67972212206422,1.30624730547023,7.44364823691859,4.21962122108299,5.58097432786023,6.70538794912787,0.667010033621407,3.64040632790431,1.12649805487866,1.84859665527882,2.81431518851702,3,10,3
"2524",4.35383534193671,2.61806463244616,2.14648903443202,1.64161957262084,1.23287721532945,9.24818466962341,4.79213288575051,2.33645633617933,1.65981295010822,10.0595474182635,4.02991361986993,2.43844788027979,1.78592819412658,0.471529906229827,2.04678789526229,2.47358747733288,2.1081559990269,1.44529136395946,3.09609442129445,13.4809401346665,1.03476015916729,3.05441085737966,1.91666368516154,2.93103698105072,3.72949419758739,2.43975419864542,1.20164413015272,0.873329843320317,3.24267857569481,1.40506694560527,0.258215331282258,1.0241599774275,9.29767991280239,4.77414420783679,1.15592283182327,1.84488462916828,0.942157637447499,1.95392133745493,0.543094807288309,0.498437078851481,1.7086055605204,3.05080499872189,3.69376720130911,12.1592000061892,4.95098415017845,1.25987568592646,5.48048094481787,1.72386943350899,2.24905777856324,6.34174461043334,3,10,3
"2525",2.15542623053843,3.97673454904187,3.79652169117049,0.692986245794607,6.79651925362364,5.38175068339633,5.27778344330758,3.40691298765519,1.07814136675601,6.05741215800051,2.86171264756598,9.99472336788098,2.76613092178443,2.02440297315422,4.0844833296439,2.37408303533281,1.3173531057765,1.14862882006158,4.48036179644979,6.73772999648326,3.44698489259938,1.32128203913166,0.871136617598009,3.32832875625731,1.85746422956994,1.62417982555089,2.00875598832218,0.707829780423598,1.49568370086308,3.20139726555912,2.60763614728376,11.1306981274615,2.72355294734428,6.91749708138074,2.08154761403825,2.46840149924656,1.18377566812732,4.43172318383119,0.362950515683946,2.06908328534057,1.24811502166372,2.14546799062052,2.26965156522023,7.22394460783293,4.43071233405433,2.13194996791536,2.58202048582831,0.382279894355808,1.87419888127767,32.7910550688267,3,10,3
"2526",1.08413863398963,1.39415578879988,4.56788187150903,1.07133969534038,7.97374346782966,0.941705190094667,8.79304066752917,2.55612198886011,1.45529721312569,3.63835894614625,1.39968253071363,4.36612846469265,4.12291681038111,5.14453008644402,2.41883801132619,5.13898093649765,2.36872002366719,0.303900690184756,6.27970048248473,4.58296313197925,1.60316570955277,4.48733343594031,1.49377694265244,4.56223495871632,3.49680328553894,2.17372823383714,1.71038728075427,2.45028134155625,2.22249524584269,1.14039396026777,0.0764813157347306,2.46255455019048,2.43074524149622,2.05577522633036,1.8225105694539,1.46056433691855,1.82062212525347,4.21264025383871,1.48105407010453,4.00943314391139,1.2320621621915,3.29767175536737,3.09051980652151,27.8058231055199,10.5697034660027,4.53924217572202,3.43197886460981,0.803994798748802,1.4675568458728,2.91747075877525,3,10,3
"2527",0.682379950002366,4.1478784226694,1.61803165534255,2.08151582061514,2.92964465214215,1.84206591944479,3.67622949457347,2.01141056540259,2.76186870891816,2.55189764836515,1.67621202757907,5.38449244467977,4.98488852967279,6.66665546226644,1.3666144782847,3.02114949953547,0.522942850020057,2.10296287373106,2.3061877540893,3.03749501587516,1.32449568022637,4.03400838557465,1.14999950392011,2.07805616635701,4.0355266881525,2.90592965564012,1.60411320269057,0.911886628192088,1.19342148186826,2.51452427671201,1.76266216408037,1.82027756270655,2.05819859034973,4.9010784573109,2.04598180174639,1.14395662959392,1.78691365163371,2.27943407295469,0.869655824743764,0.370578147865404,1.09566438468088,4.61222480662883,3.20778287129926,3.27985894694935,2.08713981367387,5.38214028423979,8.8506788607561,0.660851939835274,1.27007850486449,14.6330881951282,3,10,3
"2528",2.9143011998185,2.48404722604605,3.10457704310037,0.750446684237371,2.14678617488565,3.18917660560914,4.15741846112819,2.49575123242968,1.19854722865817,3.04330448980644,2.5488893810814,8.13905980585343,3.50783417523945,3.79312309274871,3.87958021827254,4.17891945941606,1.26859557500877,1.17553844318164,1.96998089946194,5.71251005510073,0.939069534165801,3.76007632781731,1.12841300269808,6.01860404289693,3.58054788226701,3.10146726141672,1.65952389154912,1.96835852527846,1.75059201242792,1.52425236518506,1.2581038657905,4.2888020169322,3.11993832921142,4.66201249113647,1.47509407963286,3.29574646285182,1.6364723053352,2.71899775460244,1.51135647091231,4.85115569600224,1.25747904999587,3.65087874758975,5.02444294300024,16.470096166107,2.66537296278058,4.20720189859983,5.07771575232078,0.296960970569133,2.0349334416063,5.20793535063864,3,10,3
"2529",1.12047025333947,2.96223208151192,2.62620251739172,2.23289429028934,8.15693252833181,1.88421071748739,2.30074463624395,4.52533040187302,3.88859798276699,12.6267254780794,1.53989090526147,4.81670502495522,3.33011470698931,3.46063487841764,2.31203144704004,20.530404444904,2.16495157384195,1.82370380953825,5.0736361565074,8.84138099070789,1.01637276702549,3.20911460658164,0.652567827570955,2.06742398318819,4.80478791131519,1.69239151200272,2.46668207504712,2.13205046664092,1.8100558884583,4.36810263695213,0.467160420106638,10.9322207831817,7.17789635679634,4.81946905253826,1.88497759709739,0.215739888497887,1.47391734969175,3.48802060836409,2.83696283770445,0.987131310428894,1.36335976453344,7.11707984694386,3.67695057429155,28.3055532276776,3.38213910860726,2.34519180301474,3.62383663130769,0.511953930917946,3.30356821258759,4.54548056880287,3,10,3
"2530",3.15185776721952,1.00354681915567,5.27220338157744,1.41238576877764,2.26624344105482,2.84041848653246,5.18568725007039,0.913972327019004,1.8166119628613,34.284023875142,3.78715984200624,5.90799753524324,3.94526470981035,2.14034054492549,4.5322803117339,3.4693035305573,0.777460266015219,0.507864797136495,36.2361287102438,5.18723551420857,2.01172333015802,2.73727163196432,0.173152269312681,2.73816870019618,1.04673645586213,1.94824997879601,1.03332010815879,1.92223215146182,3.87324874765907,2.82447755396033,0.316051069961772,15.8738191048408,3.30413628744585,2.49193390039557,1.36768621823052,2.07677481905912,5.01364717486414,2.0671463449336,3.68748280366416,1.67113878814604,2.54540971452683,3.35789854785318,1.83453577256822,3.50997628162919,3.21226370480288,2.26396098147314,29.6580435704102,0.6538067427569,2.31398279753268,4.75471206704521,3,10,3
"2531",1.80161456196499,2.98100619749484,5.42911800531998,2.24232516671869,7.09833464174978,2.68172245090908,3.96342065185546,2.29195432929022,0.817127201321081,1.99467862016992,2.16521685541844,5.52794425312682,1.95926006867162,1.51285355851198,2.25726550480897,1.79537941537814,0.86034199102396,0.351670790151382,2.84579478274661,3.84582301484691,1.50522628182857,4.61750196970742,1.06436370511757,4.18565378508389,4.1348430221277,6.06524948169763,1.07193576034199,1.94361677479319,1.27289549145322,2.65236384358111,0.332891750037246,1.2674641711297,2.27579905964308,6.62177269180174,2.75478669602172,0.335940388901079,3.8510310409398,3.8348127725252,1.60493438870735,2.75851421485588,1.18733175598413,2.19264825551016,2.76204248038327,4.26500374858601,4.09898988983488,3.82542446552069,2.94373935621258,0.714304570785538,2.74697525940386,4.12274602846834,3,10,3
"2532",1.7550569672869,3.08647296319122,6.16314971902805,0.882692460383107,4.93695978053186,2.50798250063877,2.63410418608996,0.88996386257203,1.8921554198434,2.05303693166685,2.38587714525491,7.82652705197619,0.70151175860118,3.36493213268821,2.7128099589903,2.79071459690257,1.5591149233953,1.22266020419385,5.72384051322878,7.93870902785563,4.63498873339146,1.84709375675553,1.65381636994337,2.19167977829181,1.56962953924133,4.7526758490189,2.22419081581351,1.7801574671723,4.86754548989579,2.83490339263786,1.06630187393451,3.92478077514882,2.75633693707549,8.06004083025222,1.13132620334922,2.11074160451445,0.469751939193982,2.16812687451355,1.6172019861063,2.35695896269575,17.1026630129922,7.18227735288314,6.13048348434007,0.775724625357593,5.20453855287688,18.5577559042054,1.3269347539133,0.572327650675979,1.63723064483204,0.982305340558829,3,10,3
"2533",1.0019129598744,1.81570833320926,4.0543858484241,1.46691305160363,4.63979203868983,2.56735539846791,2.35673586788337,2.73766366662357,1.3673254942198,3.91436203342071,5.0842991139089,14.5073046757823,3.30697292729437,3.02631894762379,4.2013201619993,4.5557847865631,1.28729892211589,0.2484986432003,3.13222636449916,3.7574330390651,1.08738420197803,2.88655296259461,2.2889961039483,2.33062039488625,1.97613488030842,2.4323925277777,0.911327864939123,2.79581319258678,3.02737140633198,7.3522250246948,2.22649293220632,1.49634229027803,7.06511703702985,9.26743698883194,2.68282230185474,7.87510357793376,4.80820428347033,0.29706544352003,1.64922549400753,1.78739289199331,2.19344209379855,10.6740487415975,1.87219211886614,9.68350074152948,4.49049572924432,0.841600493777757,3.52275128027599,1.13983337048874,2.71623076127123,2.50402960418996,3,10,3
"2534",0.988684145481856,0.84109246279858,5.93667198297704,1.2499942217934,1.80046739758223,2.89603719704891,1.67708800493666,8.39709938345841,0.501923816915132,1.83877288909543,1.38049024160787,7.53536612299535,1.60726442819186,2.15032445772974,1.55166387461715,2.79041139503915,1.41467755387155,1.02083205286086,7.4222230639134,4.09317967389534,2.43890246480164,2.22525481115768,0.495476927557512,1.58866186563662,2.69768340144489,3.76838903581648,1.40313897358903,2.03970598471167,1.28799443739569,9.48088470238385,2.11184554424398,3.1601016905682,5.85774461168571,3.27278605019727,1.47022799454608,3.06914656964525,1.73304648807429,1.80692797474669,0.695273905462989,5.10282684365795,1.40462336728476,4.54371619890224,11.3978353067826,1.67032370409047,17.2945571537314,1.37758681392894,2.31229800065323,1.02468797304838,1.3529797839947,4.77699451071533,3,10,3
"2535",0.637830729585418,2.33844380249482,3.02836185735617,1.58000402817358,6.88812242879636,4.32382934868525,3.65331795079505,3.20274380088722,1.5224100735047,19.1009998858287,3.01889539499627,6.10972401330355,1.76878803307948,3.56838707787388,2.08355869552859,8.97731439566337,0.600919864130829,1.28038996613406,8.76121228655865,5.71012345779057,2.84338809947639,4.37428106759355,0.0929193071624723,4.35850839252919,2.25764562257755,4.80883442491134,0.502741156365897,2.28910722985909,0.593270517796639,7.77755656905951,0.888279339059012,7.12564519813806,3.17372955101991,5.45494928738023,1.46281045413945,1.09582036531019,2.7316229334061,4.86543339650788,0.412241661778444,1.64792576642765,1.34313075411932,9.37068007575526,4.70189445758311,2.91345448444544,1.10798149171611,5.24578227288363,4.38920578225967,1.6082109344773,1.92834421198661,4.50985366252134,3,10,3
"2536",1.28198600870971,2.32319517669817,9.87570853654774,1.65687175059281,3.33033650314198,1.47341721798537,3.69409663566698,0.979394246562636,1.18642466225758,2.59822602942271,1.2441579104367,3.61423675373086,5.88399365458325,1.11943703758139,2.32525102876578,9.24675497803936,2.45747375986976,0.261322850291073,2.33418294898852,6.22272210487572,2.36716264353414,6.35067523216287,0.92860462568981,2.99778877713343,8.73593755949468,2.1338222160428,2.19691830849904,3.19848747478077,0.982564037590471,4.16810911013157,0.82490502845414,5.76419453847225,1.86491541976968,2.19279347173645,2.46200906476735,2.66280834952602,4.95799172690294,4.25558550570975,0.88741481635278,0.741688687095425,1.07223262705871,1.40607944826622,3.81853210681695,3.97249832703551,2.78807987127756,3.15409196264358,2.67648696582031,1.93943580035207,2.14380328205454,2.56994589384241,3,10,3
"2537",2.87297301225066,4.14950191277137,2.22333125193857,2.64603672409414,1.60638996860841,2.51282379132583,0.114591534326267,4.01163685314675,1.56609419459909,8.32720450784569,1.2120690553327,3.07257398528828,0.939474928010236,1.32448486600577,2.08984890376689,7.82641984300739,1.54281616190861,2.81659913881615,1.88588819107333,4.53207794051664,2.48296508912442,3.05512791190832,0.982597321609357,1.90178346397024,2.73043917731464,2.68416623375928,1.64135033534701,2.99904676168591,1.08024662713291,0.689758327850184,0.886905096755603,6.83841949462144,3.82044847737891,4.24627158809147,2.31240335482909,1.90196218752194,1.45007056338192,3.60340946588395,1.01659133885228,5.20112894420456,5.50390315992987,3.38060418091806,1.7170942652276,7.82515002222182,7.16593266714113,2.60325029600332,28.5223555764474,0.459283995028761,2.58393440862167,2.0957475831753,3,10,3
"2538",4.41081108494815,1.69168089204962,1.46088689480106,2.95783043489273,8.09259381998886,2.311110707538,2.67412579428989,0.864343839837393,1.60788785801518,8.71551194807023,0.932996852239414,7.0534177120532,0.911536295752914,1.75956569349387,2.63976528868477,4.21009140913611,1.48407503405084,0.352408360796435,4.77140493844361,10.4741479337352,1.79101149170173,4.81353565908279,1.01861538885994,1.43602668782272,1.49898524174857,2.25163122110489,0.841148354628465,1.68587333051808,0.796274777242512,6.37549004008127,0.877020533637028,2.34646556887247,4.40448639511189,28.3800264202832,0.636121919373308,1.7019701136935,4.15729192435822,3.83400228172854,1.9838416247472,2.83647726937402,3.07241706443155,8.43079565843676,4.15795119619531,5.82659996417863,6.10645097241173,5.50811926432535,15.4553402438999,1.39579975215479,3.17226002459209,2.52158895796594,3,10,3
"2539",0.455722405929834,2.28951837586205,1.8739011912808,2.0168218398323,2.48646528204232,1.57643121370522,1.69570519657789,6.03105082086069,0.559274897496394,3.56375087217041,1.126048180632,5.16948036309841,1.045342941614,4.25647490959727,1.10204112050189,4.56740127494834,0.638149866970302,2.73860066755309,4.70283620009894,8.99804777996746,1.19929209083637,1.90098411320139,1.24331114071476,5.39984021097195,2.63619834597596,2.75352866648449,0.790075012386079,1.26404710120796,4.52703837008704,3.1755551503004,1.75853115549051,2.89953752894208,15.3658649045336,3.10300531382663,1.98997923086542,4.20505791921507,3.10813888612445,2.07434844225968,2.57504717912701,0.387259389276489,0.826576362536957,3.75044248059163,2.17176666919479,4.26097787471173,9.26550990710561,11.3121862812563,3.72081503031755,3.05034880964717,3.66024124957674,7.10411598653008,3,10,3
"2540",2.8303294903643,0.913062669338587,5.11255093928916,1.71734109396632,2.47763125465576,4.05865953183383,6.54563504820903,1.56018183825818,1.65507619379428,2.94464062988832,2.29561524679934,4.14930247320156,1.32366647128332,0.912141333664527,1.85586735080369,21.3658698381559,1.68276072614746,4.26637195301629,3.99139391195052,7.00910574390785,1.80402866720474,1.56691741248439,0.198279279003162,1.86306889069983,1.47035676535378,3.52828699296357,1.37442637052886,0.465488979289696,1.07373930777298,2.00911612841058,0.258092453853671,1.31708750423473,15.013106740714,1.96527853579228,1.31285397514425,3.18480932576422,3.79487621418273,2.40278215342826,0.259455861105517,6.47468541693174,0.89418456705891,2.77676260058308,3.93130856275692,6.46189808832663,6.10764958406572,7.29809369304611,6.20956883854927,1.50346714017202,5.74323454253542,2.00523830911185,3,10,3
"2541",1.28960809719773,2.15466735776923,3.61695019050228,1.20123484037824,2.99821810902852,3.52986412260039,6.66507424938366,1.77632547460262,1.5752148833696,6.01284287179945,3.66881392037922,2.95809132837604,0.73557672640298,0.484522021658962,3.94334056700217,5.49082054498294,3.19131991326743,5.24487476392981,2.76812731031337,4.14136301665747,1.5815306016022,3.68764731354448,0.75258511212168,5.05869940959661,1.50118375930877,2.13772595669095,2.23406018254083,1.19931383053032,5.15013525672023,2.18742332422474,2.62612405440829,6.3007720445728,2.96103747108332,4.62250383006481,1.87130272237383,1.10367838505232,5.49233374740159,3.94608792282401,1.12001786871039,1.14868225892841,9.12217769526406,1.94441828192153,5.59439106016565,4.89747521035332,2.9675689848906,1.18637900262864,2.8306883788191,0.598733139733224,1.37052577249073,5.67497915860246,3,10,3
"2542",2.87072194963384,1.22685571240758,6.00910531222937,1.49428037339253,2.60475212159487,2.5795673516161,4.25161183800761,0.249864428290252,2.50788273338814,7.87793908579674,4.0030987425418,3.71454729980249,0.628672067371278,2.94810234133478,1.64090001765133,7.90085985478387,0.866631134444354,0.338122033344265,1.30756276107121,7.97290283474442,0.851639513270569,5.05380400458597,1.91811225951852,2.67112088691858,2.74679394742361,3.15878460056008,0.475515591275851,1.84879114204645,0.796651134369963,6.62022815410428,3.13026654520407,2.55426032298246,6.77502754810901,8.77874555312509,2.43606159858305,4.92514041066201,1.96285683504837,3.29122473892507,1.82610699987087,1.60932349027305,1.12843033601442,3.64773109707547,6.56194730189407,4.4511847658825,1.56158763140108,1.78448515809882,4.16942376387946,1.00063422535784,1.91600678351143,6.76570950691791,3,10,3
"2543",1.35196296641238,1.48076971004159,4.0013701132984,1.20354243937367,2.41771799796403,4.25356026729406,4.83316805222166,4.18295726633109,0.524663581021696,4.05777590650609,2.59582048935575,2.44829527710726,1.56818181730358,2.927065891201,8.87583053981641,4.55599661524619,2.07379873270494,0.85351110434548,3.85324543622448,7.24123182142939,2.87663089968265,3.18373038135081,0.939986925867313,8.04256610433094,1.90327609373885,2.86848707456365,1.35442180680825,2.74825696403815,1.12420190883958,1.68620086339169,3.64162652211828,4.31749709422008,4.24839800513921,2.25271541026477,1.66177909934419,0.894335595013729,3.55242813458889,2.3224753174135,0.809363943455599,1.87865770749122,0.93264724912202,4.74360359958771,2.32759481608606,6.18013057215485,2.7618471780706,2.40982341612749,4.03392663710638,0.898586021317076,2.91488183556435,2.35781530303696,3,10,3
"2544",2.61961600484544,1.97188081855503,1.73668532577802,1.97677421923902,2.41272701403152,3.16370840371562,1.94706348882436,1.53234345042408,0.891719176100592,5.50746313327141,7.90447102823916,15.8778419639055,2.04563277029064,5.07800400280723,2.73395551827328,4.86926091381822,0.732467138868719,2.35666787123375,2.00574950883436,6.06425350751614,2.73756399774308,1.91909041971126,0.317701636905528,1.83438261500627,2.45802519206849,1.29450985004415,2.46562657014418,3.81892178188346,0.948655226558296,4.24036868921617,2.48963034465093,5.5664490763444,2.07172933273301,3.81539976443625,2.10316872701661,1.01425952888692,2.1714388571597,8.17123152001037,2.3237994653195,1.08255029542172,9.58070796021031,1.54324667510831,2.93017051084253,2.71054186502591,1.11725389699966,4.88484498833326,3.51594971738241,0.0776826477782795,1.9360482643341,2.64452161671395,3,10,3
"2545",0.916085931736127,1.80562949201413,2.93779876584201,1.99898396059593,5.21325686659895,3.64500389576128,4.97687593217584,0.284628920006606,2.48654361065985,6.9297106929861,3.07061279757234,7.90817728429321,1.4394750804487,0.526636483804518,3.18708672380565,3.06749943296015,1.04296510890339,0.751230997534732,3.64349620448244,1.89349194981568,1.21732452095796,4.08967001131417,0.547878201594615,3.37914362058022,2.076086064645,2.90824842720846,2.48936869803882,3.01653951804352,1.53460758382196,8.0991432229664,1.49447955929376,2.52133058369173,3.05054834459381,4.71246330468194,1.99480025724454,5.63067674523386,9.49438351033977,1.42816869962318,0.923205229215079,2.93229805329512,1.42836196917576,2.26810704346542,2.24316843695605,2.07039156089605,4.30214638039739,1.31501475827798,3.3259548627312,0.687663406244675,1.03333393584106,41.4526692227213,3,10,3
"2546",1.04811769616161,2.64086277649568,1.83579662252296,1.07743529096494,5.93639909176037,1.9325106147361,3.30254143763498,1.91330050895123,0.711693216022662,12.8566247539732,1.45449795171124,4.67361896851734,1.91270022796456,1.94660328000424,2.66501046999366,5.66428188148584,0.929839270952499,1.4093196703815,3.38796631162318,8.0939706904095,3.38430777623875,2.86952206213565,2.56974450142068,2.58856437400552,4.61431765012044,1.46904368702085,1.52102284349279,1.8606618101953,0.318722462343547,7.17199210054249,0.487659101943988,9.41748397042601,6.91240496482747,4.63522016982809,2.69702502957563,0.892994192860562,2.57915788784973,2.72865579223382,2.17029775920592,2.32120195826822,3.79893340163554,2.76215156418134,3.44631052812367,3.6644677307596,6.06913688760984,1.39695419964911,4.23998283475277,0.464485687364844,1.28193000892692,20.1501954760479,3,10,3
"2547",0.407245603350741,3.36980749789922,3.27473254725004,1.627596792242,6.85159109189734,4.46769685098104,6.40812740718262,2.2023987976424,1.64320373363901,11.7908174086462,8.57374627999553,8.39789146764603,1.71216931440352,1.50797455955624,3.86273192029351,16.2901239005565,2.06300274182748,1.35541174093124,5.21470491577366,3.14120705072507,1.8016476216732,4.50575805018702,1.56042068156063,111.842655919118,1.82607623736402,1.63279552534478,1.1297355196857,2.07640069056554,2.34686065641477,4.58738941522264,2.81800090191374,21.0689482638077,2.64873851379438,4.09556274916031,1.34312300161628,4.94872974033158,0.68169154953079,2.07285624903416,0.892441629682745,2.81486405183545,3.21448828650743,4.40958597327148,2.81593135052747,6.79259155887859,3.9260770144582,4.78231862064999,6.25918173496714,0.643411626363799,2.11858125571109,3.44617275788394,3,10,3
"2548",3.82255278900001,4.47133322756378,4.20272866990586,2.29584610664313,11.6214751243007,4.52737625364631,2.73587307344378,4.42879301463335,2.13963440986273,14.212375519294,1.39491699719297,3.93817534937299,1.7922527016056,0.967973074907992,3.52162186616246,5.40607366991356,1.42401683025348,0.474559653173616,3.42840370088584,8.75270595900337,3.9724125532722,2.76474396765932,1.37977967493289,2.10404758266384,2.05151842238217,2.96211075410069,0.762345986004563,2.40356422996463,3.29868729085955,1.82006074994367,0.152749199478093,2.3620582818062,16.2015815561481,1.67972353238214,1.32300684053652,2.28056424904532,2.38148446671827,2.63097445076556,4.04621998700106,7.14590796638769,1.04035813926216,2.09768903344998,5.74918654389318,2.96785515254118,13.37431285892,1.95823885976835,3.85248458131913,1.29897139427479,0.990112772539604,5.04097805341667,3,10,3
"2549",1.27164979415353,4.7662742357656,1.51251870072936,1.61720469840985,3.35071142989192,5.13104361881676,5.71453977048299,4.1229887705081,1.45758202977373,16.5907669549559,1.6492623890595,11.7269828938971,3.37448385109629,2.58506367285858,1.72608705258859,4.03005174179965,2.32994720854942,0.401044064755898,4.17769148543501,12.0777608371378,2.94290023327583,1.89421302326947,1.7676859552244,1.61520450295873,2.35472137007862,3.72948758023322,2.49571966374312,4.83966410964257,0.892886819199875,2.86662690548201,0.430398970963321,4.50001230260789,2.17048301755738,2.86832280896229,1.9897504111235,2.10421083530601,0.824832732349118,2.33214848092059,1.21058265489458,2.94967232999914,2.51566560929707,1.34365361172605,4.09903085375343,4.91266196914223,3.55284099716541,1.11960742375532,2.62519942677577,1.80759052030816,1.02706252415078,2.17727955675931,3,10,3
"2550",2.08203897095782,2.17541844040233,2.55563605692534,3.07159519832184,1.91751218830167,8.64026770441521,1.92398844213327,4.80722862914576,1.44930877945937,14.0055410546201,2.12448319070375,4.93110279321479,1.45213733659145,2.54042227558658,3.52092049547468,5.88983537590438,2.42839960850697,1.76615397686056,2.2976975209502,10.4191305779595,1.11502372618351,4.06222994932668,1.94622996302984,2.16938095372059,4.53760105668375,3.93720593890343,1.59699490652616,3.42755436095381,1.87918450050881,1.78205585889417,1.43605399462806,3.07056836107576,5.51289653441318,4.78927964086883,1.22516857689503,2.05006201285823,1.64638406074254,3.84256255733808,2.20808555708112,0.722232201437824,3.56873829558781,8.23938764455405,6.76887522540577,2.64558562552225,1.02681524350324,2.66731489346848,7.1482298350653,0.267646309431005,1.54533524630464,37.0090684643731,3,10,3
"2551",0.44102792703181,2.76329503616191,4.35110047303178,1.47515703866232,4.27238859713031,2.51485093078581,4.71277590085326,1.23564549506062,1.91808081588824,2.83927698178168,0.403293547541328,4.49726240050188,2.51240079135905,0.924650937280087,2.96915900538012,1.92968027853858,0.686101911650487,1.07538094015181,2.3180042980955,5.62113312343698,1.14455791827486,3.2766984838459,0.710257772300759,2.12896540573605,1.15199080397543,1.78597432003772,1.18263038395799,3.3334201021374,2.61932450354494,7.0138459273534,1.72397447589028,11.7644686647806,4.1243874998223,13.7270824756108,1.38108206519493,1.01217418182744,1.96268716042505,4.13989594761853,0.926138747938524,0.757332213184582,1.10212865867548,2.97695230984949,3.11686528271047,3.87987501343796,1.83206812377744,1.59725086839144,6.77546673828094,0.996911441584992,1.3338450763441,1.79743747671275,3,10,3
"2552",1.12256358525732,2.75029342904122,1.12527353995477,1.63601167926962,5.34233707643642,1.77975734879825,6.35456199774388,5.42779289782725,0.680874250200473,6.56101185140479,5.48021735536711,10.5007559642504,1.60265275636008,5.81582299844306,1.25844812299266,3.79035225291006,2.47026263251825,0.573515821765136,2.7661165775226,10.280766963949,2.84711610176242,0.565450692557442,1.95410513468886,3.91562485137788,3.30505278226403,3.94257722708709,1.06215100603121,3.6148035772319,0.954833831263141,2.69749023993294,0.626293512623453,3.94554383215874,3.90954228774397,4.30462492579852,1.18296881135065,0.850672759602145,2.32703967136756,3.60232381238848,2.56509104476137,4.16799950773566,5.56809237452811,3.10979128210105,8.14788706754524,5.7357720343957,2.68229133078704,0.888978784660309,6.43769569876442,0.633189318617739,1.28405496752367,2.79823360384985,3,10,3
"2553",2.65917284713705,6.05541277605808,1.39659016808953,1.73795100844185,2.41832558740207,2.11097016670786,6.0860736121112,1.03262956841072,0.770049565146836,9.95928901784376,1.88364476234077,3.737733916978,1.55074832885243,1.58524043328181,1.06863163112999,2.97364613465813,1.9113993689736,0.190944618573564,2.85265044366648,4.02537408723144,3.11638060887513,2.30572892068394,0.885254719970828,2.35404823498797,2.70587440778049,3.88457448230529,0.982980244398514,1.81768029953059,0.869384878468372,6.97005292609152,0.995564537506881,1.77804186471594,1.8577448856026,3.30895347603286,0.942878213282493,0.843420206134557,3.18111212329979,4.73044718919125,0.775333488454828,0.751693630649307,1.28210717144236,3.36327962325716,4.66838402560807,9.44972438803117,4.81975138832737,2.25952480580612,2.38705530767218,1.65151276869537,2.11677078733382,2.95786216718031,3,10,3
"2554",0.795525668043396,1.90670019419384,3.08915025086859,2.30617715763108,4.26337259583957,3.78055191364447,0.638424002205179,1.70904235773694,0.826069964367775,7.43973637102757,11.0697517476052,4.40719749071079,1.79381568069378,3.77687124300658,3.96700150202742,3.64707272317496,1.08028574724104,0.319646179439882,6.86957856224702,7.27929669840781,0.857792952363638,3.79773544045312,1.1792512208336,2.39919016791453,2.48318495055151,2.34553674749788,0.860351112833182,4.20489723495299,16.0484601126013,3.3560109155644,0.540126617681418,2.37607418358627,1.9723309684079,9.12530181789936,2.81170000944824,6.78023900265175,2.12909374864048,5.29202792627696,0.608065763341056,2.01646939276188,1.19672572053459,1.99393151133899,2.75049791708198,2.8803258208217,4.61996776110206,5.10405582148564,3.74783759431739,1.31387240752983,2.59073635013642,1.9824778098022,3,10,3
"2555",2.3499760461217,1.50348105220571,1.44724072700859,2.97121594876922,3.09042042586746,3.86302290264042,1.89993511142054,5.81446329148357,1.10746203028314,1.18128971515547,4.55881291113623,26.7668713003999,2.24665179125691,2.58896695030716,1.36317982102619,6.73939927360892,2.23805573841598,1.10784892423816,5.3821961313733,3.76183501562447,1.8254508610126,3.13600010074759,1.14927127337896,6.9592618063928,4.08842157479003,1.44696035288124,2.49505044657852,3.34003845942547,6.89359772061006,6.01982704883073,0.873661692445656,3.82986167921881,3.52035851945441,19.4303958619886,1.33197918889493,1.30837435244073,1.30825685000532,3.30838192211318,0.2212396510257,3.18552112937332,3.98219286981247,0.796915188111814,3.93204129661775,14.0012709680886,3.51763189953141,3.04233627684297,5.45370827839266,0.546156032017449,2.69663776309705,5.96656037268041,3,10,3
"2556",3.09213827025738,2.81376190045805,2.55049634636107,2.58559454759052,2.22193961115294,3.07178298308057,3.96736945338071,2.64424635003749,2.0224263588073,8.24910848567115,6.04602622281534,1.89533823482414,3.39556363829363,2.50040654724006,5.50013308178971,17.2756331914173,3.04043771518421,2.34500027907255,6.13050462155708,3.25138924053255,0.526429133009134,1.80402568948552,0.342359191718648,2.55179928896869,4.95059967501086,2.31351709086843,1.24033985299477,1.69390848744131,5.47947957437735,8.1414258650429,1.61714465784701,5.73104111818656,6.26376336629655,3.73275772086367,1.42714004892195,2.85900625233676,1.88176022246815,0.269011766130149,0.631424508226224,0.724000671774484,1.54717504060039,1.46136915853133,3.30236254623094,4.44625908387383,2.05042075807154,2.44446027624809,1.98164238155793,0.722806865308467,1.74987773426201,2.49303420539591,3,10,3
"2557",4.52218817665376,4.04520401080546,7.29622455770242,1.86757470887131,1.40690946931315,2.35026965979943,2.59028307241207,0.864632489106726,1.55778388783457,4.50652277456837,2.7372309834302,2.23757725711692,2.98480557912045,2.30495571807084,3.37522494231178,5.33544417988653,1.44955189726779,1.27658632498202,2.45418758913009,3.13087355306874,2.59879188950889,2.74008890629303,0.780442586347179,5.98477001994068,1.70066396633304,2.71423493692354,2.41811921671774,5.30161643100925,0.728556730177879,1.30400205795002,3.75000440872025,4.44677947827475,6.3486972766137,16.7296896199874,1.98296379710692,0.969355691732803,0.363762275813881,0.241680154412544,1.35030145476658,0.404571763868916,4.49589561472039,4.34778486754139,3.79165820551533,12.9566022996163,1.60658200066866,1.79433983164656,8.36070173608913,2.81547168918441,2.22522418039036,4.05553736030246,3,10,3
"2558",1.3967541127995,5.2526377007526,2.66938597416775,3.13052308695316,4.56468020404334,1.32988811825281,5.55453384727217,1.52672186111034,0.417911046333257,14.5740586486923,1.21339966913541,3.55740710534086,2.89846859191621,5.95494595952367,9.01072075399996,4.25363056117615,0.418971388670747,2.9524172613141,2.86518998182632,1.92940334536253,2.07444764513381,4.54254629111045,0.760034593754312,9.56120046151476,3.64149654895832,3.11943306647325,1.77300088251036,0.953285262501574,1.80754363798577,4.53059508394535,1.51290628503214,5.16166659234876,6.84950752887372,6.25014120365211,0.812482341072304,0.967592896841064,0.510608801622258,8.59641972190969,3.31129794092639,0.785510776208217,1.48392162583887,3.72057688867395,0.942459234444949,2.95304562004309,1.74902224006341,3.43663655388228,5.5082171537072,1.79476246618723,3.10099579899594,14.9901094107024,3,10,3
"2559",1.37589231798898,3.65851271606748,1.88101662543003,2.51082195657093,4.72770863184809,4.59825186161767,6.04928645481245,4.13593399256875,1.30290021573217,1.23905127301623,0.796702150634306,3.89319335916719,1.5454102754021,2.61421755881834,9.00599328651945,3.64647262019956,0.89220220809861,1.63244667785139,3.25180895161516,4.40683240175977,0.35802191782499,3.25047744510401,1.77510899379462,1.66985295210456,4.77582080389837,1.6617069199032,0.809613461780099,1.31466241893409,0.598787557065122,4.04090413881535,2.83426384136212,1.74155811769585,3.96933644272427,2.66368931505724,2.4296866735528,2.62862326066971,2.13616170349519,3.30699554368637,0.0553094507228089,1.7045584369502,4.16770539362688,2.81769307345005,1.78502001083243,12.6962579247791,3.47319620107094,4.68599290446793,11.2430472410738,0.775992469404787,3.0738206075491,2.84994547495651,3,10,3
"2560",2.21925306961652,5.08873970809928,7.04996678453263,2.16346134452226,2.94622742417671,3.19377227832298,0.473552698034273,1.9993360002785,0.759865097428818,1.07085513627996,0.750604357299422,5.56916870362946,2.53134014530449,0.659298170409408,2.34967472939391,3.57586401853873,0.383593814492349,1.13711858051673,1.93273298436167,4.97194512471873,3.87136274406806,1.9581177291389,1.99334226721687,1.54173438234403,1.80964762770498,3.74913220407128,2.25931905776604,3.10683303237598,1.13121503085791,2.98634966790496,6.34709580871946,1.89027782081929,9.98092696156888,3.62634394357026,3.32843879788308,1.98103597433176,4.70622012153825,1.89117548910071,2.00194720087241,0.386316196474147,0.588553110775618,2.95465086655158,2.03974795530634,6.87635101588798,1.96830464787775,12.5636064936554,40.5569752586964,1.06738389542548,3.43332559714099,4.10477241311591,3,10,3
"2561",1.29096721985016,0.714533815615176,3.32987369820409,2.09635345699575,2.00852894708355,4.00388012182761,10.9692116588786,5.98925578561076,1.37923857170235,8.74479578781698,7.38642715823697,4.64830908121232,1.36343559386323,2.78113431900211,3.16930514350491,27.5692773273097,0.297260915440843,0.171887932280539,3.41265997036388,8.28309123773086,1.3598418166479,3.020500263019,2.63786735832806,3.72720437192994,4.13311535571672,3.54069181726109,0.860836203365146,4.69803155488283,0.765585129808801,1.63561389323245,1.37201337733618,5.24697729274426,6.34216917926832,4.45809994004064,1.13386774257094,4.29012039082505,0.512871064624599,3.44161925820377,1.93784295457869,0.930271341374964,3.683672564225,2.30738292099136,3.4746680661598,4.82326265889933,2.81335005577484,3.04085470001256,0.840972298266288,1.40337470917661,1.58021055109141,2.35770621511065,3,10,3
"2562",3.50533197805706,2.69970056956802,2.90629304411203,1.49625836815967,4.03107196417719,1.56190746412581,5.81704911108152,4.90346077231655,2.07159926726392,6.74515642774043,4.16768073790199,2.42240958570827,1.03113737640849,6.51655158161531,3.70212635951848,2.5769672900122,3.41460007306326,1.98401662857269,7.84757531774966,3.71558418379241,2.3891955331893,2.16122718936083,0.74004262214954,5.95767182893962,2.4127533236171,2.70294518437036,0.572436425628123,0.929998566781441,2.39967241215194,1.32847390827634,0.651493912865577,3.93336571753458,3.72468794868342,4.12360446017494,2.13796118157055,5.62623786104996,1.8468325824696,2.57213130761036,2.05154900184986,6.45623564814762,1.75396941223548,2.47155593598214,4.67074255992731,8.35351455422366,3.88257321969971,1.70571387339532,4.23773635605562,1.69083285137268,2.19065360374822,3.41507436239244,3,10,3
"2563",1.38682407925095,4.37394917553012,5.14402759274068,1.43200100918021,3.23556698954737,3.08042742343782,2.00458393138963,5.89245335233928,1.82851919247916,1.64100237257221,2.5390504518474,5.61626147931351,4.14296888421232,0.954507053337722,2.59577441457152,3.45605667644285,1.50292355506053,0.411499288054879,1.64630412555992,3.66769105651889,1.36578107264588,1.59895706514206,0.987832476514728,3.5363024173037,1.30506888302903,1.77844559402983,1.42629232326598,2.00845053128176,0.756994286905959,1.61347594488833,1.05559657135073,3.38316622028251,6.2008624199681,3.76347427261046,1.63095445248561,0.694976164083053,6.24767455205752,1.3503900336777,2.64894632910087,4.55655459435419,2.56958847010774,5.67619417048798,3.68468822603494,13.0584429298496,2.33856369698431,1.04012976949319,3.43216930473421,0.923973610873939,0.792331712929838,21.7311646457027,3,10,3
"2564",1.42159750333735,4.2895737043958,2.31043246469772,1.52154946300377,2.02252217166043,1.04238493103352,4.33462359418096,3.98464641757863,1.6620589338111,1.07612262128412,1.66535392064239,4.81963613103704,2.22187247687753,1.90303798229459,2.6130318601281,9.87126614943907,1.48999225082058,2.39640045587849,4.37608551007224,5.50262707054321,1.81568477172719,3.62074759149577,0.647307843349018,1.41361483159852,4.45958094529379,1.83722527671629,1.47586671636252,0.960199762003029,1.11253795648335,4.17362606880316,1.8631410432785,4.5956903253238,2.30077398004946,10.5450102556223,0.707477665268975,1.44638183469653,5.55278753326784,3.92644336831176,0.643907988601151,5.07081027775834,3.29175637496561,5.07862198159714,3.77473195099015,5.43900496068351,2.97696152330716,1.31283470211651,3.19908978315688,1.38712563513313,1.67668841576461,1.84261715669567,3,10,3
"2565",1.70278246923427,4.0180833540999,4.64309344161032,1.98388293867552,2.94765444676208,3.57559915171228,6.5485951811751,3.83165416495187,0.967558038095603,2.53424954113205,1.48400545824055,3.72405781182839,5.36327014297713,1.70441492232752,5.7723631215723,2.32084311595393,0.98034215025441,0.618156163102784,2.22584598738615,5.08637259065715,1.39865015623849,1.91479390022575,0.481047109451334,2.75048156048596,2.67921149486708,2.38193332805583,2.63602696873487,1.4671310914583,0.71887265943343,2.4100644107161,1.11999604177806,1.74699802938023,0.700969012871959,6.1234861664216,0.724793199627382,2.18015354101965,2.96159289975963,3.39775936570198,1.62497219988998,5.39761843057592,1.80824097044799,6.66164636347361,3.79445499998726,2.98437211030212,4.27066474733432,4.83202767806738,3.05599416278427,1.48672534890415,5.33518627196149,5.45273808959571,3,10,3
"2566",1.64403099789728,5.74667740993695,1.42274516536386,3.73931428203141,1.44621897645324,4.40105815661867,1.96718548142837,1.73731543658746,1.61575955679367,5.59007720666299,2.37017998789047,4.87883886991023,4.17302238730747,3.71775197822389,2.75844202822659,3.97323638721469,1.99100438332573,0.498248931558728,2.98649903011517,8.58950413182371,1.33961236964945,2.73091918715109,1.3235521602864,2.19151677084279,4.91626859685464,4.41034719529425,0.804881699192122,1.12551551912083,1.84381785454458,6.61861103886837,0.20967268057018,2.95855891391568,1.63975786607478,6.40119255482257,1.77742968165643,4.97235207325681,3.78525399652546,3.75296344414547,1.489615712775,0.373265567751988,4.20665283991277,2.80418818530637,3.53214025064639,5.74077077632114,4.0067412499259,1.20490285365425,32.8909251111869,0.643311401174738,2.22157375218203,6.01041771096448,3,10,3
"2567",1.85238740865822,1.92492006317937,1.04695428456641,1.98762368713139,1.18811900905225,1.54636854776815,4.81835342294318,4.96618888313663,2.86385969354348,9.52045489766318,2.04233408892769,5.28235413647621,2.7368360286019,1.69895326509223,5.34700199756702,3.00666945077193,0.996123589923481,4.28457449651837,10.6457497953142,8.75217221225073,2.29255948278819,1.97061467789997,1.46998293675369,5.81517829924627,3.04242078994499,2.3323192173557,1.72282082090362,4.68631733916542,1.12673382550731,2.1244981892819,1.74111874979828,2.73271782559769,4.10419637064077,4.04357893856735,1.96189973524593,0.865659969647958,0.620303991299588,4.45001314276345,2.01778533002269,1.28277042642693,5.01244902183357,4.85440538806595,5.11639818562224,12.6092223198193,5.72441791003413,1.98452928643349,2.52313328944451,0.646326208089807,3.17339839227982,3.52167708053915,3,10,3
"2568",6.75069174807909,3.87167704780723,3.14739648590716,1.18695899276199,1.03466195277867,1.94391795283607,4.2066342029553,2.05246808912275,2.04783873048826,7.00636952390229,1.57768722760985,2.27090654601231,1.79337744983863,2.36289367107903,2.52173755241928,3.39681939268427,1.06947099211029,0.575138259903924,3.29815314059237,14.6211760608994,3.62498358136338,5.13504895415458,0.758267381281471,6.52489221982367,3.18276421986335,3.94392205440641,3.32537221779936,1.70240663715528,1.17655256445317,5.04090072131851,2.13320230762226,4.46512005159094,2.79724031961861,5.998946456228,2.8512878026161,8.25353530035683,4.2845635799159,1.23818180573362,0.951662250123651,1.11665263033405,1.48079054123316,5.90341268496677,0.930294238654616,6.42824210505233,3.71503296596562,1.54996507344293,5.79366571617055,0.794268816977322,2.25711718948597,10.203521666886,3,10,3
"2569",2.70616826431369,1.00477657866349,8.45035601045396,0.928125152114972,3.04189273680989,5.29805554961319,6.84869120176431,1.22802093016013,1.94268777976723,3.56830178627917,3.22831766134357,17.9518718187821,7.85002722335534,3.28264044861408,3.95339189651773,3.0848897004143,0.89197203821433,4.73195695263543,8.38359784833593,11.0331545084503,0.400645960535536,2.06464311216317,0.157013911074346,9.33671073212952,3.27174486290142,4.77557779563587,1.62820534888095,2.7775917140141,0.756922110458118,3.32122524367551,0.772175345673475,1.02313568016702,1.79212683453576,6.23039943960825,1.07641399405146,1.37318170516192,2.81375155186909,1.47094777928883,0.342443084287696,4.72121433816007,0.920322364205609,2.8082690589558,4.4304075424191,8.04249837393358,6.05682143109591,3.22972914466523,2.96913387545322,0.927929942996681,3.24087255684804,3.10153376824716,3,10,3
"2570",2.89921900629943,7.27715132286321,9.44167560084139,2.13851853411063,4.50873619894806,11.1142198362561,1.93280727538247,0.175127707084747,0.469575809518568,7.94171021902841,2.60369788359625,4.16101290743042,0.264559995391664,3.46518449599152,3.15944617476916,7.52223055686546,1.21017191938634,1.34787902767154,7.0398786494389,4.05507987378842,1.15044556612823,1.57226632514462,1.44798716648506,2.78603170732039,1.04989984431628,4.27992825445643,0.946238763806996,2.07986163173661,1.1042711378142,3.48870061528954,2.25985438977064,0.63592779685669,3.3894501834821,8.82803218979676,1.81837987471065,4.49385761740316,0.701213599764453,0.377248792243884,3.8257153906986,0.941980059544848,4.44271743293208,3.87637904605846,7.37040488045552,2.08343490523114,4.11741203903777,1.33772781615806,2.79868428476395,3.80775594534946,1.63934443882567,4.66062703425379,3,10,3
"2571",1.10894969054929,3.77328620228567,3.17804123462613,1.1842909613955,6.30128262685838,6.81662577677897,0.182507061835244,5.09782022412,1.62065165772647,4.6667621198338,2.62306017267904,5.51174327869689,0.157654658667697,0.899719878800951,1.74010095820436,3.12781056321964,1.42752908083742,2.60588130652658,5.66554893392089,3.40410059037714,1.52000648599069,3.58797265489867,1.83576327651894,4.76893380148583,2.89478361405575,1.00585544863234,1.53809855593663,2.27048077782536,1.57366031940625,2.36764029054504,2.93196052568642,3.62338502286009,3.74959152475559,3.22467792603005,1.84007050391485,5.99721406112056,3.54344011188335,2.13022767506673,1.92975105776951,1.37077233088832,1.9708157159966,2.04115393165652,2.21130993481871,3.82120088060753,14.6985901875141,3.01761883878854,3.00480104551441,0.561511136521061,1.84196197947904,3.98351939437761,3,10,3
"2572",1.23386359605098,1.97496414922185,4.24893019933047,2.33902049769506,1.8780495185208,3.34798810436344,7.7569764430655,3.75178633607865,1.10224554200297,7.75873503301739,0.815148171917839,3.37161211827474,0.837529707288959,1.97380218407972,1.59532948457866,2.65428468192964,1.58391043436932,4.17667797232937,2.27527927793207,11.1947725563116,2.47389152856464,3.49663801774956,0.848829373224989,5.13315407824231,3.95497034356455,3.31954889433628,2.66485801411595,3.25226735768592,0.797626489526055,2.53431736341489,1.20231335745103,2.70699023013858,2.09905009846904,6.17539637462697,2.74428891282553,2.63799430503054,2.5920622886105,2.95438802496068,0.65891460896943,1.09789207764114,1.9006768783761,5.85292724256275,2.61286772500978,9.6043434782515,5.95069992395483,4.79477650779406,5.24352973444304,0.808976997255498,2.29590018380723,11.8034370835623,3,10,3
"2573",0.987132710359463,1.52995981653871,2.39595546356301,2.18357530442034,9.18695786028646,1.3716862887473,2.8127788773987,2.21828675295316,1.09075284337691,2.74756134585625,0.835429600675719,5.35155384488451,1.16318237590864,1.03785307406367,2.51548223258275,4.91729228114139,0.50622319164372,3.27486074570964,2.29814399960364,5.89411958412507,1.548497309667,2.6618276898261,2.68588013545443,1.77982202944431,3.36638101147042,3.85194475559811,1.14443544404681,2.90133646506393,0.54014458370404,2.25455969300083,2.0405541916524,3.50439490557036,1.25055372810907,5.13274029833665,3.38670789024638,1.99010980466057,3.8930703507055,0.203599215942627,1.40037716970162,1.13761173401452,1.23847683846714,0.989407771700098,5.42944685446065,5.21947082649998,2.24555512157244,5.89273655634121,3.27435685808088,0.536552986326126,1.98203116328014,2.79961281968965,3,10,3
"2574",2.58440938397536,1.493774257943,1.50126536748104,2.95667896896707,4.10714758932087,4.71737822934982,1.22846978340927,1.74323775388105,1.64749209707368,10.6304332642704,2.35843913783861,5.11369511630223,1.1824381880551,3.68767510414797,2.32854874824592,3.48489338406292,1.03762789060525,2.80419167510987,5.3655702057683,20.9248345948917,1.50912109974584,2.99590239381834,1.28181476390169,7.52091351095309,1.18100892438357,3.50828001616619,0.684679877761475,1.15883252546314,0.656178314444261,2.3755893761973,2.05882879540702,4.63671594998583,3.25682511125291,10.7610588037683,1.05900107114387,1.67391763543289,1.07429049376214,2.78306313914728,0.478780591776226,1.06959453466036,3.29917298492551,3.4636708735162,5.46304895150798,2.89138041963784,2.32266832057199,1.21455767397876,7.41470009912733,0.957725498331191,2.82020559548691,6.23726479935791,3,10,3
"2575",1.52507418400724,1.77381311078377,2.42912176781009,1.38288381326435,4.28141254967529,2.27706077398847,0.102937319733097,3.02730659145071,1.12001359561399,4.29469542131576,0.615806423490924,2.17591723131782,7.01637417497435,0.783497355467431,3.89895934177796,6.19179383673354,0.573097214626873,1.59945499874686,3.12449677329658,4.6642523137498,0.997425172028105,3.36819265394913,1.40521082520387,2.51813943662835,1.95227458912962,3.67022457455994,1.88857635051469,2.67110746639945,1.30735377152396,2.62862549233834,3.3772154595046,2.69442791244574,3.81960086092135,5.25249260513233,2.8127800116544,2.70454992122726,3.92685821022238,4.5615295182664,1.3307181339961,4.50533160967469,3.96331288840425,3.370654760996,3.80122121184769,4.22199191102698,5.1241276707888,1.62250791737331,11.865728852774,1.85281440956226,1.71937522992438,7.18119587150777,3,10,3
"2576",0.620318035144172,1.85456580516061,1.85371507685088,1.71280446157677,6.06705101558396,6.08164987778866,2.35815901683182,0.624210424985413,0.627389615619011,3.78924653314556,1.80855755344013,4.13543999297695,2.21053653712285,1.67894172410699,4.20120137855864,3.40651812250717,2.8630736863722,1.84694442459142,3.33930635637958,7.44367205093858,2.5040497347286,1.74216193365791,0.942390250175813,1.35102808622852,5.79864910470816,1.45942997267368,0.361909558952687,1.65350597069251,0.383917199374751,5.41647527134332,0.13667939217121,3.22390733969789,5.59227940902597,5.99036112583153,1.50042389224416,8.6603153011748,1.69084200842553,2.16148402530348,4.13077270091671,2.38547077120613,1.45446333653328,5.50026753535372,2.28744059271375,2.75637954014855,6.40384357346659,0.758575730365441,6.31644782524513,2.58773911278313,2.38366242738443,2.3564323139192,3,10,3
"2577",2.28758442466595,2.22986872779723,5.90203447120402,1.72576193823682,1.52288272198064,3.71785444635937,1.89324376100062,4.74942798024242,1.56492245396744,2.1371841691017,2.31575654714848,14.4895654558508,2.5689899666428,1.6058567437345,3.43091375293249,13.620421212097,1.40995130996491,3.28618576732119,3.74636057985653,5.2630638566964,2.48007962623638,2.55526311973999,0.999175202600271,3.63591703272367,1.01505792344789,4.83052289644053,0.875409583433642,2.93232985327324,1.26546317661266,3.34035925811697,1.17207555048187,4.65015115230158,4.02870892356925,3.24453985239233,1.49693814584811,0.410212253105097,0.71194521800173,1.57629509046068,1.8293707829755,2.21684183659117,1.33921467547678,2.80370788359487,2.41092979761221,6.73583794071823,7.79942973483527,4.63089888557084,4.58070344614717,2.32444045580185,1.46825101079146,3.05986252388519,3,10,3
"2578",4.92340132007017,1.15606114027048,1.63958809994105,1.51678781390843,5.75617544829123,1.54475080795982,5.98750484053973,3.04823612036282,4.08465798465121,2.303831115042,1.36068537143564,3.49343311935109,0.901996312020648,1.94481568138488,2.58845311097248,6.9339435867491,1.22931403658381,2.97037624467677,5.24492189469445,4.51946880456688,0.785054703810373,3.05194041683817,0.690938860212362,3.23294622430809,5.86982966081772,2.8147385816419,2.48009230385283,2.43528902653449,3.08458027206817,1.66535355865532,0.362751717244122,3.69387201813891,1.51167209286723,6.74217769613147,1.01373435050161,3.51351345327892,4.33628620667705,2.60618372578456,1.08633845145427,1.58568497854916,4.54186193573637,4.63310688696716,5.86844601728588,4.21352551994913,4.12832857228671,2.29262614021135,3.82005568835464,1.24898219117333,2.0845243298726,2.47875835433952,3,10,3
"2579",0.554473608629837,5.16282052441091,3.92021288623652,2.17912635468871,10.3872333817787,2.85475551088987,1.87233702259852,4.5386702871363,1.37789185637324,8.47678420192142,2.54819169925862,4.64613200685119,1.78358026655925,3.92769345232283,4.20712716081666,4.71830660489845,1.15104703559736,1.15512060504421,3.62063481644972,11.0945908267425,0.375210448886485,2.4593744430268,0.655369287602993,11.1840168916221,3.06462414756421,2.00550927612896,1.59902285733884,1.6637867022874,1.62755201275771,0.735467366790133,2.17652751365597,5.17077737699531,6.4142784582437,2.66763786472501,1.7809987348208,2.838081557399,3.17985140875194,6.16325984191668,1.00832516792819,8.29917267876733,4.74938307680532,3.8372694539211,4.25240503608599,0.819678044531854,3.22250912753053,2.99040004268746,2.52119418493559,1.45722148583446,1.72006685405142,3.40073140033106,3,10,3
"2580",1.53359165690866,1.32519385579891,1.9703937027165,1.84286483891586,1.41725936352347,3.75011667995493,1.72118171004003,3.62966045720905,4.37877550829476,14.6164698981245,1.95036269944881,4.5126081089552,1.21251872518247,1.45660937302486,4.96065300801926,2.69756024824746,0.780743938099417,3.4038626202024,10.1819387018853,11.7173565887015,0.823676911181199,1.63601614729539,0.976384744067081,1.97241313764297,3.65260325036201,1.44610970960333,1.06164693403337,3.46648858155118,29.6117396447158,4.20047533761921,0.284814055887747,3.21558725337686,3.79603748890527,2.5981215270319,1.45852105515962,5.20184282769285,0.233689242458125,1.56416235038664,1.5246235278028,1.8847274238793,1.01855827140464,2.96829409858148,2.8389001573134,6.85023097755474,3.91002881957634,1.07628449612548,3.70528201703019,0.844729428155927,1.3960315999591,2.36571396858192,3,10,3
"2581",3.00419789355162,1.65556690308153,3.41427699743661,1.80313551656952,7.50237375959584,8.59292623554116,3.44860908760352,1.17910424973425,0.491370276546805,4.97932378195786,1.39188019676651,3.00552979595133,1.67555732437781,0.438508174747106,5.18892222991358,6.04849605990496,4.22415592408516,1.02650567837646,1.89281229213596,9.99639682531311,2.51516781524425,3.12156694409113,1.79206600235065,4.59571917545438,3.54036916565697,4.30785467762684,1.27809266410374,2.53813255512523,0.44885961800757,2.93552855110768,0.517307185639637,2.65421104558439,4.14936369748277,2.08976589366156,0.518159048426617,2.08978370027667,3.35059128455218,2.2638140105576,2.36850445591231,3.28812284779552,9.13083218925324,3.56774069427338,0.596899293790796,4.468826849402,2.2491042200968,1.19188918239417,7.17972336028107,2.46244364369155,2.40172996085413,1.01185440451003,3,10,3
"2582",1.08148673943994,2.02618370751088,4.22493497177921,2.6265066649268,2.42814751797053,0.753656040747025,2.60894559488896,0.810020998601023,0.737511354383239,8.58942070585372,2.23055091673201,6.82330113343979,3.20152695900305,3.19038789129304,2.14241078651396,3.16341015702334,3.33498895189187,0.213592119965755,2.22040387989662,2.15204753702003,1.33340852573072,1.68806798547177,0.108320137743751,4.70496778321866,5.11381022474717,2.23147684029616,1.03098703063117,2.29809279241262,2.40910227031574,2.33621761662436,2.05727484390379,3.86485821686601,2.4269205138162,5.09523948784789,1.75535685322889,1.91152308843896,7.73533978622643,3.1330651985061,1.40727790244815,1.46554436321521,1.66763731012755,1.11388000875577,5.49725276189264,7.06788970795454,3.06640705144447,9.81451576006406,24.7143598870952,1.34657739996281,3.63359576437366,4.29191126977431,3,10,3
"2583",1.64260155568361,3.31570526080191,1.0879965058449,1.66528355493498,2.75480559893206,5.05773497271394,9.36981922058462,2.43819605564878,1.81290212265777,8.75929688904514,1.24156812839384,13.2426542074699,2.63548369107549,1.1193975358276,1.65421544566558,2.92910031734377,1.02289756707266,1.26244272036676,5.21100828498965,5.03922893992871,1.80081169435533,2.3264919281763,1.09430434011474,1.63039762721282,3.18177969766453,3.31627869161987,2.07100564484426,3.96042727852051,0.795992666431663,1.41842448230425,1.46757233026088,2.33630322346991,2.5527543525889,3.5857835005741,1.75854393535454,3.41592655279893,2.20807131890467,4.02798454391357,0.260441537647614,6.38386455802312,1.709921778708,2.72910029113024,0.558615895923893,1.66433025578467,1.38434478028702,1.83462730536282,2.79154260203273,1.19506693980297,2.93264553517258,8.10583498602072,3,10,3
"2584",4.44260961043641,2.47576160561252,1.76608636153174,2.3287694342063,1.85845348147468,4.34229219763765,2.77094519729658,0.500911835089812,1.30533833609597,3.67972364531093,6.27157779923757,4.00982425695456,2.82102501264479,0.644447631883788,1.00389682923342,3.55692477249131,2.06601984726075,0.949474044681016,9.72234763118549,6.19061935598982,3.88781403231998,2.78180771845247,1.56373323640781,4.76917283909562,2.29612569628943,6.30488380433095,2.5014680699295,1.67552553973713,2.21380533923318,1.98090192582271,2.22098359441318,3.16001382997272,5.10772484107189,6.07069824992837,1.64232906846258,3.22285579351073,4.20532133731346,2.05149971043126,3.16736553103444,0.677611170581406,2.1854220331595,1.72346008233653,2.52224530969235,4.00265441999328,11.3607845400208,2.01928217967766,2.42417680376897,1.06905638203718,2.12944411111656,3.44760375867393,3,10,3
"2585",1.07721468794262,2.93656099331758,5.79236079342726,2.59429382202257,3.03662844650059,2.28684987037799,0.587430673745439,2.46462164958313,2.07520184108916,3.17389339372867,1.57375789636327,3.52831840410279,0.927501713513076,1.76831276186628,2.5802099335867,3.43267479546968,1.19830566260914,1.36705943614346,1.73167658388078,7.7599092972989,0.445169565048267,2.36577867184678,1.53355652864004,6.32824173749081,3.71184855394051,1.62020370131805,1.15044489153735,1.83566868313483,1.32423410452057,7.81386312930643,1.68869167760432,0.582486102269463,4.2579024578925,5.10328229519203,0.979527115665799,3.64947786763818,2.13767617266839,2.4591970425683,3.62415943687054,9.22433870620452,2.39960815331721,3.19811458286734,5.49120867866368,2.6266326559956,3.63713047320778,4.17862404435352,12.861023893114,3.15522621274009,1.52713697533281,3.13828293834379,3,10,3
"2586",2.15594234577143,6.54369448465251,3.786724186087,1.52680278517401,21.9139387976897,2.35494955262506,2.04468795915661,3.70667815342553,0.429558135553688,1.17260633109662,6.19452785001468,6.3864385059366,2.76090833397321,1.66232433179362,3.80413762325938,3.56682137676153,0.837573953630163,0.367271557795857,0.853203651787677,8.08061120930535,3.11362058279168,2.77089472089036,1.25005854599474,5.01091057389865,2.44770521402585,2.78189083145118,3.00583684184514,1.25456580970475,1.78230060389473,3.27355084671953,0.991776385353195,2.56273932247721,2.88345433725115,2.78768751936216,1.21273492974438,3.93173887040881,4.29028642754408,1.88989479335808,1.40907426330304,0.723034301654418,1.49742678630633,1.86076753476181,4.56645865273632,13.8287589077045,3.92346864671648,1.07623283380897,4.89213658128959,2.39461333118503,3.44321720333883,1.32059441740966,3,10,3
"2587",1.05734123785685,3.20341241980505,2.0122890649959,1.89216594575616,4.53907721958779,4.35650174130211,2.66936523956528,2.37067850115363,1.05486720242476,9.74422857073092,6.90588040973016,3.92548075062492,1.2864264557582,0.959679698962738,1.55342116208281,2.96572231533146,2.08290925659623,2.17670924275016,2.04752713140817,3.69604314209337,2.35528120264781,5.17488220650855,0.299185530580487,1.20255852376752,3.3014129134923,3.57802636798868,0.502195044305489,1.0448358021632,0.608263182460813,0.781098767233991,1.09578692611078,5.86822381654084,3.52052040081815,2.88842199176558,1.72287666927737,0.405245028802643,3.08969666490004,2.16408655727376,0.220600887684335,1.89994182693015,2.36423537063827,3.90085655895536,2.13646902491076,3.66112167467698,2.33614873158997,1.35706912790879,14.3533604615343,1.08923754106406,1.31964481607409,3.39137305078292,3,10,3
"2588",1.66322883739656,5.57588665502403,2.21883454445086,2.08693467212077,2.79508400822347,0.903664790883453,1.81545425621447,4.50725625539458,1.02392596435054,12.7670918042264,1.79646110119126,10.6318010655791,3.83741635328705,5.18226926693852,4.47615727858711,2.43795734396569,3.11757436661106,1.79279587043466,3.1841442291558,5.6858434779985,1.2176958110105,1.45554997310822,1.67532725598821,3.32609270762539,0.986923761117723,3.15554490178664,1.50729474079167,4.45113917658137,0.913239885840639,3.6506045415039,3.13053179208478,2.68489816631981,5.0293822665843,4.36240545002991,0.797672355167824,5.22445505847911,3.06335147219326,3.44529499949421,2.54991207413186,3.95789663292449,0.685732433750728,2.17544220643426,2.96162073902399,3.14589701675488,2.75873872131465,4.53926187252254,3.31946229294949,1.38630346118669,1.81177504773194,8.59713971343676,3,10,3
"2589",0.534949411756019,2.77276177841495,1.69875242383283,2.42756596192421,4.24754807518249,2.5440746811762,4.20879940735434,2.21155605981382,1.09785354200095,8.23673926214564,2.63838176638679,3.4392955501134,2.53237127114614,1.78489142989093,5.22209990492801,2.60828275638942,2.97598406433269,1.76749644766203,2.46624425377577,7.28420175862707,2.43165526607232,1.24128604400054,1.03838639408028,1.37604674275369,3.9924913125966,2.74360512859349,1.36177623032279,2.14757720955006,1.32252726996151,2.83327744195004,0.34327282137785,7.06704134411012,3.42119045120286,2.11578253572517,0.543457701862952,2.9267231207327,1.05441232539126,4.37949946386973,3.33759712519217,8.10703572549036,1.05681800778903,1.72577889062098,2.46672070274454,2.31489745831377,6.6857159824361,3.05318403020851,2.27694077054469,0.41570972523497,2.00818800545716,2.83911036044429,3,10,3
"2590",4.00293187009613,2.97527712664877,1.75457535277569,3.74575903980165,5.47049589171863,2.80844830125393,5.39814968090544,3.97840828745759,1.18308454984985,13.4220210407597,3.36524808788012,4.98729105739029,7.12295528828358,1.70297005687858,3.0661208432313,13.6020328784955,1.95000531171728,1.65377930711447,14.428284153625,6.2100389784117,2.38904503826467,3.26447172563684,0.587841758022669,4.30672036968757,2.19526212255685,2.59074961695446,0.779654804328167,1.5690584927102,2.06989008009057,5.29399138750059,0.803220075860795,1.8063919094651,3.37710601352264,3.57567972367801,1.03778630920222,3.04922217691043,1.70735475370307,5.27826995106945,1.94319021557541,0.707449511093221,1.26059404519325,1.72193252946678,4.55258874056125,8.80779086528318,2.29673135899717,1.24676988158594,16.0988169811578,2.66152288865973,2.72348756130095,5.88492705033217,3,10,3
"2591",1.91864473187647,2.69145004112891,0.8256956957792,0.670321169844289,4.94609689280132,8.13436318954659,3.05769387364899,1.42811142957014,1.41432847766509,16.5363074040598,2.46246357141884,9.01672944126553,3.05266225543795,1.55420663752102,4.18315098230604,10.3318770802933,1.56552791654143,1.57868695460327,6.42420404398319,3.53375652847732,2.81471007341684,2.23929653814179,0.734646713100209,2.59574326578467,2.61373264471947,3.31746733151488,0.777664291524281,1.16009218564472,1.01367638599549,5.12898853500561,0.943428788712517,4.41167415320908,2.63292963747221,7.98661828391361,0.80790594739944,3.37408470519067,2.84607145802624,1.94660888814605,2.17708591768028,3.8575433046095,7.46446751324652,2.25526165925251,5.33815235968268,3.31703508299599,3.69023711528282,7.86445303970429,1.65809573479352,0.461541380301925,2.12527578037304,3.22690982212113,3,10,3
"2592",2.60893443420095,2.0644434123102,0.873164417189849,1.76123393032043,2.46915525338546,1.46365816537269,2.00490028153589,1.22357730164679,0.869003215518486,8.99831609621168,1.2494594252247,4.95091392498651,1.16361041573293,1.79474946122731,2.96872444474733,3.82654045552424,2.86550356943658,0.160569066846551,3.90311867505655,4.12876963851296,1.31510646745306,2.72870569221426,1.52371172881004,6.14968987699107,4.10901864866792,1.32226302640339,1.25219114635753,1.25431832039227,0.610776791165999,8.90550135263246,0.651688926943258,3.58244169011178,3.64171360582106,4.26084187123582,2.27734645402754,1.92150426064276,2.91427543329837,3.19995574998785,0.419501368708988,1.02861489380553,1.45786288519179,1.66155618936298,3.1250085642469,4.43165338306814,0.850630420483523,2.79422937325791,3.10802013960245,1.93428554955429,1.588361962866,5.28465177802332,3,10,3
"2593",1.03083430324681,0.292086149251648,2.7859725854375,2.39972650716669,3.83604604850059,6.40219820945223,6.72919432270967,1.12407810672205,2.73083466500705,11.4074169169771,1.76741949469627,3.98443968041564,4.23134554956572,1.56124696134098,2.16265201634381,4.69405403044781,2.87786426102127,0.44824477006013,4.57740539898259,3.50349882080964,0.949874668793876,2.2446527386874,1.97092556889484,5.17285147013389,2.18426195756415,1.62787989677925,1.58748717184589,2.98225748614019,0.605356953371527,2.61993579129311,2.06476983007346,9.15928225899593,2.88924504920659,5.23952179383466,2.87891897557759,0.721314085923009,5.54878919933854,7.61746152835198,0.478732093667414,13.9972811986811,0.853633015720549,2.06196741376993,3.50476301710403,2.95739621546297,4.31084289309806,2.53831095976966,4.95296242807108,1.16757086479297,2.22395247261128,7.10760435191014,3,10,3
"2594",1.786283671576,1.8703229857166,10.9591467744557,2.59187651544619,4.65013543365467,2.01891925224535,3.4355906783021,2.92157115451171,2.75857891626492,11.3711530925672,1.39042048468625,14.5157433401524,4.34392178902643,1.6381805333772,6.98868652819082,7.88232546688483,1.94818376943457,0.31875168902663,2.18272049090262,3.28712446344817,2.2678309213227,7.93670537275525,0.70481518666434,3.06738807310079,1.59901538667415,2.29580047341122,2.36642365497371,2.27391872310231,2.4801234265484,1.87898766500589,1.08907690924355,1.36846680113649,2.31863007216347,4.05154610078182,1.3112243096843,4.90246392071056,2.02621221914799,2.85775800093258,1.90713181621099,1.41243670086163,5.79574511576021,1.85427109396609,2.57103280266833,5.8053307839347,10.9027060604656,3.20486819039546,4.95898500502527,0.377916376407881,2.06586364402286,4.01168777190031,3,10,3
"2595",1.06568296185716,2.55465358583391,3.06350141314081,2.14427486349214,2.73387173607171,6.06131532882527,4.05090286508885,3.93636269240636,0.972342305809328,11.0025706072975,1.7410281585966,1.95542255873241,3.57977829899905,1.43996845636785,2.89177747313687,8.47749146140295,1.40591030233267,2.29633782673875,10.476494359179,8.01604203337713,1.90904309178159,2.63472831147957,1.39810208133763,4.84312606402343,3.38088074376226,2.17521358892393,1.76984933012347,2.99129595009913,1.17880601360906,2.50297025328327,1.21874939332867,8.83467394737921,2.77484691198185,7.82637546519146,0.671864309248231,0.468989618446939,0.618090809348005,2.4700294764023,1.15798116410248,1.88319008728851,1.07560985795546,2.11990295475281,3.92355784433935,1.81146624855788,14.8982256557004,4.9281469578953,8.53477950291031,0.720353667412848,4.51862249980574,4.91028252571096,3,10,3
"2596",1.51425646231071,1.02304839950263,17.653977487502,2.23418376249959,1.63528534710271,2.52019367907224,5.47665547953222,1.57001400255181,3.21256268660828,11.5995359642623,0.980844859609508,5.77906374835705,2.24533426155379,2.55561059084427,8.20554828140357,3.7323909274969,1.93109465732575,0.633829250844511,1.17946289075128,8.41689307189198,1.33051216888045,5.56396223270168,0.568654643082621,1.37477329337888,4.16304698943199,2.60972244581926,0.961105254752248,2.55364926200331,1.0719310277056,6.34377933280714,1.15409020806389,5.28349635916768,4.40621627331655,9.13394668161966,0.779309689844683,2.7680806661645,1.48783678335377,2.54777891331614,1.76614532758759,1.80346177506769,1.41445521218012,7.40737645039198,6.2298266714292,13.7373621237115,3.28918439682714,1.14025329586959,6.2336794515477,2.74418558514192,1.51165920878012,4.34017535486909,3,10,3
"2597",2.37079789043136,1.01398226668493,1.7907177180705,2.11260793726198,6.19538083369657,0.832610704613902,2.35772013774344,1.96146032551733,1.91954890254281,10.7782418678311,1.26693187637999,4.25692403672721,2.14360951280129,2.44968460193596,7.68495441993876,2.95488287615864,1.89787019668876,0.176853301027534,4.8424176575508,0.692359111919174,1.67299790692428,2.60929924443804,1.37231670131659,1.75197844847004,4.75738597338613,2.20888910793941,2.38678216621825,2.97433276596617,0.592528776839243,2.74291388584113,1.93381041159045,2.77924225427863,4.29015231018023,8.06014852572716,0.652102656613307,0.490589493087597,1.65105340387449,0.264812491332826,2.24775652735967,10.2764792094774,4.09748809117321,2.4872174805395,1.11894775607345,12.3277166547144,2.0900826535061,1.36486265041401,3.61089740109903,2.71364731825425,4.44278937823448,2.57791741181124,3,10,3
"2598",1.99652300029763,0.829185852928633,1.34756548753282,1.92699539228971,2.96130518135798,2.8793777797093,1.66798434500261,3.98882091547241,1.91032760038553,20.9280006316067,1.60459475262112,2.21613204350097,3.39377847955161,1.06015950129476,3.32386792541717,9.4338148515629,1.27389417800957,2.4140560123999,16.6463800318802,7.68332282243481,1.94712108751017,6.5946774762189,1.24990984988776,2.77126145148638,4.94693037228246,1.4875431700603,1.52300587130346,1.30925497301257,2.56021222061692,5.56270825494894,2.4757405240493,1.26782014250204,3.01593454793626,5.38564604943582,1.08463256763391,1.40735097542713,1.4852436766935,2.55416268082897,1.1133089987389,7.13001480828498,1.10294919224478,2.13027408750968,3.4821872783194,3.67951118235215,9.2861421386085,5.13604001556461,17.5833717488297,1.33181419133368,2.53375159997486,2.33774175467836,3,10,3
"2599",5.86391067771652,1.37435442433614,4.75880047259875,0.871207908283991,3.20566174681461,2.72931224498558,2.3014396673615,2.26548451356703,2.47228066769445,5.98271544777118,0.781228134650286,17.1088383325666,2.02805998718756,0.757767200932996,1.57985122690028,13.2273671476703,0.510290848317952,3.8577078625865,5.27155283258915,3.18698511235816,1.43605262017198,1.4147073536609,0.639175179448499,2.91973283933929,2.48318479506979,1.79187179131925,2.39826647032398,0.305331378853442,1.52216783936653,7.20022660853002,0.561677388014135,6.07123875792143,4.50252783321789,2.52130420094357,0.93291820384289,2.5559550641504,4.60212214974153,1.08236832494883,0.587576325742886,1.31313043601701,4.01989065187575,1.39045676003085,4.41297446436895,5.85020827197931,14.919826417582,6.23373333936136,3.82579319432492,0.949383297142525,2.89069182695762,1.5040033957016,3,10,3
"2600",0.832217953335098,1.46604071805705,8.54397372582355,2.11712567546511,2.62668650899683,2.25343322779918,4.09516449293148,2.52162838160135,1.06223438908461,16.8842252427632,4.13387969493971,2.47269727426009,1.63455534468991,1.89071109494292,3.55710084879002,3.38017659826954,1.21966414913074,0.954483027883868,3.03189720751864,4.05989605986624,1.31654641132682,3.14123917339225,1.55125185634406,7.67335052956494,3.22386370593002,1.54649447791575,2.33617569769675,1.24239377867179,0.833646169111367,3.43038264279631,1.2413463159957,11.8072051088568,2.37492116867076,1.55901346163546,0.867191619273421,1.42448625495976,1.7132517050595,1.32799781228689,0.632330247146237,1.8270363517902,1.08805852092534,2.59339959911996,9.66026842131909,6.13537374663373,2.69648580865395,1.09165190868391,6.09461494821976,0.375841567944905,3.37964554833253,3.09173476026894,3,10,3
"2601",1.23370852209466,1.21660308152286,1.1658102993231,1.76689711305019,10.4061400462295,2.77081062081559,2.68952384098908,3.35708410230457,0.270361012722918,5.86071078703889,3.53767285068938,5.07262032866316,2.80088794385496,3.61124338315126,4.66095330686001,2.47157042503908,1.86124143358659,1.69360725393237,2.81846049107958,4.12620215209147,1.3640370757755,5.07618735891517,0.94409573420926,1.70077119612288,1.73393739733878,3.95212579931341,0.904682779222685,2.01904757163416,1.35336352251388,1.65693050146433,1.23111642975258,3.40582369960047,2.28886032280672,4.5277978294126,1.23538275767695,2.78029567177445,2.36702801363392,2.19739301163744,0.60555325870158,4.06709772031223,0.738797724313393,1.80454648316943,1.09641447104348,5.89586110711053,3.57887464981266,1.01800085340682,9.37137250718409,1.50562331365242,2.15059285127238,4.0151015575607,3,10,3
"2602",2.2055629359452,2.94011738573375,2.1340393140196,1.72817498727088,6.9953448821912,12.5105094899026,6.4541584328106,5.14524201347229,1.39138009184504,3.14397714990564,3.85279101133544,6.57416934737761,2.47436997391597,4.22545419606936,2.34033262259989,3.27639101144777,1.226284935091,1.50449031399631,3.02684869974124,11.9961234296537,1.96459075621905,5.45698397262795,1.28867840932413,1.32478241797791,2.95907289513437,3.70169903941052,1.11357224274237,1.77514166744511,1.14650265433174,3.09324651386236,0.300502824659533,1.90241429823933,2.5418034724728,4.23887091549501,2.0369855958347,1.39993567755523,0.72663288595246,1.67756770314766,0.114045331694093,1.40294975551425,3.65260934024749,6.17520416649664,3.16613449754561,3.698752659016,2.15359186774669,5.23478301911949,63.3054155194236,4.5329488643175,2.35856600547848,2.70407260315235,3,10,3
"2603",2.30319209100682,1.28231341591365,8.87801254957484,1.21421750677557,9.90613249135096,2.69668506776887,1.13758158781691,1.869451755818,2.02691476001619,4.01007566242556,2.77969875040306,2.99958095076929,3.78262473933515,1.82157929078759,5.14607285935054,4.28899608372268,1.78306071073889,1.15670121237148,5.40021228270641,6.26024630666029,0.953118293140632,5.13002711140233,1.48052561143978,7.59553938358207,1.55830013577449,1.54060075906436,0.734995756385394,2.21960554763227,0.364216452553038,2.98483943445921,1.87256838424571,2.60867016817798,2.03258301517162,3.17108484165312,1.86480807952561,1.15993604155364,2.20169856459257,2.32876590138602,1.50435037049719,3.50139073352501,1.09839835006581,3.54241017229962,2.79218285918617,3.45245839733994,3.86756670919836,1.59282610995289,2.35625968433316,0.794134771324685,1.01237325646828,7.72338464710101,3,10,3
"2604",3.31581230258328,1.37589736240541,1.53358166564323,1.14170601896068,3.65714783254895,2.24366515370284,0.926719073520456,8.53014195086876,1.18396172121592,3.89906828589765,1.39826902629872,4.26275020627683,0.6801139832508,1.11419606844312,7.73805611662649,2.1885060718149,1.42151437549052,2.45168126317075,5.31131401059627,5.45523765335005,0.899725472025579,4.70240545635175,1.99704659991655,1.77201130145197,1.8488254058565,3.14852869753257,1.39335869693895,2.25779699503225,2.77552740993623,2.97285842740943,3.76723752961544,8.88994250185444,1.99234059058406,2.18923127904388,2.70925124080039,0.847044705661108,4.89786756320157,4.47386558422594,1.50886727869848,1.76613756373183,5.38173921508294,3.81132023047372,3.73354506954907,4.24457271074978,4.09732813179046,3.08034143870111,2.06148781012253,0.916031005843395,1.62307429039847,3.8916979088388,3,10,3
"2605",1.95532385097846,3.37435039100877,1.04167870117121,1.16747707500923,6.26576447741275,2.23353384457128,0.742094516596649,4.84622352148526,1.19065601683801,5.8184152117799,2.86543232229581,8.75902954336437,0.325009150046443,1.99023044150441,1.85274625048841,1.93856939209274,1.50640779062224,1.70327652555537,3.85873848320644,5.82805348608516,2.18272656758558,5.291690499527,0.17643549272455,1.95482672914771,2.35554015512786,5.26897359638484,1.37985167793161,0.633515973911583,1.70436152576186,3.4192709713626,4.49963280942875,3.05524642402646,7.35988990876785,2.89407860145233,1.13716379202759,0.792286745358362,3.55137822988704,4.77482421809975,1.24792211779641,2.95807058365693,4.20282651382158,3.05280366829727,3.26781887034569,6.10954828283146,7.29735348102434,2.08243712031107,5.26192609727458,0.0875130044297111,2.18520771242553,2.56544414521133,3,10,3
"2606",1.07276962122816,6.63746129954213,3.33471147163006,2.08629634198731,3.65965914250169,1.87216388236806,9.85706255199781,4.04413823836467,1.30071866881799,12.1763678067559,4.69644666773934,6.4657388841146,1.57976165300167,0.454337043887699,7.41925195621895,9.46692761534199,0.66303722681858,0.913511760619252,3.01668645638732,10.34192737797,2.03593274248262,3.24984877806057,2.16811917828201,6.65299376591863,2.8685070946229,1.54955386462951,0.778650180525798,2.30669899527241,1.71691421478655,11.0734530440978,0.216485157021019,7.7503703659009,4.21811741179331,6.76108461139335,2.18755847680592,3.82974652129545,3.84527838869895,0.70189410417674,1.92606823636588,1.80403272244206,5.88479306389342,2.90778520064346,2.94598736118492,3.08706467417563,2.19849239041563,4.56656782430117,3.26322062231065,0.504019907821725,1.89372331273363,2.78129363665813,3,10,3
"2607",0.854092854091467,1.62563293964047,1.0947313547,1.97065689313655,4.48879448133606,2.35016850532458,4.29079295654544,5.08795804275911,0.681938151358363,1.17628318584628,0.720413645000926,3.57825882901484,4.34398895635073,2.86097362633692,7.13536723928455,1.78826566762932,1.35009642576813,2.6034798761748,3.08455051657359,3.96259863026138,2.10264277299712,2.63800324700516,0.608342742970015,3.20836883630672,2.3399497680367,2.93496266054892,0.902817936919735,1.37168729950679,3.65799804571253,7.30537224409226,0.824611079581302,3.95026874896403,3.07460297902691,2.57362919348638,0.775557295249216,3.52244375613935,3.52641812138922,0.55637024490206,1.24190666291353,1.82322601716835,1.61021272882351,4.80920083501627,2.29389245196771,1.56786910463177,14.6190661209462,1.56362346513586,4.83330704551777,2.77139290267168,2.4469907447603,1.47075087913897,3,10,3
"2608",2.22703135755385,1.52329158122323,6.41314620110617,1.99758979768051,6.90211091073363,1.65326756319504,1.6191520721364,2.94031566230762,2.0481189323608,22.9058453584205,5.78284027420085,2.13462770563912,2.53491946886148,1.70445665443756,4.95435207587307,2.98444508902456,1.36619687574945,1.40319725070573,13.3365128370118,3.94492113965827,1.54484623649611,3.56898597008316,2.01514049174779,2.10987049923991,2.03870621945713,2.01544396670763,0.987060509385637,3.06072364931182,3.09071574468704,5.11845450584101,2.00990179033352,4.30319466608398,3.01995149148591,2.16828475852121,1.7046071758348,2.35479423229321,1.72129622400394,2.46412904928435,0.505597313504255,2.23637447427159,3.07556379485386,3.03662652503965,4.05157855282625,3.72761886314821,4.70586469135425,2.32513865723107,3.0163075069493,2.16575083926016,1.78991800583619,1.87756947186885,3,10,3
"2609",2.31656613314033,3.41130710930963,3.03820635104667,1.50231444236122,1.3959945754268,2.14030771290004,1.73279911773057,3.14214758864317,1.35840774309021,3.8912363822638,3.66551137718654,4.74875416397131,0.608881231777529,3.47939235078224,10.5506927632639,46.9569998257022,1.48548125601963,1.05105975038367,7.47729291790791,12.9171424470172,0.937151520998247,2.96551069439471,0.923907944482033,4.97615766700683,4.68907401801732,2.26741627442327,0.9174412789277,2.99498770409699,2.60484834173079,2.62345894307226,3.47373308972918,8.77646029584758,11.1984641349903,3.89487521875731,1.71101251568356,1.25165822119397,2.18465540010674,0.516140665514671,3.61378784272641,1.00537692593037,1.55823018199761,2.24897763283192,4.94881656634827,2.9849812750324,3.31342492506374,1.4946556449416,2.98111150996315,3.53352501494781,2.79705980838204,0.886833794751703,3,10,3
"2610",1.42900183480807,1.11865132118383,1.3711401652048,1.15278140088059,2.83666091799574,1.96953212482509,2.55332212596736,2.39778346484894,1.09952922020877,9.53031803530471,3.54874497596286,3.22919513378574,1.90481153763864,1.85968105272867,2.72746506607397,2.29416439739698,1.97920433980339,0.506171998687198,14.3876929496444,4.54739536752011,1.72509933274734,2.92682897580493,1.98045171140192,1.88835036759138,2.93624050315293,5.20999529398469,1.0746246754054,3.12447433112907,2.53502736416935,4.02510489148239,0.843392438624732,2.62347497215564,2.18156516727721,6.79344573648442,1.5302943135119,5.03142772931902,0.771324637309117,7.41013528048097,0.256762237467958,2.3905194684297,3.4554136931003,1.80363417929454,1.48735847944354,18.3407720965876,1.72477772297064,2.32492201484013,3.16626323639552,1.63176076143839,1.6282254698799,4.6028856849084,3,10,3
"2611",2.70890984097033,4.03492251624599,1.55612520050304,3.22782921298859,7.25385602850741,2.43548237156858,2.42259090325721,3.68281068320265,1.26120581879775,3.95760529539987,1.71620545929393,13.6406022338257,0.636435331214323,1.14712987494631,3.91389944913757,4.67478893172434,2.58352540259645,3.80792251608627,2.36498324041442,6.66822905432088,0.984306278798333,3.34597021984681,1.86130715691667,3.01367395668079,1.65946115621584,2.18533217639968,1.15142230924676,1.6972174773062,0.373475391344503,3.406786851978,2.90481540962916,3.71285160630916,3.5102864410483,6.05772076292884,1.09109753336216,2.97209144862328,3.43706041890316,1.9085204239539,1.49633993528251,1.41162918549674,0.848610222308407,1.86865044193397,3.18159829916542,7.21892743291232,1.49155099461689,1.46583727639371,1.93750095014664,1.15660592401139,1.35588196348524,7.43263764748005,3,10,3
"2612",0.426437860162582,5.23100610420844,4.24933761533538,2.84779662015028,4.22248419496729,5.90409032718212,1.13582586771036,1.50952809411718,1.47085068297052,10.9367098449484,0.994202032981818,4.28596373505653,3.40335732116816,1.42849892572087,2.9331967401688,4.21122342841619,1.65936003328039,2.13979796381064,3.82771436768785,10.3999462186762,2.59431850451032,2.33702535288569,1.62232050021502,4.89390971200145,3.26160511739078,1.66656449539919,0.808205293023205,1.88071066973787,4.17000100485914,1.30970939126573,2.54356303953879,4.21544496432939,1.86454533753713,4.73752013675371,2.10433595449157,0.522614368690677,0.744106515241555,1.84553044074472,1.14218235752738,3.49810461035349,8.2838458527417,5.42860755070269,3.35283366219024,7.38095582441941,1.5418778234856,2.60949640409819,27.2366538014905,0.574089317514849,2.1017174870473,2.74203405673589,3,10,3
"2613",0.459332335267949,0.585522999002324,2.53155482361591,1.35928264127782,6.57697258765322,4.74338131094425,1.83259537043753,1.82947392905119,0.73494460213785,1.49850838359456,0.723457941558398,2.16934177634005,3.73157302377054,2.6824851502717,1.07296168724946,4.70511803933169,1.37395336150042,2.03604979570357,20.3253669893842,3.31533671819708,2.5765021421954,4.15721046461318,1.50182642468205,1.58410925003397,1.27945454503441,1.43188918281796,0.616680243262302,1.73051441063878,0.603935871177101,2.68171491406115,0.451916368969344,1.79188226599845,1.42932754207825,3.29456883696726,0.825921778983695,3.7088576382837,4.14170649757248,2.94153139076151,2.45909138017454,2.67316853390454,1.68664142041852,5.53425305368237,4.74726622394756,4.18140037512161,6.97821058231859,4.50669286764396,7.69611291100432,0.597777557191109,2.64565132981737,7.42590325108068,3,10,3
"2614",0.924810760996911,2.53495403789842,5.44200183467451,1.78616003088768,3.96102085303742,4.01133136607677,2.68067159839971,2.3587119091032,2.9347199424011,2.61325557205075,1.76086440125578,5.17313968751176,2.06803813434746,4.28740108846202,4.27416781627949,4.40993810897473,2.5662058086499,0.344225680161464,2.70769140426047,8.33375469375095,2.02069859869484,3.14209020284975,0.540384397998189,4.67412584908914,5.41812436813726,4.31549211189643,2.50530632805719,5.03900695891519,2.66422476424994,10.014595110202,2.37744896158493,2.52823281775247,11.224437589602,2.01948814135773,1.00213361393207,1.49343105501547,4.03601987726238,0.55149561697415,1.06428262613546,1.63281254799677,1.11746621612557,4.9990871052091,4.74578784813402,1.92026821426417,5.12262330241893,1.42810579983665,3.07055857791986,0.472022084283024,0.43999078317683,2.04573689132685,3,10,3
"2615",2.98862061250264,2.24173709074885,1.70369251712876,3.1072414532287,5.01163311275022,0.657142117459194,4.32336504111218,1.69218513305757,2.19303585466753,6.35582723565396,8.10434987635772,3.13513349393955,2.13118457880887,2.60265721576205,2.63367479596289,9.22029385143118,0.473463718808921,2.91131042150594,5.42749536464212,6.35540697431959,1.89921795769506,3.5757407860447,1.13845814900086,3.38304996490826,1.42027308970291,2.17858921783229,3.2825450669346,2.41212552848368,1.28803466159846,2.77214155711969,4.23575624330768,3.36895221600806,1.43388703842085,5.03733719720567,1.44162945836327,1.82639185502341,1.41645662021426,4.49871414855948,0.310261127316764,0.842088834367728,2.23556649027321,5.69456593571614,5.55941978636318,3.07863204080993,2.17111643116601,7.00518016447717,3.67345876201808,1.80614870044675,2.95936214250255,6.90604298801918,3,10,3
"2616",3.51831953105776,2.97496301564889,3.12429293312938,2.79409846194797,2.98686635352634,5.79174979614397,3.116151128283,5.56169106060779,2.90364526178274,16.0374486268434,0.247734769152196,6.38792441729537,1.89034954759882,2.56739033402727,2.58301101547804,4.9296523621358,0.879711303527578,3.00120866597592,6.23793971716351,3.26702713645043,2.68648707879493,1.88934080597121,1.39351127678622,3.1201159440513,2.69868506620819,2.5220470346062,0.554708049064392,2.10806275497909,2.17127210378081,2.10249013661092,1.60522020737762,1.8577122509735,3.5722624559715,2.94346033710385,1.40169160815331,0.526854473114605,0.286746863140105,2.16181280592094,2.88337611269459,2.70742576227718,3.17265795896833,3.24638401311154,2.44394448827075,15.4529435379778,6.15583768293798,2.47527773232085,1.18669841017349,1.22318381988035,1.90857713590732,8.96886768135987,3,10,3
"2617",0.509051136690301,1.23136658372152,3.93533104246207,2.38135855105783,2.7905946402484,1.39894715869516,1.41436598122347,1.74995475610043,2.49774028431878,7.16754972801149,1.66796411249483,2.00393197562307,2.60220393630981,0.614636620822375,7.9624195263188,3.64592542765131,1.57357373045204,1.37940991501847,3.62191310210269,8.7777182940125,1.84969799118215,1.3489546614429,0.567861441253605,6.68219285270313,2.71300543145606,2.25745668618456,0.756990012941929,1.57117724966978,0.530330746610999,4.11019835217522,1.57401616111541,4.72432023215607,2.74878618212833,4.04094100538695,2.05778252787261,1.72777918044545,1.05542612179448,1.60182104599765,2.88619670612851,5.11602478811,1.49883547032034,1.75867780688846,2.94443189099796,5.31572692430238,5.89006785206686,3.45442202510101,6.17799180606671,1.78339423520564,1.38181457407163,3.17240302359093,3,10,3
"2618",1.09088412346013,3.58170956556089,4.30492090175772,1.73761038265883,8.38710771286406,1.70218748716439,0.580919662980374,4.27852328820513,2.72012487372358,7.26387940123864,11.9296208574333,3.23738843225373,2.912306675998,3.38624423642534,4.13014919169311,2.11443810301631,1.99247900224773,0.974509089276583,7.10996906655989,7.54480905292484,1.60571259579905,2.79918529203443,1.99949663846178,3.06387592184622,2.46812546658175,2.18039689390134,1.77382858419686,2.03154033063017,3.49463427545509,1.35183883504267,0.500841043251277,0.717258715392163,3.5147028627409,3.9801418323197,2.09610808438499,2.55686655447048,2.86762855963467,3.85066553069243,1.08612322294876,3.71415164421377,4.19495283012832,1.45060138669237,2.00377826320834,5.51434016554097,3.80004800517595,5.06694542439567,3.29807361207384,1.66471828750288,2.49248365560095,2.09078792014968,3,10,3
"2619",0.598183928214578,1.26331874395448,1.03025707057686,1.73395187605999,2.94055086950135,6.29605429030801,3.74625257120571,1.89307735321833,2.0148058869259,5.03163725495464,12.738446560102,3.1148850774931,1.06723132351352,0.277392065868711,5.23741024748311,2.25039061036347,1.00344827662106,1.58257511166845,2.40570772681312,7.01035789951666,1.19758614895893,4.02149160888395,0.979663393966838,1.86888462940217,2.58346447353859,0.874427174730328,1.28755633920667,0.869984112225778,0.90239550150485,3.69962160714028,0.842183404918644,2.99750235091332,2.51466502640898,21.5203763673604,2.54592979329256,2.79953462126677,1.22809824478681,4.08837510758453,2.84479872488904,6.2296030832287,2.11610325011277,1.21541982687318,4.72501189800172,23.6720549201129,3.42323664901639,6.67423671977579,4.79892455300643,0.424157643035173,1.02301851126184,2.69522737720332,3,10,3
"2620",1.10219361437852,1.86623905251446,3.08806388700372,2.50414781234061,2.32892981577916,2.64749104327866,5.61673568569038,3.00665083586466,2.00371492131355,3.0340937523709,1.21657240963576,9.21102401537529,1.44483367246675,3.93365996201881,3.25417880910809,2.07810175263136,1.06938049167764,2.13392738572024,1.71991267124672,1.48948177314759,2.41886108170448,2.04049423247412,2.14548668682501,9.0165623315214,1.14808335807428,1.42960125052656,0.672177032110169,1.74283972823351,2.39523652151216,2.17870675461429,2.2044126780716,1.24054382778211,1.50400637726031,3.77385017182411,1.21610869835645,1.8202983110641,3.19614346347699,2.25655724218443,0.879553620985098,1.11150902231673,1.96356668633395,8.48121985263746,1.86884116721161,4.11015476806689,5.29021567164255,2.76148479249177,3.06096233283634,0.646992409305728,1.70538575226694,5.63433572431623,3,10,3
"2621",3.37745010274196,1.22727490440902,4.41524045146762,1.5306780750708,4.75150180405725,2.93254673298074,4.97455298122984,3.43256121074724,0.571506942772581,3.15819538387621,1.89634410313602,7.81018665892365,1.72935002823198,3.29388855425825,5.78071709287903,6.31230945022622,1.28042418204522,0.599721952327078,3.79469224322029,1.22378166999067,0.461707125467994,2.61322621932253,2.95538069662658,5.22910617882684,1.81330887786667,0.804109753316684,1.28186977971682,1.5828959505295,3.01212306802057,27.3771875678479,2.7463154111963,4.46012964557231,5.90320703674953,9.10282814684249,1.42903621819878,0.805038463603264,2.04779430607695,3.38566840558759,2.12984381550523,2.95664850885575,5.04289532153017,2.91469363399776,2.39151314074409,2.45202390892361,3.28490698912162,5.17499860407044,3.29859149678178,1.42497761532079,2.26089347315842,5.02420828677797,3,10,3
"2622",1.85784098066794,4.84559428968651,3.34754563640431,2.49481961695842,2.07708336418121,2.8761958319662,3.10026278878564,2.69659740447135,0.925686351814654,4.54143636206155,2.87842626724287,6.65628446767426,3.43332792945389,2.34325184834515,0.79317475815173,2.20412971048803,2.08912447685022,1.30570285403218,9.36785272240757,3.23209587456964,1.82657668129839,2.8527709114056,3.26677507809877,100.973191310108,3.84380498522187,2.47731077702827,1.37421238555841,2.62536416896477,1.61936646001549,4.59428108980967,1.53959351408094,1.37355828785399,1.48976583526529,15.0591401113423,1.62138120476942,1.99056182612916,0.795356047366438,3.68157906596854,0.894581720594896,1.5604001514449,0.88964665621721,1.99670374113215,3.73435688305395,3.44455576076029,3.75628537111161,5.17722063634179,3.14229787235854,1.74391768064117,2.62329857027295,3.97582546884705,3,10,3
"2623",1.16171398556735,1.42587971809929,3.2863604659656,2.60693104220826,1.64438809094882,2.60464274319039,3.71844780496701,4.40448359781515,1.57954961957468,20.4297598981307,2.76283198408262,7.97685386424271,2.36995223393658,1.57589675830853,4.78163741431076,8.05278682114523,1.96197395912321,1.44756904408949,2.65831707042857,10.0448661946881,1.37000675675831,2.04945655444507,0.162054443662817,7.9607301958752,1.55948879092646,5.04089261444764,2.45596294410595,2.72741005224519,1.2377254326384,2.4348590099672,0.684049030692712,1.85651905570356,1.9509316069824,2.92553822408319,2.23406595039993,1.23753905511792,6.72074449412327,0.685620618882085,0.669459980673309,0.463065796107815,2.01915640744026,5.00182939184732,6.98211457103433,4.19277126025354,3.2486862134128,2.24739703950915,3.29716687025039,0.704274202123314,3.57726250960415,2.11857419647753,3,10,3
"2624",1.77464062775789,4.64230600090423,15.8160861606925,3.03963878367223,6.03247926347218,2.27275995893471,7.38778706982463,2.33567859042992,1.1616733377563,2.62633308788574,1.18302126177915,6.21111210088847,4.60024264647901,1.72345452488451,2.12550940703106,3.24953037578296,1.6876598614202,0.25218167782496,10.3573625741649,4.22957732039816,2.99099002212371,0.789254260262656,0.579580115591578,4.15033688197553,2.56808352052231,1.71851379962367,1.9912115429103,0.924772990419972,1.22587234661151,5.66761494499449,0.49771053189085,8.3481280401588,4.85393200845945,4.72385556511675,0.768637608472999,0.942743549757456,0.358852399898967,3.26491001612208,1.18272482841504,1.33573043195185,1.78280660583724,8.12185251633899,2.16085611452288,1.17617001295307,5.49375787923675,2.2700244510202,4.40827373717057,0.869998335724845,1.79932942711028,5.73602693474776,3,10,3
"2625",7.90479902485606,1.77573143044453,1.68215781723126,2.2566304337507,1.77790053871603,1.09769876362905,11.3270130798039,2.11451570319525,1.00851062892045,6.14756968562169,4.87648720959002,1.76300418646092,0.549689306781071,0.61078951589906,5.35281789886226,5.81571634610859,1.42768489490309,2.03893992598505,4.82265539493842,8.72219137478382,0.375103703312123,3.88512406892176,1.88487720203209,3.13125905328795,2.78509545570085,3.7989622891582,2.35531445691543,2.6437563491197,5.4789758230652,1.23056055241811,1.14382328518425,1.21739962085261,2.02275176403291,4.45932982539459,3.00392398039348,2.84286592303777,1.82257274406875,2.47937703926765,1.25048495205845,5.28768946404434,2.72267490247067,7.14821877830131,6.44987636165415,1.57205577454185,2.9895770159385,1.5297865844536,5.75169317473781,0.95189155593542,2.52420961698447,2.89566772379945,3,10,3
"2626",7.52099625096215,1.63732191977838,2.47794167178647,3.50869794056783,5.09351810492061,3.7256623627817,4.3993624694054,2.01135412718379,2.19451009345426,5.50374985243648,1.84739008475382,5.46130954664536,4.1183184901723,4.28199364148452,11.1558582360574,4.77110940966499,1.74144730962745,1.76804890702979,4.00051273761415,5.69256492787621,3.81236987344619,5.94722364869454,0.568150301708156,3.23082851577914,2.5142719316843,0.351443727178113,1.32906071984957,1.49697511172672,3.74805619218231,4.50037276872124,0.163848274119584,12.3057929682512,5.91774379021999,4.34220061170105,3.01041267148928,1.52599831409551,3.95961531613079,2.39421962696107,2.93024007912921,1.41671548237475,1.68666109450606,5.51436320767526,2.45943973779367,3.94465532401043,6.47512779479037,1.54088348763906,2.13706782834876,0.906465781448163,1.62912836457982,1.17322978313637,3,10,3
"2627",0.414627046653489,2.0010456757354,1.74185138152345,2.08695935700453,1.9846588524798,1.41273286212866,2.53590377760996,2.45720068538025,0.241797517680508,7.58172064199394,7.32280453939809,3.61129278053892,2.48307978359915,3.52124370411742,2.26415783440366,4.63997113625517,2.12943100566676,3.93227553084779,12.6110677023448,1.55986371207176,1.85918854705572,2.55319025553341,0.72448695299069,1.75634403854462,2.87481144361465,5.4962547428261,0.987340388633319,1.96970379610417,3.78737859271539,4.36045262892729,1.88212178016625,2.10175587765423,7.33218875755772,14.8675765708934,0.83255865913652,4.71583834252282,1.98159521618606,0.572456655378055,3.77121402697491,1.72648055429725,1.23757307791413,1.5252066118565,3.40665411789513,6.30654688097974,4.60097750104897,4.31462450255036,6.53120409899095,0.454032360370173,0.90581462327666,3.92207396099952,3,10,3
"2628",0.262755622149631,3.11480772301319,4.80758898067539,1.60757267429039,2.35048931921585,2.35465226509535,2.7955455501382,2.69198534542167,1.24161291697691,13.5407732993918,1.76289994008262,6.36643275716135,2.75898422989571,2.10509633482161,7.79790080430892,5.98243311564327,0.936247889057228,1.48805700914643,7.99759405088801,2.10769604177006,4.46523301771861,4.11755423991867,0.535272824758123,4.44934648334656,4.58105437183594,1.94906775549294,2.6600565775286,2.3210671169468,5.57563375546711,3.56061823072268,4.21742877363421,5.11668005372285,2.17469533528806,6.02212239686527,1.06433355157379,2.45931177538995,0.335574900530163,2.91695870714293,0.339426655479621,4.12342862853423,3.30475699401874,4.38412504597982,7.19119604408901,4.29263941167152,3.44228650064593,3.12380357439905,4.01113144034964,0.346668692133922,2.53119008095815,3.85494011546487,3,10,3
"2629",1.24991837640304,2.45558533657943,3.33733728854165,3.48026175426905,2.64413877746258,1.90960598013509,2.88191553550091,0.328680978503038,0.987653125661793,7.53504044881564,5.60252800875434,2.33306841727189,0.225155344665571,0.877770324348443,2.00908116557824,2.44132215115659,1.38239270023745,1.38309568351713,4.17811149201319,6.029640020837,2.47458244005552,3.75398600284104,1.54087050944909,5.36191818158618,1.87508365447901,2.50474108902288,1.51065623083227,2.19901452434478,1.36878224647303,0.874646492243647,0.54487235495822,10.7060752987624,2.6552232165809,2.24869421369199,1.5272420738739,4.35027008518723,2.90909498486977,2.99620504313236,0.593684787156441,4.00664796092359,0.732009916420131,1.93600469398135,2.74977172575883,5.91422152217144,2.03024297797536,2.3316842250238,5.07256715641875,0.847604511520841,2.79111669645472,10.8417580482931,3,10,3
"2630",2.47003316304495,2.58346650243176,3.60831111692945,3.28974268501564,4.17232096133487,15.5421419640273,6.167185814723,4.61929967834709,1.76192169393421,5.93379025730117,1.62687492050029,5.72071344638788,3.22425469658269,0.247047126715053,15.69832103981,3.18704237874324,1.36990758070943,2.72020117448776,3.35255545930102,5.8901801703016,2.90367378947069,3.98432146217638,1.72599545520677,2.88584778408874,2.27849730180875,4.46755594273275,1.64873842782716,2.41764667629813,0.737448695690256,2.48909713131654,0.860440536376774,20.5219237653422,2.01803948048882,7.60435169783326,1.46698331656669,1.88006206004916,4.79044268990826,4.46426624884656,2.77216640966462,18.6314485549374,3.51488085262339,7.54449474390224,3.82056573025427,8.82095869099141,2.0891800717964,2.91159648149582,2.34999660875179,1.09294463056007,2.00644772922101,2.92274082548309,3,10,3
"2631",6.2694116155973,2.95886124663073,1.86096291039426,1.68663858291817,2.9435559648012,1.04661275931684,2.51585902448109,0.413551401123525,1.1310627331416,3.12410454270084,0.864938778905683,3.31959108533029,4.14494312825343,0.964077310908818,1.61777474078737,9.30992314926875,1.73574625118305,0.843768369934432,4.26636036354465,5.26570976186325,1.00633643405741,1.27613048767187,2.28450529790197,3.8928415407358,1.61057403591531,2.61265492969641,0.985753781817263,2.00921068994351,1.78369666614506,2.01094568190255,1.17855637134458,4.74354491801318,3.96429935751109,2.8694656296423,1.28159989742476,2.90254856570768,1.31537037226432,3.84835547415393,2.92130073109104,1.90072401039728,1.67245033158488,4.05046002055101,2.5698190359568,3.11232779395109,18.8423373614831,4.03511560358082,6.14839744949133,2.77465868093839,4.09041811903352,3.34076014223159,3,10,3
"2632",0.383082067557781,3.32305385588248,1.4389791242053,0.714220143801059,0.90258548195222,4.89776682482428,4.42005931300437,3.76980453498565,2.88154777969754,4.61912721865843,1.61421474455249,3.97723325527145,0.916610174143723,2.00131970631007,1.62377864282439,4.18940167208901,0.994609005079205,0.296442930118398,7.17390642950301,5.89072757465597,1.89746730910673,1.9311255723936,0.984609549440025,5.81579790737507,1.47620578421471,2.14079544177327,0.915687145405788,1.76941775152223,2.7710913237418,3.39170645182743,1.43163207799289,3.30568407870478,1.77852666241141,6.80111578312948,1.14560454830109,3.73517099124878,4.16887713026415,4.48420080371176,0.226960267481799,1.2291384207138,3.4458019768706,4.6767578218773,4.61186753971829,3.19954605762748,2.93875221473931,2.09940399652309,3.11505386033667,0.420657945970181,0.93717485591018,0.625947587580588,3,10,3
"2633",0.97258951209058,1.70724381542615,1.89091237835269,1.96676180718133,4.26437099708008,1.44956453578642,7.61474483273712,2.71109227395117,1.01810575742819,8.94817086214674,0.974521280448971,8.77677300692853,2.47648384548977,4.41839818905758,2.53991384157325,9.961014813447,1.11749085109488,1.92407222417177,4.23869375018514,15.5605820901615,2.85959745847366,2.96939452816931,1.71196789998119,3.73870914386948,2.89724753737136,2.21234377042072,1.93548607726157,2.02095362797508,3.30534391532111,1.99942402114585,0.259864436882352,11.3500405222402,4.53554157792478,28.8099178489324,1.64709436590846,2.47740045101678,4.09307893077912,2.90329824912428,1.01519358853573,2.59380514986292,3.12183715186532,3.3408391186706,4.51596485278794,5.57030313393427,1.52466296729003,3.40671391499839,3.72799936427053,1.0358855878895,2.35025943266778,2.98426875430713,3,10,3
"2634",1.50974359848531,2.55861515718071,6.83196651194005,1.72618304215369,3.3629000964063,1.38552188768048,3.17692643473698,4.32894029260779,0.806333481573179,5.11544185053999,5.69129168413824,6.7456958816795,3.41055431663927,1.26654780104194,4.04046185617198,3.21773297845888,1.68862919124452,0.916957018282258,11.7902766976016,3.20120514655733,2.23746150109346,1.97851370529777,1.45559297829352,8.94893415788872,2.73196149872685,2.55661275404462,1.24061000006932,0.912688668256824,3.88559575079869,3.21589639461449,1.23341905422304,3.82625497342259,5.56256769539076,4.19190829592246,3.08565784895016,0.949241900474765,0.349665618096773,2.7024369898893,0.873559205241942,1.74040381737997,16.4684959780621,4.59945413586872,2.39414238454119,18.0852238435289,2.59654432106991,1.26211041301869,5.97193435197785,0.595964201500695,2.15464447662226,7.25072507524974,3,10,3
"2635",3.36914221177219,2.94409446999118,2.49141014388704,0.927253993156332,4.18441388500416,2.52594060973505,9.9590422248968,0.586827142433345,2.51660782510503,8.89242060016576,11.5144038666568,20.3026571125632,2.15616051677056,0.58610591908764,2.51257681415142,2.4276173719905,1.76668187356752,0.646156511218026,1.75116351190608,13.8541679358238,2.48577039096294,5.42656742309796,0.622570699975786,3.31469188024318,2.13890591081364,3.53797793938251,1.21204014530634,2.82550525237822,2.13350865153657,2.53985014639368,1.23542394936625,2.06911288396004,7.50016700206708,2.83823698284462,1.59077455246154,5.51092202828072,1.90803624516159,2.7178036601884,1.43583291010403,3.85661442046374,1.63296854816502,1.44040792986603,1.26102384151392,4.49599748409271,8.0708316664229,7.73835462653368,6.30892927365002,0.920617271262456,2.89591498559858,7.37369491736118,3,10,3
"2636",1.20001336936426,1.46723120258243,5.96328646070996,5.03605462755705,10.0969114033863,2.47646466529819,7.08864001818812,3.2435266875681,1.82791503684471,31.6093010506938,0.851359124044488,2.98280193345388,4.22022144099486,1.04899040736809,3.80268869018807,2.20679660897673,2.02773467446773,4.04265147271098,2.99309773071762,3.98173561368385,1.66390131682976,4.54474487746796,2.37272610482674,3.25017989573342,3.24264839750912,2.66680313741338,0.682804130081006,1.18555933471826,0.920442637245236,5.36925666237921,0.837521411498577,2.01519826761073,5.84095345458102,3.24775739250176,2.14635440122961,1.97867149452478,0.737507848025789,3.4703491069102,1.28760819631495,0.375886043315799,0.764755105876169,3.30617847025253,3.41551767377443,4.2683466387975,6.42320636305902,3.22206676770335,5.34237500111552,1.01677730926467,1.33174068326117,1.37960438702392,3,10,3
"2637",3.67029008221859,2.17092713763798,4.90743263238561,3.52540758502287,3.24175925402619,6.15789774576078,2.98568804127842,0.90918598675407,2.44299165707371,2.97859583237066,0.800325047701193,3.02683534713483,2.22633363735474,4.0088012972221,3.74274185842866,6.02487933823733,0.814686290771335,3.46543009180784,5.92012996136365,5.54514688862183,1.33197162460824,2.14871653836489,1.33360624680965,1.4584914578293,2.86508462466724,3.72286638549468,1.79594535976235,3.66003725832041,1.22123922790927,2.24679150850543,1.4815880630661,3.32793486656901,2.27336748696999,9.0870660637582,2.42050738416032,0.50590150752621,2.18406400020217,2.8226969082221,0.244412514855154,18.361823592973,3.08132659506002,1.99773239001189,4.9846290862963,6.79292271747496,5.29288148601057,2.08814465430721,3.05935991236832,1.35909382672609,2.67947174291932,6.45939244135141,3,10,3
"2638",1.61788708228469,3.6667270923544,3.14091402036129,2.23925844534465,2.1675491858789,2.79369479121137,2.98946528644284,1.84240918434645,2.74394846764858,2.77285309752613,2.53233981733527,18.1992208276016,2.64585978804096,2.48870283632653,2.41476761408127,3.13797805741681,1.44114951740642,0.448472677865311,2.27498449097752,3.42207643945714,0.969547721877668,2.66430711958292,0.501485240357431,1.88917586454167,3.02999960797922,2.39599738348022,0.887735728533297,2.15947119854614,16.2633032108981,2.71912008758611,0.459753848420183,4.08763486798159,8.16503718498524,7.45028784572433,2.85387509941711,1.28442704341967,2.90678203175517,1.77078239987213,0.99712813894005,4.78089656296967,1.26161126951225,4.26508394030245,3.39348908908034,2.41257140752368,1.91232365342025,1.5481889860358,2.08079226916883,1.54101572429636,1.82272864924779,2.05410602993515,3,10,3
"2639",1.51984307105862,3.15747317076877,1.34034704284603,1.98208177507222,9.20067030812166,3.09195424507304,5.73953969344381,2.24127456792737,1.88388034121907,7.37421848469196,3.40643316853408,3.90125588863245,0.740697862096895,1.50809924385361,1.50742294011524,9.3175240468168,0.488431862301239,1.54009850108264,16.8900722909632,5.48883590215425,0.700960650214983,3.7444777120338,2.30281947541422,1.76794514096311,6.13698322167542,5.09695428513563,1.20576770367469,2.91391814971946,0.568494708689041,1.8665595658967,3.20328969522353,2.75363537334325,2.11735834928441,9.45433964720052,1.95149686518135,3.24830063561112,1.47803718455744,3.28923779061807,3.49424588561206,3.09360673775674,5.01538710939038,2.20932965670401,3.32998265816827,16.6790326458362,2.90145411131655,5.84100780827131,2.75676136073721,1.87330042222107,0.947640549767732,1.0146702690023,3,10,3
"2640",1.94759331211207,1.71657457695363,2.39014137339618,1.59547392397141,3.54516025589168,5.15830257894097,1.66824637311961,2.70172790801798,1.54392145632621,4.51383873837852,0.759192928427384,4.14774076480134,1.3246011336881,4.08152844336933,2.12006758257328,9.53057798700674,1.15905381739144,1.45582092382702,3.7042782065843,10.5556230255107,1.7572424653347,2.59878072730118,2.03379821146016,1.35520968935971,3.63096915482621,1.23896838061272,0.353766202398831,4.00581654313584,1.77743516697172,3.01667673401071,0.533219136712949,2.51609516843593,2.9702777578558,3.56090783041965,2.06059170534749,3.38906416393193,0.973357392327562,2.7771381582342,2.28858192676445,0.700792979828513,4.3037486335322,5.5506025189155,6.22009300560612,3.42915479341883,2.09459144973879,2.88563680880516,2.52213135832388,1.37431520980718,0.697211829992493,1.15529344877096,3,10,3
"2641",4.49258057123096,4.22592570235137,2.89925458565039,1.89874514255142,2.77143176553039,1.13663363954467,1.87108932992854,1.43916788811496,1.32859292587673,3.30109935728563,1.34585368919389,19.4812658222234,1.03534090261992,2.02584770278995,11.3493564783348,3.54770635326916,1.32219614166531,0.128833768633402,9.7316654521823,30.4868650021743,3.15427921259621,5.23387563022118,0.659605585175612,2.75425888051858,1.50517105809224,6.51676016325254,0.250725411971437,2.02724241884285,0.637302183414255,2.1749332822989,4.18215152140254,3.22050389638286,2.96703219654103,9.89627659902053,1.35842290460516,3.90828762256698,0.894486178129974,1.73228318813575,1.34753560721199,1.71806168049176,1.17310922742026,2.46185600073961,7.75671410566603,2.94447836597937,2.87541131452651,2.14028908756471,2.49044932708245,0.626224718558641,1.48210512972064,4.23583960677767,3,10,3
"2642",1.12481868511155,3.56411420096503,2.57014587706981,1.79776589828166,4.53290032050803,1.96772316723488,1.37387897643859,3.18585855792889,0.218334840942246,14.1198843866521,2.60859202647331,3.13240827133866,1.14470825831132,1.88774879482887,3.81403885436961,5.46016403776363,3.77216814573121,1.82188396895253,10.202142938692,1.27588754531077,0.460256517122033,4.14885183917549,2.15342862707954,4.04708028080679,3.88605256114563,4.9076130288743,0.947145021083243,4.21828276711631,1.1041408919924,1.25713752805557,2.13383554861835,3.70511198322247,5.54625238065365,8.4622253050688,1.95285436778128,1.93204117970005,1.67248560473123,2.6192052213016,0.547521119267547,4.04253241412635,0.546353391816514,1.47998163906814,7.00646122586943,4.9195798200323,4.42487572793039,2.03405483451471,5.8235885356625,1.03246977305378,1.64012017908983,4.44409062585873,3,10,3
"2643",1.55137562055537,5.95775535579338,1.24261871411099,0.83722173582698,3.34966679235755,2.21038835047299,6.46213929703346,3.29634151101692,1.1601968736602,21.2052575734866,0.791923470942167,6.54664562602953,2.63264719507476,1.9832294501457,1.48085919113945,3.51121376873693,0.641705792184128,0.579905981217268,2.82631962634191,2.21731311119601,3.31994323058507,4.94981359424937,1.41277338920171,2.84176434795944,4.06253820136904,0.625144666399456,1.95501261050784,1.9254876965054,0.857984545530259,2.93197958403033,3.08078218649347,5.70581792354993,1.481924547836,2.12926258585221,2.63991137544666,1.97578829460398,0.49299634770427,0.383288159715615,1.87540358369584,2.04406263924731,1.53497283822329,3.68070606471782,3.66325639222906,7.75132839836271,5.0336195374059,1.570822606638,3.29745271431812,1.71189208297091,2.34281832673111,2.51572395948876,3,10,3
"2644",0.89559666778599,1.71939175817123,3.15950013668075,2.62413865859639,3.99203876916591,2.98134093597183,5.05672873204666,2.34180399310687,1.61596585317166,21.5995580477393,2.27193217394695,10.3519282687732,1.07681941239999,2.36188458776357,1.31913928869493,4.60171458178649,1.67795084209336,2.67716803423646,5.99822448311993,6.58499688277074,2.02673746435637,1.16380214697185,0.787612424282884,4.50169009891652,2.49958087982018,2.46970930602925,1.04001554494785,1.366268975284,2.58031572781465,1.75567580504553,0.98902939791318,2.30460621316967,3.30762654152781,4.4623119521492,2.52534500889547,0.159046401453174,1.72079445104341,4.81503539118065,1.3785687722627,4.27775271816995,4.33113091579538,3.88735340677692,5.50824454511512,5.98979337485973,2.18694682798679,1.29508592552984,3.32911156095717,2.20453253440792,1.97758769241138,2.63919482554937,3,10,3
"2645",1.65576147401462,1.97235754881212,2.40685099523652,2.79413030004458,2.87243006171921,1.59878246866442,4.16552549626551,2.62740510212543,2.17689880644171,6.01158080457949,1.21743053846575,4.24806909146748,3.70331417816773,2.33586229445794,3.26717742032926,6.15056056334217,1.29807672776225,0.393163626378919,2.28816219432731,7.35803662900966,3.22402013357095,2.65970883221813,1.90467541103898,1.07264386433381,3.66529828459428,2.50544540984708,1.06880279403156,3.51670066068625,1.065448298422,2.24609466183337,1.24492534710702,3.47452340231069,2.27539099007337,5.15670339508635,1.43932683382499,3.73477288388607,3.30968581358834,2.88818841346499,1.41386171414522,1.23371968437032,2.12638521297579,1.33733022023323,1.85585271415454,5.02725434155143,12.0129323414674,1.26478911520558,6.08106733039932,1.30965652168522,2.78348253217689,7.55161075166409,3,10,3
"2646",2.0405641031237,4.93625107258308,2.47304128969308,2.36715290548863,3.98715532499762,5.90688799440247,1.42056397265333,1.40977598856634,1.78495866869153,14.1875651641462,3.23050201772206,2.53364716142432,2.8720434201765,3.44365471109405,1.21440216334345,4.19489333153171,1.29774398228699,1.80751908979477,3.4384275843399,3.95982618960937,3.23626768413251,3.84433829006291,1.56855730399783,4.30641654400637,3.06765090830582,1.75447598882451,2.77492185706076,1.22020004881377,0.975660932991448,5.4569548148666,2.68150345954359,2.44618305363872,1.40667800976689,2.02782432043674,0.710759196394214,1.25082455032018,6.49912722090176,3.61453680894383,0.449935259684433,2.40273467428156,2.47355148836068,10.0950420910047,2.58473800548461,3.83254594044859,7.14436001020124,1.31429899713763,3.45555732106654,0.652638587126867,2.38031649698714,6.14363056852589,3,10,3
"2647",0.734691026051572,3.35517351821764,2.75450956835786,1.63807777549745,7.81213803732299,1.84100137819622,1.6773122810505,2.71834556817145,1.89872423554172,4.54820524467811,2.94701677803801,2.61140368345183,2.13622631961859,2.48958103286927,1.23712210023516,3.73644917456949,1.32474350683723,2.82671231698192,2.98773418054624,0.931725030044909,3.14070634614267,1.11615327306992,1.30522448784303,1.44797081350258,1.89697389341907,2.31558294001416,2.29229175377354,2.21004827363689,3.27146023845555,4.35176150888727,0.836610120161078,3.13526011376307,3.01911483038982,3.69547088566783,1.83233495131282,0.653688002919047,4.42912623457014,3.7427068467576,0.628350412197594,1.16388051495817,1.46625532069075,1.7718390327017,8.58160073486939,18.5852905209341,4.52349803891475,3.99160912849514,3.51545636434071,0.305734633679839,2.72490439319619,1.25596847325791,3,10,3
"2648",1.59711464597807,3.44703313199974,1.39852515868583,1.87262772956499,3.7212348218065,3.33844001596463,3.41816342773187,3.52567973290514,1.75595204010187,11.4030968058027,2.25991976752599,5.6512338302429,2.6980488323851,1.79717065795,3.65966163069869,7.11472416969764,2.91404966469332,3.04466123930693,1.13271893122422,3.40259565464608,2.02553030089855,3.376742540757,2.07716065866875,3.23541526413428,2.82426943183475,2.93454182904861,2.14394087015489,3.10610333177932,3.55391652625068,5.49273580790878,0.54461524284866,1.71931443982415,3.20141732253953,2.21361234236033,2.31267744345961,0.624002844262999,1.64565858594082,1.6359778568496,0.281244131543739,1.50467682204591,3.48417654477258,4.22020837461102,3.13916639433831,11.1742403551172,3.70385310462191,1.56238606814377,6.87190777168481,0.613659685661398,3.14693713085506,2.96786487389721,3,10,3
"2649",0.641840188583211,1.38416026584256,3.52006183492551,2.06143422982002,2.87883675049992,1.80264097858325,1.67270179796622,3.31898216134496,1.3176776248776,10.0780401707781,1.64143519564309,4.62901097155828,2.48493354143827,4.44076388680772,2.20999472497459,2.84315869904754,3.30677529557575,2.86450710338438,2.2154978460572,3.85493563592276,2.91594792547263,1.40236995094782,0.474617127097565,2.57541136571734,2.06886370157268,2.548193946562,1.35001703590404,4.14822006886842,1.67060317234334,2.8645624449568,0.197481531040538,1.41622033766509,2.72955913638763,4.90891111808161,1.91115432168636,1.76691438927823,1.46479093053643,1.7765898080929,2.04368422359869,1.1809305954442,1.58238217890481,2.18745157069297,5.25959756406611,5.05697036221468,5.98104999530909,0.961504416746026,3.03295090525682,1.94081528440862,1.74900528415367,5.60248988536975,3,10,3
"2650",1.66131233420721,2.71767049293657,1.69349969754979,1.906592321278,1.78559360094308,0.946047997003799,1.56181983973635,3.03957530777633,1.40841726514713,12.8451502741086,2.3414531686843,2.87845183783788,2.16534795827898,0.821689669428189,3.96766603760476,3.62405099781253,2.05342051579598,1.86528148752653,2.3681982787712,3.00442835056192,3.2430321720446,4.01201341001951,0.0844991250101983,4.79308072191869,3.30544720980796,1.44618901482738,1.4450552163527,1.61193044292413,1.27936034688906,2.76911857633925,2.94441825058218,4.39026686082922,1.76419263266848,4.85371417286335,1.18406786774267,0.983550562503594,2.66404739536218,0.855516296897403,2.5918814183539,0.980491904922855,9.72738197385823,2.71018544767699,3.62208655372418,3.59838974542247,2.00912145336527,1.27739930506703,11.4317261189679,1.95164629618552,2.07312643627364,5.70488879633523,3,10,3
"2651",3.71604224381096,4.15312591415002,1.62568820145283,1.65676315304918,3.16627080800266,5.51372709572448,1.99637423836754,2.55373045178773,0.521814006971815,4.72251566368861,6.59272378564598,3.34940706125593,0.711485929129596,0.979940579725091,4.80738115299911,3.19966063300109,2.51842690841439,2.32889631821283,4.64764860630885,7.25018768559796,2.7094491851553,2.40168497358086,0.918089129331009,1.17992360338247,1.41393804682451,2.78353044815293,0.848846352417907,1.09389106145536,1.27092731584793,3.35136666099787,1.66065735723114,2.2738651135948,9.5586158651962,5.69324151666418,1.84034424244239,3.85594019279533,1.97974803107198,0.744239919268551,0.964904004099276,1.96491061337619,0.863416984874943,5.57292731089461,6.17664812839553,4.03457983777449,3.35998929950131,1.47200550262692,7.18508932630248,1.01202719366499,2.46780098353219,1.59268230232067,3,10,3
"2652",0.446840455238839,4.1532895851707,4.87483550183383,1.13105740513667,3.8340470845073,2.46603162363917,3.086282562006,2.26433978863859,3.18445220864031,6.99118382907212,0.732969292217494,2.42973626269938,0.732609834165852,1.63029397547705,2.00569019599671,6.69937503139141,0.792888068236108,0.315301960803896,9.85537507276114,2.59635553027594,2.73677397442307,4.63192279031227,0.129451470583212,2.54081692960424,2.46911327956987,2.901818714415,1.14902071301391,1.01580573646313,2.51845896183522,6.98457148439186,0.396405589077154,0.690907965232763,8.74925753269896,4.76282590110963,2.84053703917577,4.23450650222408,4.64137014682292,3.69496888569547,1.43931075273077,7.5189693845145,19.7112749776846,11.2650930019944,4.32201551525167,7.57901966079547,2.97812666877369,5.40889051209596,3.42698493431431,1.09255718733804,1.73379928333563,2.77189103640507,3,10,3
"2653",1.16095035207191,2.23851256028468,2.35373700601688,1.59029337363897,5.0621815723611,2.49357067266673,4.40805221910581,2.51101449293148,2.03171757243537,4.47606629870218,7.03151670211883,5.17320931253703,2.38388187416509,1.84517839581363,7.43753096037339,4.56006529801719,2.00746678842777,4.77602890207143,4.01715845411633,1.35066096881714,3.31507082224755,3.8134531180231,0.986838259900033,3.01026720147218,3.87821333484179,1.50943904820827,1.5195008765826,4.37920945195151,3.88246811435502,3.92372760923282,0.408348993372436,2.68706273231518,2.90579386168498,12.7831529246942,0.95875832681211,6.45131166667255,1.32355955493031,2.78873812546601,1.19336697881231,0.96410136159839,3.1074671226478,1.25467399451347,2.84431447934439,1.41100393822137,9.74921281265263,3.32344089138757,3.00402477675663,0.403071822581344,3.45217365798472,2.80300302232213,3,10,3
"2654",1.17647332349704,1.58110808365638,2.8055399880513,1.77351978119348,3.01309754806222,5.24503053511174,2.61494611547491,2.03146087777837,2.23689694207323,4.66253866399765,2.4284390752145,8.97958864925163,2.41439617627951,2.61179573178845,4.66970332708544,10.0061215595742,2.56262309439475,1.60993064205581,22.9373777922688,3.92169394958368,2.06994641780608,2.40716650193706,1.50450839506918,4.0520176076534,9.54512832575133,2.95631817061096,0.62486157641534,2.03746810714904,1.06753536305779,2.94543800323451,1.25768276494296,5.06186730098408,4.96671584465533,3.28605643471903,2.16979462417421,6.26111290259796,4.14093469177286,1.39584033602224,1.1288261331094,1.08244069423396,3.41815615626244,5.43823877513124,4.49561550247357,3.04101297315741,3.01578267388081,2.32820302489876,3.61620698455657,1.48142493909368,2.2188657216696,5.04941804743669,3,10,3
"2655",2.58371224957224,4.77604052175833,2.15907483652089,2.40296339712544,6.11523324852475,1.02993705315963,2.62315853882715,0.345949598851914,2.66736181411557,14.7549649565232,1.69438369477753,10.1582102142276,0.885303765510568,3.3571114086436,1.00396130530362,5.78862461525211,2.4568603083808,5.16828162269015,2.22924080066634,3.63262868625013,1.71902928275848,5.96890103029242,0.799902791492576,3.00879089135802,1.58968697495292,1.25873087765362,0.887205961884056,2.11764854670532,0.59948377135329,1.45414745154392,0.399751735873814,5.39999786916504,2.01484407550339,6.17591396556361,1.77103098754013,2.29428923763358,0.955145964140247,3.41126986223118,0.890257088886264,0.824259064196477,1.60928750581278,3.74230262927452,6.50155344543886,9.52301451787268,2.06319879556293,1.87610189193415,2.64099565938938,0.655759707014841,3.96956358054818,4.83995740913934,3,10,3
"2656",1.98449878274299,2.27216252883446,3.21949353346015,0.594869211240586,3.47311462267701,1.14285448406237,3.41366625243355,1.86421743285277,2.60115449587477,7.51888867726014,1.34190186605592,3.96798428331986,1.5449523922246,2.39854529055834,1.24590759826795,5.0757624376008,1.78052619105675,1.29504770286694,2.80936736099465,5.85142604449664,3.53170680672727,2.61902273813724,0.35775271769382,3.87249520573258,1.50996969168132,3.63677266633332,0.672226884948802,0.808552159093785,2.9952420870579,2.13362898742026,1.35486067244113,2.74106190543757,5.69870951290646,2.76387520638158,0.813990504654781,0.761175376083045,1.39116274873886,3.3755063779285,0.945665470897986,1.00605805986373,4.24984353751532,2.43156759447734,4.75789711063122,5.64817739914926,5.01592032817913,2.60745266573247,4.93861242778813,0.57172925965076,2.52902406074862,3.48607014503791,3,10,3
"2657",8.61284267842108,2.26860823870349,2.25653340422097,2.78957251005869,4.22738518538586,2.24535647233545,7.38885380050964,3.6679670920678,1.39424269011269,6.68854004804388,1.72970133749602,4.34263681553997,4.44786944503523,1.16941807838207,2.20017604377957,2.2973505588693,2.28251145829186,5.39483187094255,4.1375716717132,2.60106448945825,4.26672556391376,2.65223628777375,1.79746446412322,1.16471890922792,4.06692438432387,3.09278640397581,0.946826769806575,2.92689121906221,3.1888176589586,5.31996632115509,2.8065501991153,2.60919534905935,4.95554975006948,5.35471420899067,2.44620609727274,1.03663638488741,0.139534964610558,3.99738522577836,2.52863572969965,1.39638875713008,3.67179852042372,2.86427004242018,4.02197701368814,7.78633762881754,1.39203832028713,1.28747520183113,8.522978419018,1.72099669790478,0.935951944831342,5.59669685752172,3,10,3
"2658",0.997081213393429,1.40450293516907,3.72180951603719,0.8854440197109,5.49525544112073,1.52417218333878,3.88015548586329,0.917556330903393,1.27655669610528,14.4325340910413,3.59846741650046,2.41541457285458,4.51867913048834,1.94094873834002,19.6310683253152,2.08463490830336,0.530666670769758,3.01689364338765,5.01109144920511,3.67596083983236,2.63218148370388,3.46222338172053,2.04809962195123,4.84316365836672,2.95445876802692,3.59645593500884,2.45681021878832,2.76626467092192,3.32711549007295,7.2165580607253,0.82515452891326,10.8347243551746,2.31950783975534,3.44020637493556,1.02865490427945,2.14963646742176,4.195816010833,1.85404385175356,1.72047554598675,0.868119458722009,3.59073378463912,11.5731528338932,2.48105560879123,8.03730423503295,1.71349477353598,2.0030956195068,4.17177223983563,1.42811611497488,1.65543243086209,2.32447759565846,3,10,3
"2659",8.40689907866959,2.01817026473384,7.92661469439051,2.54014225939874,3.12141061076367,2.2968828500161,1.94375572735011,2.68629176376791,1.00504258245738,2.52245803806189,7.40887192494401,9.87463293475215,1.97491997028878,4.34551321166934,1.34331604035735,5.72220961138748,0.80740605213611,2.86953568446051,4.90684815409991,5.40709179027105,2.74943676827332,4.16763573307108,1.38039414497137,4.64683531101719,3.17302829744696,2.42620417538132,1.38884136415767,2.49947286747278,0.949961819862228,2.01807305991773,1.06253928073654,14.0324851828113,2.63531596609159,7.16846779108739,1.84980165071932,0.911646919168639,3.35357918754946,1.15037850191652,2.66164302397545,2.55909894566517,1.78636708374797,2.07094908280409,1.82057484637479,10.0297407403849,3.90614464967574,0.588266882754737,2.88398909356323,3.93541267082567,1.45242430053823,2.80585604059168,3,10,3
"2660",5.26317342433298,3.89099433640555,1.94059320742871,2.58459557966505,1.8241182491042,2.0173386080076,1.58567749684722,6.20732328370786,0.907466688765206,5.31704258282226,6.7532597432468,7.7060584598577,2.73453374374595,1.05021353769426,3.02304610494043,10.7257890179385,0.982319325588342,0.221910329673722,2.45994740523622,4.27347992293861,3.88317360064721,0.785575926664713,1.20485584000843,4.88187082935009,1.90484188444322,2.23542077986396,2.00628168432785,2.58116431599552,3.06732036523649,4.46092599496617,0.742945523862218,1.07772955879345,8.10419680403116,4.5746480950241,1.2504128417686,2.14216621040811,0.992005931924131,3.3533997886893,0.659112725695751,2.08470591371697,1.65710449641527,3.03889116911539,2.50781480359172,2.17032913328229,4.92513380965948,17.0860195777927,2.3761455769734,0.291901044576902,2.46289874016427,8.52299379282709,3,10,3
"2661",0.888718004421737,0.985822048264136,1.84836814341751,0.866895087471891,11.3498980008849,8.43818920066288,7.51164008358433,0.832631609217298,2.94035022748016,2.65681295370487,0.724671837832324,2.40169634394798,5.38934980701892,1.82674263467725,5.68172340123566,11.8634169026721,1.54647448957778,0.261789037983064,7.44665993654244,4.02959210074431,1.72370477445885,2.68934360528723,1.98848347617947,7.68851188920695,2.79682301934364,3.37148300454747,1.01683006761091,1.7887035525502,0.633937867933699,1.69502052298233,1.50273666233828,5.62786682020159,2.5196641614822,6.02685993868299,1.53291208133704,3.65553626455359,0.669739972607631,3.93152110489628,0.897159001125596,0.613182576082161,3.36573582588608,8.33480357012708,3.03325319407083,5.43517510815562,5.73141495834627,1.70855781684606,37.8196904508151,1.01828939280958,2.12931154539918,2.09580003177558,3,10,3
"2662",1.13336704460499,2.10164195880608,15.3095867148098,1.20607623153283,4.5207321244632,4.83107404948655,5.5112576765328,4.10969261787585,1.13899650748703,3.85025625269906,6.02872550797651,5.06261810239577,1.47008374353686,0.660322466370329,0.846136617825567,5.26929256748259,0.596072178017303,1.76774313883701,7.21580850452621,2.34212153515823,0.89732355727599,3.05868988248085,0.892466850096656,3.91181091699405,5.01897035890557,1.4223833741387,1.10881138976545,2.52929689405342,0.821186782096296,2.26693776887749,4.33881375842646,2.00781085801169,3.29832687617201,4.95232595099172,0.486786110241185,2.93933438295795,9.57526512836588,1.55606898790206,1.59139021422681,3.4981937297448,7.74611439221929,8.57231956769418,5.47381309070536,3.72500816024548,1.59786884605537,1.13041424548608,7.51992172816062,0.650560939789838,1.7328403028409,2.38258454757972,3,10,3
"2663",3.46043345599887,3.45719466905458,2.20854844914667,0.820011744468066,2.93499260337923,4.99913196792327,6.38476658025927,1.96233901613814,1.15731127589428,7.16174204713896,2.01791198375581,4.88117594866671,2.8425317150673,1.40259995669272,8.4322636632213,5.86586059448362,1.21596540242014,0.493885044413285,2.08398649365127,5.19009343170212,3.16054324016903,3.14144535186195,1.63056051779485,1.57933631002377,2.59327499749466,3.01364975496685,0.308522977521653,2.68255678263411,1.86427394712546,2.133590543201,3.53708138734055,2.29139793251347,3.85793097668181,3.03712796841779,1.5055217662466,2.13598345192442,2.43812838243751,4.61758995304041,1.56972099462626,0.719080561468122,2.42780720705486,3.03401691837099,2.33941650070547,3.13959368862322,2.21056327162659,2.88497025679807,2.96638727034436,1.45803032698516,2.54167689702533,5.97154211941623,3,10,3
"2664",3.16006564090312,0.949622340922982,4.25926327606852,1.51521562737764,2.44441816842894,3.04730066355549,0.138322610729131,1.88074880338756,1.23239535542871,0.665292795844839,3.54839518132434,7.0111759001363,0.892729141982506,1.23490908705864,3.07753334503156,4.9217637454834,1.30931463899701,1.15502406796116,2.57031786284876,11.4576925051371,1.14051046041141,2.78425798318077,0.551981405197442,9.00303784906397,3.17615720804622,2.49064360528944,2.153924050239,1.76782295417762,4.88355613498099,5.18033000935857,2.18129210776917,3.05619406194505,3.22233121487096,5.08403667162842,2.00737324839138,0.638276201716964,2.96057825545005,5.30137696964358,2.04256175156883,1.95586189005455,2.65885995204443,2.10258304852851,3.14399984670958,6.81590579242369,1.70768577930366,1.04208909017608,7.66225871119375,1.65202564150896,2.12867817105485,11.4034477232016,3,10,3
"2665",0.956076719518039,2.78166263573962,4.00903244233598,1.62660868097169,2.02922714110339,2.12582512474579,1.57990669880228,3.40898768540518,0.785871101781645,18.2018062587102,3.93245950869193,2.95711094332124,2.55092569032604,3.05110636171562,6.97807034814772,4.00550371245427,1.12650799496945,3.49862769817174,1.23555792916142,13.2318077433708,2.16086435378314,2.60236677217971,2.08236261199837,3.9938236126532,1.844659447465,1.70239597656608,1.03749186830191,1.48776940142101,2.29045312352091,9.59056536910804,6.42821601026421,2.38104717460915,3.85425878330533,6.02369907855836,1.8369574725991,4.16428062459421,5.07076550293831,4.41929810347439,2.60345895404856,1.17860771205895,1.8012417840274,5.9702803551597,1.94411692383932,4.71338191025425,3.68819049235746,5.69152642844963,2.25860385594677,0.451182665059878,1.32567750114854,3.80515967570983,3,10,3
"2666",4.79223760004209,0.338484809206069,2.58578668241807,1.81211865889129,6.13966605649051,1.62118661539661,1.98140784816075,1.73668666167385,1.60226122735627,11.9905282913877,3.80532302810888,2.24610665372417,2.84249400520766,2.30102189353513,1.99550641471554,4.52664803081432,2.52664029119041,0.854016401356468,2.41744431007649,2.17645544724456,2.00262182711386,3.14340166097873,0.190046054822844,5.41479374896409,2.11473894008944,2.9787017472359,0.578004206618944,3.3302186603542,1.00621530825279,4.10259965306236,1.43763997432479,3.66484663671814,1.94851620064221,20.5133260853178,2.38529252792781,3.06307295258442,1.9958509977722,4.86207000935994,0.778290597567835,3.01482336959426,0.71752365954668,2.24795499930667,4.75701718855678,3.88258046530674,2.83191412958815,13.7708279482633,1.98570905730139,3.00481201223722,2.41875629049145,3.73018394329425,3,10,3
"2667",1.46833668793261,7.59240425455417,1.9526483176713,2.48853671225064,2.47446129252847,1.76995833014916,2.30546921989137,4.34588240832375,1.73338485101482,8.7934321985871,1.15070033479257,3.94525148539636,1.82592444013703,1.42263841147865,4.21459704938827,3.44546391566546,1.71520873219043,0.501652157336723,3.02246072118392,3.71462506663552,1.49783605425895,1.25477434977777,0.661254912826792,5.51385451575049,2.59330888347596,5.61674783744514,1.90207973962421,1.30084303431406,1.57245152250457,3.76445894727832,2.56176962336004,3.35723284415696,6.57091542061822,3.38521602342101,0.832799763384542,2.09342997639267,6.7184280937222,1.56912496982774,0.448179212495165,0.562791574515176,0.979120094646304,3.39188060305369,4.77905396483437,1.39242687507775,1.84642247272239,2.55336492885584,10.4859239270859,0.760316759101243,2.704234437034,5.49159028943228,3,10,3
"2668",2.57026600801598,4.69169568696992,4.2206063546201,3.26271560281455,3.01653724062706,2.22199824690746,8.19156066534318,3.46654909809395,0.948097000982,6.85721803842475,5.59292725929694,3.39298782172223,2.80918549879537,3.88087627160984,2.58409045300789,8.43256309147512,0.807889565004403,0.203982805199912,3.19068349856289,2.99851203677411,1.61875973443548,1.1776475824593,2.13550313466805,2.37343661243035,3.30983409779656,3.68447167466092,0.893780514912519,0.471115687284242,0.38009142413549,6.11494274817377,4.1612190250934,4.93117545631911,1.60179132420969,7.48658340069542,1.56189739213805,2.07234707610369,1.91238803582521,3.73657642108992,0.616826052792193,0.464463504774597,1.00568876359223,9.63202393377116,3.25067451668558,3.77021510080394,2.40297252462599,1.68788743118604,2.23163527776555,0.877462317939996,1.44611466017337,7.18652462746252,3,10,3
"2669",2.06017592448351,2.60137640987037,3.50455124917017,1.83508899879052,4.58157005037215,6.53046476879172,5.51735977999471,4.12520450299616,0.548478881510108,15.2844075098069,3.0822720875381,2.47203703014395,1.74091319629228,6.83624806695309,2.27677828903409,1.96042568826772,2.0945713711301,1.71900345265463,2.04913389167005,1.18629814552018,1.97314801004306,2.08424163303271,0.198236022868996,5.68291867453959,1.98161315952567,2.02146666343966,1.88871687535308,3.45799859833436,2.44353129720988,4.06619817302315,0.476018129844351,2.52284812696691,1.42591618533781,6.21325307582491,1.44910830456998,1.50495222946108,3.37217490670005,4.19185925826872,1.12370503825718,2.85670211468204,1.70596173945745,2.02157397322857,2.51489959642007,1.90062938946811,4.05100213270845,1.81219811885454,5.67945428046273,0.754299023941066,0.917467350409844,6.9079786791101,3,10,3
"2670",4.48418908663995,5.13405393429543,4.37164168534883,1.03782189426025,4.07274829662223,2.89669633776064,7.86116478946094,5.00160533787252,1.18900568674606,1.10759224454543,1.21233947667649,7.36304080993654,3.43240033256012,0.141462782312724,1.23874610161031,4.08336115562867,2.55595520308519,2.81535110282126,1.16107726922468,3.25757963987344,1.31286337443391,1.63054136527704,0.617305811359365,1.22524806466254,2.21565473790722,2.60724402998941,1.33661213882595,1.81769925547071,1.36128893552748,7.16492367245998,0.357309361484438,1.25419841716426,7.13810715016277,2.28484506461905,0.936860934697265,0.95397217666198,1.62169757016954,4.91053946150979,1.26870069587044,2.11342153439093,1.24016831419257,10.0496799991805,4.7518719311007,5.91591877423165,7.02717564155089,2.2567235740656,3.79697101254615,2.29307976468801,1.95259170703723,3.28777512464213,3,10,3
"2671",1.27959475047308,2.64458924183376,3.24803820658506,1.86232951232658,3.04840875018133,3.22550495076753,4.9841380431042,1.07796234859937,1.50529921708171,6.31198372221451,0.801526255154165,5.35794989003726,0.617515637949421,2.20289589370658,6.0333550415354,10.3108448086755,0.598291217931318,1.35228662349212,1.61871719096697,3.21813439031121,0.738353817290292,3.93674922498178,1.34281830801567,1.257592251971,1.29234893749119,1.20719965206597,1.49738925976003,1.9963240018209,0.671196119886505,7.48027226970228,0.7354850952944,2.28118774019947,1.64472977704317,5.60733756719252,0.491833082102336,1.80561323772142,0.156331594626783,3.95706977648555,0.908162050131115,4.63105125831945,1.26815290625475,12.222140506807,1.76962705759231,2.03045201756514,3.01476895912517,3.33163060119597,3.90828771151756,0.956192290025131,1.37161428972835,9.96071461955692,3,10,3
"2672",1.75156833242568,2.64250562200114,2.24221373884122,2.52019062244223,1.88544509599286,14.2995572985839,3.26377068065562,2.37858963068841,0.57479275820017,4.18252612292142,2.10500592942915,4.44112338209785,1.95662823305652,1.88692550610389,6.36275605228039,1.44507492722197,1.28800185100304,2.21318314156838,4.98817810478103,7.05667014965524,3.20024977864689,4.02079094536262,0.944264072558739,1.11598578202806,0.694647845009824,3.14633381262485,1.47901173187001,2.68809712508253,0.91628068731853,2.17394898207871,0.87617380065901,4.6645990931666,2.4876983799496,2.92615642963689,1.85267616758804,1.19485415291439,3.84823881869133,1.29991942687778,1.786737742696,1.40007264237157,5.14540045709396,2.02895245914694,5.31647511572381,4.17247422786245,4.2091025997208,2.34281746042481,4.45578462330312,0.971443043370705,2.24214153470503,5.40458622322881,3,10,3
"2673",1.25821744016071,3.90904412032105,3.11906653608835,3.80516562840013,1.37442674858604,2.48050838606479,3.08012564317083,1.34978732589428,0.857019568599836,0.651824820271978,2.54450864930077,3.47486434701924,2.70472565119391,2.50467752552399,1.56061532175869,2.87032600972855,0.938790500833171,0.393252013896806,2.21020955411293,7.99576763474173,1.4784289689972,1.55446994917734,1.63194719940487,1.66194053399295,4.94615647819602,5.50535119580605,2.28555732087666,5.0941455327624,0.726130463982118,2.5401793741748,2.96484121284145,5.47064045146929,1.67536959304876,4.47432992306936,1.63407048163191,0.633235238804975,3.08335392610101,3.25565458744869,0.819484089562398,2.5342790805746,0.882083083721881,1.79764628182668,0.864060552574276,3.79104329012669,4.97449092238229,1.2731579493939,3.63709651635327,1.97292826505415,1.76533702638096,2.96049459717729,3,10,3
"2674",2.59146519820875,2.06905699884706,1.56050446838168,2.00639492462532,1.41411654881875,7.17377240846312,5.41312292399776,1.67064463392719,1.20150649451245,10.0356485921317,0.829448403313735,4.61018729530468,4.9484058377011,1.09352451408567,3.39325028862795,7.30999084320253,0.736426206056066,0.733666850389708,5.51372009876465,1.90096165824404,2.09624457225507,2.63088493369237,1.36387194516953,2.22554206416699,6.33993695706936,2.06243060863941,1.38197104540792,3.53389712428271,1.28839367955827,1.42185074155535,2.31247627021576,2.21664017742066,2.70765949444505,13.4974539703339,4.75328392242111,0.241349120296039,4.0564213024811,5.47096476203456,1.45005654806547,0.94575227209529,4.31620145765636,4.32744751069284,8.83476303589547,4.09941194746719,1.35598597173719,2.15626835283757,6.00670743481322,0.760480363288751,1.8201966062159,0.951482703343448,3,10,3
"2675",2.34734995612655,1.07602901808939,2.969272584082,1.06404997781832,7.14492365788114,13.5229909635915,1.56418729998027,2.98512824217431,0.890021514826634,5.07608232109015,1.84588792395148,6.08350477546606,4.50554978000511,3.58858665826344,11.5783265183224,6.06093844398055,3.84383567309692,0.33737377876704,1.96219414439598,5.26875369425978,3.51582427289006,2.84527863569434,0.496442016149716,1.74967752854743,3.03934486706373,4.23922193216608,1.79652630165761,2.91428396642037,1.29637387914782,5.37119491653603,0.784077782891622,3.26628632169883,1.96060095587328,12.9861901946716,1.07373357288273,1.27363902651203,0.967913548451953,3.43563709756743,0.513110823930987,4.31304457964066,3.90926805325205,0.799943211740114,3.19380632960825,6.39858919453214,3.47977168315212,2.18330661190681,3.56605008931167,0.729039322305231,1.36110459130118,12.3487911179569,3,10,3
"2676",6.62613411801697,5.89681641647609,2.06394597444303,1.13492352050385,3.08001076776673,4.50958951241433,4.04628344740963,4.13501091689967,1.85655159963137,4.30292477431458,1.45062245490198,3.28724756660982,1.98839606904842,3.48951160744522,2.50904768445657,3.12197156657523,2.68598740474108,1.94857050937054,3.7540998398855,4.20352420311665,1.65511578504476,1.70232682961879,0.372993721737066,1.1906376753441,3.81993474714797,2.2257950279369,1.30832281429359,1.2544020201628,1.67816853184016,3.5156061678146,0.722269233798138,2.49854077925086,2.67195087228334,7.76263000620868,1.34350018950603,3.69806103555602,3.37643237368862,4.66020251522466,0.507405882229353,0.953807619312144,1.76032597773875,4.55477431470396,6.85601088120344,12.0177646253035,11.8285663181329,3.2658590152621,8.7732186790905,0.642460592118875,1.8887223301701,3.75531465372724,3,10,3
"2677",5.13490303428084,0.675081662512523,3.9228675947092,1.53178375715669,4.31222328052513,1.93324797385619,4.16142436872425,1.09089785271201,1.15710122461594,5.03724880030469,13.5234534473833,4.60002556001158,6.98768896020532,2.45015583507207,7.55787564547819,2.47926178545156,2.33221719141505,0.975873285378416,3.93163958859592,5.05424842265043,1.42832765852625,3.75902663014012,0.733456350624182,111.252946489836,2.71581208098055,1.78654526522147,1.11207439341858,1.71923000260923,1.11910079446282,6.66351838277678,3.57851676668527,3.10369530409749,2.92540556176386,1.73637921185826,1.16014726616717,3.16068279857895,7.14445825623598,0.616595667284756,2.44032777655812,2.96331416231729,2.14207288088114,7.7776401295371,7.16419189100709,2.7652276535904,2.82721035736107,2.83025419889995,3.96807540958634,2.61493833015024,2.53555809158226,4.7573816925688,3,10,3
"2678",2.92730878287239,3.00413962319862,8.95246908087032,1.71733725568554,2.94183301264808,0.874717380693747,4.86896784301496,2.52971792519847,1.75015213332133,16.8619080391399,1.64432566781591,3.0043501990925,2.88022574395081,6.81710825146246,5.26059449963596,2.28723037991306,2.17393997453301,1.91132560296892,4.18622824480598,3.45776271530962,0.445047842465548,3.53582272121696,1.9922929633306,2.36923524733473,4.39132633223638,2.60391404066192,1.38693279933549,1.46733069489178,0.71677866301369,5.46393683958272,1.77599867655892,2.30063676241193,5.1810790351426,4.79298567372707,0.717484681739857,1.52051900641395,2.96279244833928,3.76592549838973,2.23314960536975,2.18810502217415,1.82004860159008,4.12355921950769,2.50373003897411,2.36437260711062,4.54505468022796,18.9934028032346,3.16818154515299,0.365765429404342,1.25099461319658,3.12354945615614,3,10,3
"2679",0.803794400603221,3.47898313254271,4.06461160033141,2.14246701431622,5.10715243530151,3.93105477637342,3.84227152891186,2.95622174197552,1.07339376505581,9.62607805827258,1.39283648662537,4.61453310995491,3.05586440981173,1.11843770062791,2.82822554426101,2.64654632061032,1.23282722240049,0.50447851982049,12.1851308801235,4.53079480461367,1.51121282542995,4.16818916151114,2.35437875541403,2.96320530228594,4.06365790321334,1.84785267585208,2.20033811134339,3.09102609902491,1.79626042431259,3.76787104072635,0.142991509152113,5.69257880942547,3.66035138644459,4.19317670357576,1.97269355435811,1.3242815855129,3.26887916017115,2.60442410381199,1.31781391021412,3.31698673105426,1.99757857076558,6.1626189460798,4.22011235650832,2.82997126982382,4.24210623131421,3.11517395858811,7.45282134698525,2.24856471267085,1.02066240951788,1.45673408632833,3,10,3
"2680",0.831832815757981,1.19002816924912,4.55564778302085,2.87307495978785,3.66723480828847,2.71690045502889,3.8824097291772,1.32481139725843,1.37263632116083,3.00020284394428,8.07439169213864,16.642408586684,2.90893936213894,1.01030361683771,10.8656202168076,6.20895364875598,3.17213266531843,2.93344974670981,3.35166153710998,12.0211680679443,2.57357824223619,5.47331130623103,1.43846386169415,2.07895874378409,2.05587580286652,1.53031449354477,2.6880994836644,2.50260293189656,1.77106796672184,2.78212209118223,1.88623490596379,4.16067805484411,1.89363128748038,2.73234559490625,1.47559982748645,2.95076026605161,1.50759505781208,2.93333387860333,1.25586777732177,1.02323708338078,3.50546774372575,5.17249570368788,2.76773402831021,9.62107088566822,4.17065569886733,3.26217123056255,10.0977176412176,0.835287810777881,1.75062809826331,8.08867643140293,3,10,3
"2681",1.02194358782639,0.344474936930478,4.14001634351358,1.72339798577207,2.07645746252288,2.07404487014355,2.32358624998035,2.74589806171582,0.937259420069948,4.31493434383072,1.71013059050414,3.49300334756944,1.58109392993017,4.5793644348196,1.29010814174205,4.21441087877957,1.84565299962183,2.42530306286951,1.60940434833109,5.0572440749126,2.61534701648931,2.06595413946895,1.01443279475669,5.88066793046728,2.39975768545378,2.95239920418596,0.777414207598257,6.0685620833985,0.873091962926015,4.66858545064841,0.703019517667322,1.64898910769842,3.23599243523395,8.1852746054804,0.722631760358369,1.89125741522488,1.89627273314419,1.94617791044108,0.87802856149495,5.39674351131282,1.9654163755056,3.9885948736849,2.68243329693609,10.2333306045989,11.3154017658262,4.20194126103346,6.59676661267223,0.440560688734737,3.30777389725837,1.92420710742994,3,10,3
"2682",1.9223682364534,2.72192378748934,2.86023552757568,2.61470552100664,3.32222143151158,2.71021546905322,1.31378606151143,2.88003443730601,0.199789459395599,22.2178423151188,2.78455915574765,2.13437771066797,0.868908841322429,1.65211072498367,2.99451306083939,3.31863104664098,0.795156283602461,2.67978767506443,1.6332791595314,13.1158387573856,1.76139743760875,4.49191866703783,0.864505305376045,3.25937356179451,2.08112152762805,4.40885849395457,1.17088603118855,3.42446368753386,1.92317644689129,5.75566099208446,0.784034355077779,3.46540652601046,5.75697686702374,2.46435982191561,0.90192844696032,1.63492015736823,2.68208644808023,6.31270747286827,1.87987272925488,9.16198702149882,1.86936977307245,3.75956273968766,5.51573229766658,4.14841161713759,4.56639958489861,2.5366386087457,2.06991805623885,1.49159395288521,2.77573025082498,3.54612523938881,3,10,3
"2683",4.31052166040884,2.16701999043149,2.97763975328254,2.11566723551265,4.38892291509054,2.98227740897464,3.06615729705403,4.20584165843135,1.99148724821908,6.82012261370625,1.73916769232936,7.31862777782145,1.5719220072703,1.98523959640737,4.79257099900967,7.97978894343688,1.35781194026772,1.60015247022802,1.65261135491105,3.10434941778795,1.41197576486067,3.30509502180692,2.87894469733684,1.39731971798454,3.10664171076383,4.15118216704152,2.47257582053729,3.39624717754836,0.710914232909454,3.45721547624063,2.7880985287893,4.25146299901134,1.63502150731151,1.62505328878941,1.51573591164527,2.93576727923005,1.71853418180808,2.57984628585009,1.87051902227276,12.0452620509997,0.833760388513279,7.34856708906016,5.6337315821954,7.35479444543271,2.69348425663443,2.52894145481353,4.41942062032975,0.349477036663135,3.88743268775775,2.49617802581795,3,10,3
"2684",2.04246682003113,6.50795352194589,2.01634196961351,4.73424591367131,14.2905641674331,2.22190777797907,6.20591353645215,1.3041258253002,1.58558910123185,1.79140015472798,0.76878164284483,2.9390455607815,3.34616395547381,2.52193405825563,1.17179215032148,2.11363280803813,1.4986223795439,3.59754550004605,4.49363988992876,10.7107992726976,1.6817414948873,3.05709405355501,1.37941146029265,10.201119895424,3.72506503333827,3.16679707478216,0.552875782810097,3.6880846957015,3.28237694492912,3.38967378168741,0.309482758796558,3.39055609672012,8.9764256806141,22.0424739204603,1.47322201901836,6.98125909579782,1.14696524550138,2.44392629314362,2.97456992532401,0.955867397813352,1.90957432153862,4.71130094198516,4.13787365601593,1.94673989962411,4.43612485137515,1.57644342565117,2.20145690588862,0.377652608066159,1.65220441544231,4.26332280614382,3,10,3
"2685",4.51639921669829,2.76327321778034,5.24684493686614,2.57767893602027,1.47155163293068,1.76361530771757,1.48936471303443,2.89676249205033,2.14630019011094,4.29521303607548,2.25031998448133,14.9594549053284,4.20550220180931,2.93846443364022,3.39924994308892,4.7475617033917,1.35654676011329,2.22679854601117,3.5784324839989,7.47365243924278,0.405132508579359,2.7928716851865,0.0567738680794372,1.1311655160014,3.70063344745537,2.19440697579151,1.42363529722176,1.27696646322205,0.520552824954252,0.73315727439015,0.532518653297496,4.45845055741283,2.08227440468824,0.564159128438237,1.95230652977215,3.47277116557647,4.70458559098214,2.51114879901984,1.11832394709575,1.86559428544366,4.9406109904404,1.81134815450267,6.10973633809198,3.43700909709742,3.01547413209399,0.93933012173286,3.73628890188492,2.61390774746054,0.645061084552416,3.29328316498684,3,10,3
"2686",2.23976939153099,2.74662052656067,2.6056472854088,1.12639057525105,4.62314727237191,1.93858541677983,5.92783340061761,3.32749073787796,1.66063581210402,14.9678412625348,1.60659372732439,3.42937254034969,3.21927819492697,6.12598330876352,2.53524696977801,7.39198444493111,1.24667756069156,3.37371895494942,2.45236898012538,5.72578225913278,1.15865999884403,2.77736604904335,2.1534800383257,3.50597868107214,3.23322444012676,2.21746429805359,1.46554463653166,2.87114691267604,0.931131322353499,6.8833801099735,2.58943055257037,10.773660816263,3.76538118490222,5.11073941161709,1.46413132891131,3.67682802780999,1.4557345948434,1.23740843891803,2.37839712496703,1.67014898480176,1.1972077584154,1.80598389984625,5.06372214972002,2.19443313303289,8.1331493808598,2.13181885020268,4.4285769724044,0.0617169694229915,2.16824820019534,1.29685117763835,3,10,3
"2687",0.407219855455568,0.510450198513183,3.61614189601094,2.48345766701813,7.72799155169311,2.43163319078537,6.15912255959646,2.75367673110956,1.63599057149755,12.7832812725882,0.941609878834948,4.12128217991135,1.57757751676455,5.57878224074179,0.992582902202711,5.48116731373854,0.96592163181079,0.760386105597811,8.57333636514928,2.95573175841003,2.57182436531709,7.78708501088455,1.48073193231078,2.46013955176274,2.09118792050114,3.96233144162543,0.465574447200299,1.40513058098354,0.87744508216274,5.79126038449236,1.57278044362007,3.91899690525297,3.44451761207846,9.7436753304086,1.91744236967257,3.68085189464451,1.34413823761493,3.72209143659034,0.616491100145311,4.8880821032117,4.90267947731785,2.28655507128821,1.74709297188238,3.63843175729052,1.39302812891977,2.52472747312344,6.92021476408526,0.519916431599262,3.06715290845097,12.2674257075127,3,10,3
"2688",0.376621142778963,1.78298542336605,2.80335579714316,2.13575571312307,5.31900336553364,2.26624826365693,7.87559718382217,3.60021332168916,1.74288321967338,1.11585265609762,7.78020325207524,6.66908016905092,5.22159863703859,0.982462463286387,9.24493933646954,3.08233415133928,1.93879229457529,0.717861595016841,3.49020130626699,9.88886603627786,1.80821674092222,2.22086162298532,1.75909975054802,1.23814629907229,1.28174112870829,1.15275709166899,1.93804947498773,2.79918280853519,4.36099563977524,4.40624719169594,1.29170927590492,1.08467689912834,1.88457587605902,4.57349254310001,2.38778284398178,3.58780752877101,0.337842778323051,0.529704055318705,1.71996527556488,1.66374202245102,6.52317771002809,6.92452858477842,2.7825436374488,3.89782827549139,20.7769434207995,2.88451231212818,8.71108812317991,1.39203601814085,2.30970707535549,4.89228479287101,3,10,3
"2689",3.47780354139397,3.52061581420576,2.80812653743642,0.683615184436817,2.46090710496232,2.96957184821992,2.50726784102615,1.77475192043451,1.2912223894832,3.63416698755509,3.4411554745571,8.14833783106635,1.86766861424403,1.0180765965962,16.0491477885548,8.08345598362386,1.9182241058418,2.12115873556217,5.71551887594576,5.57201867756987,2.77797396676434,1.51328796245121,0.680544772049076,4.7611491036472,1.70090444464577,1.49896683299001,1.27038834957422,1.84168395804032,1.13937453092862,5.86986563698584,4.29052999067676,1.08456519645636,5.61707033642853,11.1642913022033,1.03609847302381,3.1150580539487,2.17044587955082,0.716487321805885,0.648312046002202,1.20738873388643,0.978967633432035,2.70852715624529,3.74734421864937,2.85391057943359,2.62091017985269,1.48022588493945,4.08003810873383,1.64874364787526,1.52883393914321,9.20363557463995,3,10,3
"2690",1.06905312531023,0.806070950674131,4.82984283718699,0.911011037524276,5.7668917397384,1.47425622189223,1.67117127411481,2.01390073867296,1.94814482477841,16.2465715552011,13.4106785190832,1.83223052157052,2.16666584996654,2.29400034007936,1.04127499572715,4.95878335169845,0.591145788475724,0.564957847061421,3.73922604358316,6.28649599002434,1.29083606969974,3.62773991528642,0.32647653341095,10.0720214718275,2.18609533281447,1.77579175986405,1.68309002365687,2.59137850902656,0.977746250870471,2.81015006888237,2.08421415235036,1.39288144366887,1.89263597950067,2.4529889335098,1.36825880228167,2.26995521892771,0.825658996181888,1.96510584071923,1.00071101800826,0.999923719618871,1.84416475104769,3.79227828025299,5.9712581947159,13.2278875861622,3.28348396517388,4.59870096136358,3.35228093241851,1.32259008441599,0.766810343119516,5.09739296027455,3,10,3
"2691",2.10965231232331,4.31146939346778,8.57016052143495,2.47279716143245,3.12942044481807,2.44342003849079,8.73872318960782,2.66054797483656,1.0810495236937,6.56336279054875,3.97077705889519,2.4584248508107,4.33870434692995,1.75746625684079,3.55048527827885,3.88359633071961,2.1912517572333,0.270715015318089,4.21143308519825,5.91831824416496,1.41777379225601,1.06734924506744,1.47912247242235,2.86325790487837,3.42190080917405,2.76947625948222,1.18148684853136,2.20823116257602,1.3065727934007,2.93295378347171,1.98199558977178,3.99854265473868,2.59129291518494,4.52556342839182,1.97190010241721,2.31020234384946,1.07611524500544,2.79242974216649,2.18067606247068,5.17821021185379,1.60341090037649,1.83301931407413,4.53371692511637,10.8773571734354,4.46155626432811,1.27149696148847,1.82317403366155,0.508112611649004,1.02948722330627,6.79790443800577,3,10,3
"2692",0.904883302587118,2.74695361509255,1.69550485179568,1.21461447848501,9.60052344280759,4.54111350120528,3.38755831046562,1.45173654173663,0.75936357062122,10.7691636419452,9.37810066909664,4.27559133649816,1.09227522569885,1.02682464618617,3.58029938172848,4.5042936610793,1.83690972937991,0.809828038861459,1.97963751335709,5.74860227029913,2.26999470744436,3.3151687665409,2.19823833531806,4.4658156299353,1.76733419793247,2.06548741640754,1.5066087071092,1.7903568814222,1.54742623436109,3.57173913103664,1.45268732626599,5.31382029760192,7.32469458862744,2.39096852931596,1.73511479075146,0.9624123156408,3.00311674190877,1.88599699796835,0.462203255607982,0.407603919826706,3.06715240587236,3.49880841899781,1.9608472801375,2.73543133551493,2.73758478065516,3.33705500665467,6.26837955898955,2.13314736281084,2.87534368271054,2.77011828242752,3,10,3
"2693",1.2325546576114,0.861838714843756,2.82787012107213,1.47840506567066,5.22858528693409,1.164878103637,7.42587616524155,2.97591612179688,0.166416114606881,5.68503755416574,3.64143581413226,3.56600474681508,1.17665092653918,5.45648604501881,2.54527133786511,12.1783064044421,1.49253966820781,1.6534729195805,3.39248147786811,10.9541845883206,1.70551462269568,4.07335364892463,1.37563405593313,5.17459149505765,2.93321846571372,2.21237084821176,1.06002277388682,3.99846566260925,2.60550802008627,3.9868820670482,0.789022492634214,2.78938828957481,2.50837585189313,13.2435769812189,3.10623920891481,1.6077571960855,5.08905365456577,4.92906921903799,1.79354008036601,8.56191927772238,1.7209181321402,2.73092636953707,1.69892630974022,7.87418132988633,2.36280283251745,0.88326542114636,2.32728634495986,0.669422932329187,1.59914752426963,11.918159599145,3,10,3
"2694",6.14097125197627,4.46710718731586,8.6179479421124,1.30838235119794,2.28380204457195,6.65391700873932,10.6181662026346,4.91694396897952,1.13644137072918,7.6640293987686,0.708895934693624,3.58686414968489,4.06625630083258,9.58797633569777,4.29143455157459,12.5018628546626,3.15212221754126,1.22999545098989,3.11605087885902,5.07524704539976,4.74412150478599,3.86667737948395,0.794597444086408,1.30242686672646,5.19748355662205,5.1610450993021,1.53435884548875,3.99637256481229,2.42980489420357,5.62356977647304,1.02890876998293,5.16481729894287,5.60967508054831,5.28301186286233,0.990065062452408,0.701300834597107,3.22381191935055,2.50108581204869,0.89743413474875,1.51853077178762,7.41705576310977,3.38428483969118,2.82701395523074,4.73588343068959,1.44231158200882,1.9161556837588,3.45049209150557,0.464758251167338,1.43591187419738,2.06555222128034,3,10,3
"2695",1.96701547881592,0.849864469956642,5.3470097471318,0.528148871165715,2.32682408021338,2.21616536934174,4.37051248516657,1.94842275000772,2.55062843386668,3.61254605774425,1.73376157089733,4.97662257819677,2.77277495361435,4.01817079856278,1.08255307202961,7.22158524240326,1.07055605609731,1.23492011941606,1.83587014969373,3.15854158108285,2.56104280264008,3.23277598001214,0.43915387538933,5.72817656333023,2.35301417797968,1.89688299892148,4.16608363779771,1.99158185425256,0.494046573619572,4.51916658066586,1.25139263759354,2.62748285995253,2.42009544177856,3.17051249207034,1.51436305187057,0.368932110773107,1.54463864129543,2.92855079673033,0.461945689040665,0.918122404591601,0.896226948087069,0.903956162623182,3.86566600759943,3.74950129156913,2.77777893758708,1.43635079602353,3.12785701494743,1.15732878021688,1.52025100496849,1.87701830728639,3,10,3
"2696",0.854812433119507,1.53929372920229,3.82807775591854,2.59333514593988,4.30979838482544,1.49201904114502,2.5493792570302,1.93446126478263,0.496932122549574,3.07895375914616,6.89367711974569,8.29457311561687,1.38897105622309,1.92940956686375,8.6231252978515,3.51062264772921,1.04006108926679,0.348892982629313,3.55920847971189,4.06316024362573,0.508825343044714,1.26993301414655,0.948012879668076,3.1020148536463,1.47105455498541,4.27223939391544,0.798146336791294,0.536222665082718,1.59561480485748,3.49332197160768,2.33119606638488,2.74597668028025,5.96207918752793,13.6010876898325,1.90210189564698,1.94890243901645,3.6923651945552,2.82414762817945,2.93824330197177,3.07197330267689,7.32920465047223,10.7022437444785,0.612007840191465,1.56835445332595,3.1738310754463,4.38632338871751,7.16827236555098,1.24954178221253,1.8676928764569,4.96028702102602,3,10,3
"2697",2.9533240701847,2.96073392222538,3.46718514123365,1.26484079047885,3.51667742086771,4.67427532022224,2.72149925340514,1.80313917272955,1.16647490848103,1.2133842825288,2.64607289263061,4.34813967760365,2.06108652865457,1.41390059927529,2.20977221353094,3.35900682637898,2.43731234718556,1.2948455122458,2.29706712602758,9.59992950480444,3.20417342363828,1.54759162289542,0.743705015057323,6.81111888128312,4.20950738868012,3.86400724744365,1.78306577785003,4.2651983577411,0.745284051691338,10.3465513561523,0.892332463324601,2.06056991784114,2.96579720806528,5.56538034469751,1.13539667511508,3.82315600051269,1.7617345086166,2.05288588689539,0.443127067531038,2.81602931381353,0.714913982605893,2.99820059758502,2.33704167532243,10.5689253962785,5.71840670635171,2.02971487813212,4.38763771936258,1.20865775506661,1.88546996551821,1.42253639681431,3,10,3
"2698",1.11979518576914,1.58764388022245,0.789945501884398,3.44126660062784,2.36062141530302,7.86176765539799,9.03176088718353,2.13366467679705,1.26039840918373,3.60478441249603,1.64546193072769,7.13589056081479,2.58020928695392,2.15180881110053,3.8441240976224,5.00682593462782,0.851271001307617,2.24522902941544,4.15685258176186,6.96404381068202,2.74336301436588,3.52327258281065,3.548206739082,0.877423344041682,1.60950026783068,0.65963234597391,0.804615970544616,2.65044902017796,0.611986828959566,4.26168200393546,2.87247077745273,6.54289343385046,1.27321489278435,17.3940159340955,2.17949276403153,2.93900938513911,4.4412092272426,4.56162327209074,3.32148728869387,2.81074353871068,2.82348943451904,1.74870796862105,4.41341461667203,4.72573862349141,3.85593864165009,1.91849824617644,4.58592277767318,1.70256596059438,1.88610604752648,5.31150120382488,3,10,3
"2699",0.548830629568491,4.52922740014217,2.75708924186067,1.97915886683878,3.65129935621761,3.22862695300713,5.54578272575377,1.95213911935821,0.971151969267807,2.23285488291868,0.612557191071558,4.79202456148638,2.31279236589576,2.68146469306231,2.52698899438481,3.13528588226012,1.82743985838161,1.26724889269048,12.2412014116799,2.02288366545245,1.40165360240221,3.13578887667662,0.881952733731273,6.17515429993889,2.14162071285526,1.93949609911842,0.910383639162674,1.76147971703059,0.840279745911138,1.97108349718596,0.869131370258929,5.31735937081082,9.39928199760596,8.53646249178588,1.78124640759047,2.93912906439363,2.00811356278529,1.52827068391067,2.18007707437356,1.75774505153568,2.26721916236572,2.19066640590922,0.477849243860136,8.83190986498102,4.73525598502884,4.51619608567994,16.047106755141,1.5399002149603,1.55427094867031,2.75815317516084,3,10,3
"2700",7.93066609447509,2.21704002685953,1.67307457131901,2.57690670250451,4.27195619433181,2.92961230176323,7.2140314314453,3.93579192928072,0.958452130650278,8.64974769550083,1.96835421840703,4.98703869972481,2.06332326605855,4.50542068821087,1.43821562365221,3.07722432774106,1.47036118356526,0.512175633450533,4.70790910413372,3.94917440025085,1.56288703957535,1.32368310021077,0.335735463138811,4.77424352037595,1.75005946662181,2.45364952656475,1.86840613889884,2.12483987992135,0.480994108800468,3.21473624588863,5.28889496971727,1.75751353282483,1.86709801056836,9.21846709200453,1.16683571438623,0.69688452150829,0.969747300354495,1.51086979947554,2.24734496923496,2.43482081407237,2.7054394435328,3.78749181842022,4.56221902388374,6.38811680964188,2.96770332857035,4.58108543167428,1.81300483264154,0.948611225060474,2.84203923911629,2.66784237296882,3,10,3
"2701",2.60838550941192,1.15510243122936,2.7862534541101,1.77253427073271,3.61728728956932,1.96693178410101,0.173591830000474,1.35694229128173,1.74345774789029,4.42262011752421,8.69563588666813,2.33553828170055,3.19851898049922,1.72334688344117,3.86609391629602,4.79509460635269,1.96142276184701,1.72434253423096,9.62368501872002,6.64946142372115,1.79812779582805,1.26006238367172,2.30847011459782,1.76654874789302,1.93178871062635,2.19537999418074,1.94054269163509,2.64252478092205,1.77903631166405,1.3580402814634,1.38298798629661,2.02210075901243,9.63215279718661,4.43688860246735,2.20906039914796,2.89551988316066,2.33167378362653,3.11872808905612,0.67903609747091,1.29070104980804,4.03033825321701,4.74960545985447,3.94636704761502,2.43824018417326,1.41013076139603,1.73190650609147,1.41354232474641,1.47975353687328,1.32627886124514,1.44989178171949,3,10,3
"2702",1.50969893032953,2.77756739639685,1.81860273459146,1.44040991146779,4.00997237922569,5.48288214970717,2.35109254592893,3.84590510920899,0.486151243495765,0.483874784619945,3.00893524902848,3.43859184175331,2.65643481861816,3.83455070994683,7.12172649944418,3.32633810887797,1.17882060108224,0.36577284068782,6.42579668394811,1.29725313924507,2.25687237946159,3.99894964040982,0.836410802994614,1.88072632877361,2.39935797837993,2.47802463030934,1.52773537078843,1.83154065360925,1.22290907304427,5.19382020314369,0.468325482161466,1.9078364200325,7.53608395708862,8.09161073859453,1.9230616634532,3.07943734385204,6.70821086898822,1.32545398245916,1.13966864075725,0.864915793900049,2.17785763388214,3.36972944296042,2.97656714742931,2.4312828798955,2.95692299850486,6.34610036057414,3.80076113080781,0.862246137680247,1.94127256797843,7.18650407687252,3,10,3
"2703",4.29838901470074,2.60816283326858,1.6162108589708,1.52164531737477,3.8238086105796,4.21618159833344,1.81003681999294,3.2907905241842,0.405551330646713,8.72153105720853,0.855907293788582,5.53716910933253,2.12528797833831,3.40796532360173,8.25209727405347,11.2764073593657,0.984519784430518,1.13221285044649,2.4559226094095,4.0728801278272,1.00147095510049,3.06360854468759,1.46270181434697,0.905837074984374,2.00430215780767,1.67323369378305,2.37979508336592,2.03173490218032,3.78146315924092,2.65484555621093,0.281665214950709,5.31752374398651,2.14919291387327,4.67845390726366,1.18261572367281,0.23994466429268,1.29100595258929,3.63297466534463,1.05236275108147,3.61035357470918,4.00735031136513,3.26815896276117,5.51408485313542,6.8454364682109,4.06751193929722,2.55392260650822,2.83191937030355,1.83698634083806,2.57199687502439,5.84827113721856,3,10,3
"2704",0.825921284253012,3.39790366574329,2.67099976740698,2.34658717130004,4.52222292923182,2.97465672138526,4.78549396039168,0.469625578372805,0.521996352884079,1.7776854332875,1.83745344862018,8.72776891713358,2.05303804857671,5.42170199573011,1.63719475786564,1.98696403256743,1.65448515072275,3.60977153386701,3.06953031503667,2.28269676316211,1.17412206149378,5.17340759392863,2.37105203840539,3.69151580695312,1.31094033879225,1.75732268788804,0.980107282891856,3.36433889401541,0.65823050653757,1.70357422311916,2.39645455893027,3.61694019751306,6.82724576072004,6.42663146685353,0.395519216330019,4.78753691669966,2.78334857983069,1.84178961367467,0.177706307820721,3.47171638188896,1.57039963778624,3.77306893119118,1.78354600005391,5.6495354567389,6.79357129507818,10.0992862392583,2.37580395041119,1.57848138573403,2.16871961149783,5.6250430851941,3,10,3
"2705",2.79519847831324,2.41574556790583,2.0386104867225,0.896823284187988,6.11926261194221,8.32015330973313,1.74568965391401,0.243493974141277,2.26313290849501,3.12845958855432,3.90126996066361,5.02230567252624,2.47266015785709,1.89898380100493,1.67726689395093,3.55404462384028,1.11712220201079,1.94818271858661,2.82773556477824,6.1798636656589,3.23958947362897,2.59732413612839,2.18354503290478,1.34622597335817,2.94755881639073,4.57348206204711,2.22623106079688,3.91226535933018,1.48306777257285,11.6839664971627,1.58220417650512,1.10375940668197,7.01726211124511,3.37646358127139,0.886427063922626,7.20321296807286,1.3264962387843,2.61441150932204,2.68170745145099,0.865447834899472,1.9265327100949,3.51187339313502,3.98907404428164,6.82671029805245,5.73506851267396,1.89834569307015,6.16452513341091,2.65891771548308,3.62475892500066,7.46448960074648,3,10,3
"2706",3.16274854790653,1.07857192935685,6.34014837355794,1.54580090760852,2.26458819130681,2.33954555449532,6.55100347248872,8.52660193562479,2.24025019810188,15.1526423416805,12.3370344518936,2.61324205114251,3.51186909661311,2.5033351869606,1.97754443187409,1.66388466321157,3.62171704284868,0.357070396628858,9.13028175506513,6.03574738402391,4.45851651925442,4.5535294504585,0.426087139447726,5.94807483490023,3.92660511429733,5.73816665780148,2.09309897987126,2.98593642698319,0.828563039082521,4.70436414875535,0.300338016271686,2.06592546640285,2.90559331796459,5.10944664112727,1.34538851351509,1.98548453948584,3.22050078440309,0.368045348877148,1.13575679884895,0.947071789102081,18.4754530665386,3.57650930068016,1.83025787028108,1.70170716158477,4.39917913773174,6.53158119346705,3.02258215429281,1.06550780890592,1.80445770334751,2.9282238044591,3,10,3
"2707",1.30312597880587,2.96908892697206,9.27846614576056,1.69869027013748,3.2418142995413,11.3895871792286,3.37061866453496,2.49742027933145,0.844695176564893,2.49715635239448,0.649999099901156,9.72884831315372,0.637405001229704,4.70056983654238,3.15648138497993,5.2441396818156,2.39682979381888,1.2240132721169,4.88199772815143,14.0661911378686,2.60589757180596,3.5234574515401,0.0688268770009706,2.13980984654531,3.00705381922782,2.65964831406545,1.86980037201931,0.537536385359653,2.63188583225767,4.141218537772,1.01728142577522,3.82890917742066,4.67831737155132,2.86207845021555,1.8919073460897,0.889997639903911,0.266812769478526,5.18159915291599,1.20661113667181,8.5675850153498,1.78343965381328,2.65171086366329,1.79564127667066,4.59463829065804,4.43009131768659,2.32532147985416,11.9543457951798,1.08428182267962,1.7912239025774,2.17491026301991,3,10,3
"2708",1.35918565219991,1.34619217428933,1.24931866100115,1.95100549181892,1.16945170692697,1.389062258581,2.90346267248049,1.59989002682953,1.15102559423737,7.21932852901793,2.11736441782769,1.99104580387016,1.44519898803516,1.02001098847463,2.63855840883793,6.44886691159118,3.4785060682596,2.34082129130875,2.37020037272516,8.68976968703023,1.02693482907646,2.72687478653685,1.25646048163888,2.07488366828457,2.51322420455026,6.50588763854004,1.57065960279375,2.05483083854808,0.612566110398009,3.37220880018418,0.721874306953589,10.48097952147,1.62886811037586,2.51704397418069,0.667596021436563,2.79210446003135,3.42554009306799,2.54930426475751,1.89869605158368,2.30914481233506,6.33895529638242,4.57451215551704,4.71205534940303,3.77640130828586,3.51949840333645,1.95545314655133,7.76499238564217,1.93498298850761,1.23763366225354,4.1387945999791,3,10,3
"2709",1.32590842736531,1.81697386268667,8.58168652408474,2.84276875454978,4.51215655918178,8.43685898772504,3.40789989381078,3.20082284672251,0.75466172930545,2.37224177506443,5.17659194707179,3.44512212990713,1.99246521550414,1.41949667235778,2.0203037344744,2.68605731039571,2.46873559471405,1.13176286967769,6.9703397819551,1.80744069610828,2.45817432087339,2.54198865137778,1.00476919665669,5.780128404281,2.51825220672007,4.26136245834238,4.36458038722312,1.70466984851223,0.676857948499068,1.91388194276553,0.0989437618472531,0.727885787930487,10.5585809519337,5.95480052208118,0.853289277191058,2.9740157045393,2.07998898541328,0.530855068183148,0.636639143823527,1.68125499946846,2.42013486694443,2.4074616231387,4.02713570374148,3.03174217846496,3.34487740709975,5.179412671715,3.1818749978162,2.77418484631186,2.80092833958129,3.19298298001304,3,10,3
"2710",0.814041027916564,1.67588750551525,2.75216186268295,0.984548090489543,6.52417038116969,3.55841991658017,2.95742817493327,0.789379253144812,0.821357249745044,12.2970896583852,8.55274487223788,7.06885852276832,2.40882988075302,0.860980255518004,3.86866755345769,3.11420636226427,0.62693661851429,2.77976504205299,4.98730045605631,6.88731924367189,3.38683256511218,2.29127761717263,1.4539466222692,2.57275751882907,3.37893491628086,6.88644398140067,2.2452478512513,0.476958301354228,4.42962862634384,9.77691409107467,2.00989850033688,2.01758990494821,2.23245728538725,3.80978748733088,1.88914393531093,6.41663624780496,3.49779650153259,2.62836197302109,1.8709432949794,5.70205248496804,4.6313621721839,3.90798679257635,4.18223086336074,4.91310206772901,7.75579241412232,2.99175011047678,3.9081698820532,0.722185034400293,2.19961257543232,2.5781385538158,3,10,3
"2711",1.92478508868646,5.28292104454494,4.81019518516654,1.91061692801255,2.92716190409653,1.33285664011441,4.98356097378181,3.98555147043092,2.16898427746527,8.25572694222791,2.7922660283919,4.03770593799414,2.00762911557877,0.509887564545213,3.48543986229199,3.19873136431237,1.38962428007632,2.86161032045983,19.4261940677425,17.41580810629,3.24677237319516,1.38118524906719,0.541069366993975,3.43300010860576,4.27584645118082,3.36151890090105,1.34155407664339,1.65185947703274,4.22797885778063,7.05983245061765,2.69956534835038,2.19718114192011,6.74272796873685,10.008616566594,0.845535978880504,3.24631561949222,2.7531754459576,1.60045642092546,1.23020428573886,0.832870821953709,1.62172388661999,0.96337175052017,1.58245942831584,12.2127323531626,4.24240601357233,2.15736622006512,5.83750389343692,1.76498370058719,0.996138608456549,2.35868160016216,3,10,3
"2712",5.67023168257329,4.38721185295793,0.828849238567207,1.70815073395545,3.99587392538659,1.72187253032963,3.56891179623738,6.79774230218776,0.83297599586896,5.50109310445471,2.75682060016821,4.1532473232828,2.37210377350613,3.22466067636701,2.88162776483189,4.50265898722737,0.775277075104298,1.47501614975712,2.22071615054452,3.44777829869044,1.16445679128668,4.21507678810092,1.89970262018992,2.049010850543,3.71439859293035,1.51073178968327,1.30415237278953,2.46648641778441,2.39189719901044,3.30559207787763,1.26936860882504,2.23293538995716,2.5284895946634,6.69994187374767,2.9324744800794,3.10827223583126,4.43622126750822,2.90723030556101,3.44607936230024,0.347111351276817,2.5604748509153,2.16932015672962,6.63779135019749,6.14863005175333,1.5151052275208,10.9286295022647,1.22574475212513,1.80137739567488,2.9444677246283,10.6595326501632,3,10,3
"2713",6.28717809358203,0.542716917116979,3.16879286284505,2.0925536913199,2.58708340432713,2.2139270452793,1.62489467837804,3.59074060447723,1.04796701751376,11.4064061547511,3.01379550926633,6.47880682363563,1.46962905130357,1.80255602686982,6.10122309777727,1.83616274712642,2.50180647194809,2.03474282811493,2.36171691181831,7.62766729351724,2.46151110668524,3.51055507708139,0.984824235720089,2.42239898724988,4.9212102512913,2.51365429788199,2.02622920516932,2.0033590679432,2.7841665004847,3.80966227061294,0.680580233989503,2.24545785352385,3.00532089406448,2.83997245477018,1.74481088117673,1.22187644662106,5.04116447888346,2.48637845606217,2.33268540311674,1.48021526638914,3.01820290824449,9.17886165183728,3.3269383711254,4.34130877937481,4.46027971124731,1.56996777507975,5.55736105427262,2.65524156268722,1.86983766280077,10.819008723973,3,10,3
"2714",2.28432137087746,5.09394186666402,2.36765399806475,2.48553621594355,4.03969672859887,5.81944182025013,1.23312537199926,2.32135856536902,1.27296957486669,4.21358864876447,4.94577641678461,11.6700245821778,2.82107133667668,0.988060348421788,3.60429694164926,31.2848395598423,2.89189250823954,3.52903024507055,4.69410742576007,7.39122322075059,2.07155187857257,3.7736305436525,0.706512685674518,4.47862833484637,4.45294202246667,1.69992195906607,0.976431723131121,3.74174864480558,1.75451412564326,17.3317605410405,0.478227886961739,5.60356496302109,3.59944205326724,3.57241632052071,2.66270229241774,3.9667319324658,3.23342929746338,2.21776839002852,0.718531425578603,4.9528810267533,1.06889108657501,2.84149423919069,4.41040291059729,4.40844252144757,3.43692865851263,2.96223380498501,15.1364260866895,2.23836864672376,1.46812602496715,4.45191157535627,3,10,3
"2715",5.80595036835809,5.2031177208895,2.08495529134934,2.14463203084635,5.36557186393497,1.87621290010403,1.72718532047913,1.03435800630264,1.29954543494487,14.4760869050066,5.63604065440565,15.7730143444995,1.3155770426287,1.33158943304576,3.14950277863903,3.44911218709472,0.633014328786359,1.35919076000963,2.09267644735717,10.0836971462238,3.15430947626541,2.25563824060296,1.40633822644294,1.54228591955393,3.4787068307388,2.25754551891153,2.14358941430723,2.29814000039797,2.75568557116074,5.10884120991705,2.96826345014189,1.98492275465938,2.69939206080328,5.3521139545126,1.23954909055561,7.21791055249459,3.03523189860977,2.68177087256477,1.95952519361637,3.15301996711821,8.3031805404659,1.57178116869651,1.45579005995785,5.80210130513887,3.87715430258971,1.86340741751547,4.31598469364342,0.856314853484754,1.2865731944301,1.37242303060725,3,10,3
"2716",1.18442430556209,1.32618733661918,1.7589589012867,2.18114843685022,3.17804845014754,3.35827377274024,4.54606040552229,2.0801989403576,1.56342219016476,7.87672626113641,1.93655301851037,3.04592563476349,5.00778417530045,1.84368520485198,2.2549575162026,4.85697673553362,1.94176874838831,4.30886807980898,3.95104905286401,5.63929156012629,2.08446911080788,1.1021876444289,1.44477181184101,2.03228343043689,1.69538355151471,3.10029945454209,1.858183683466,2.74221169225393,0.950260566994401,4.16797148080384,6.84078827157012,5.92019959170877,4.0736330818621,4.36646703372966,3.3260438155401,1.83648779906695,0.509744825378441,5.59347719795024,1.31821533293532,2.06839154714506,7.14848953989096,2.1360131341965,2.93027495043556,0.909219809374214,2.76932222155604,2.0903973341381,1.80811357785248,1.07188616577577,1.32603256616925,2.79048300012392,3,10,3
"2717",0.759191961590208,2.48690630097073,2.5514819879043,1.61231870211941,2.70378088758921,3.85524981042159,1.57176430075945,3.43177204585407,2.03353985631552,25.4780901725162,1.52555068833319,3.29330349081458,3.68773324004064,1.42595127053109,2.05316095979043,4.37598106210775,1.53691748409794,0.281221576560038,2.64395758194036,8.63798093672308,4.46412547478614,5.53171807380557,2.05714149535831,2.8023306689841,1.57335649638965,3.4743349604386,0.81282406914191,1.84118554602945,4.00797238862655,5.30378549603064,0.673946720501943,3.46568597084169,3.06736197417027,8.14070958268018,1.18204459388523,1.57527019595424,2.37754707705793,2.36432746075002,0.589356473652268,1.29447217751067,1.05138751352696,1.4834383573308,3.8413426939748,26.1538331878002,3.79661275049713,0.649247957991553,3.31333115516377,0.454774204964472,2.13301539735266,2.01240152559486,3,10,3
"2718",1.31447926561141,1.42259195882739,4.09173460316944,1.16019883079449,6.86624345562786,3.2696062361122,1.82759429206733,1.78740993916052,0.958042851695156,4.39285886701247,0.629872242365037,10.2188809055689,2.52532792606247,3.07860414567886,1.40203860444006,6.17643860720892,1.17428197605244,0.79042994351024,7.57957208305393,3.71950209270503,1.01821255212263,1.12038097513958,1.20425635267076,1.5546513851798,1.43216221446235,4.27456882179663,0.646338133642787,1.45122719106705,1.0963030966412,3.24574364907998,2.67401640607223,2.51002862007613,4.98150359396679,7.83628268472712,1.37913308869244,2.66779078371097,3.35630772312892,4.52168622975814,0.427841259431494,1.04440915202443,1.46986321450054,2.06062117923415,6.41730182792572,5.18946555102985,2.28056326781039,34.6352890675541,10.7800699717252,1.12994660868424,2.77345496599501,3.7548252368815,3,10,3
"2719",0.796544505878525,4.74637686215318,2.77658117868569,1.89393106712931,3.68987742842196,3.53207064759351,4.00177533551195,0.693177036552012,2.07104153996891,2.85964232049773,1.21024218018485,4.62859355501064,2.53477339757264,1.89911113345525,1.99231607605694,5.34026192331177,1.26556460848281,1.26072275545281,4.44119031433963,1.27959071320924,3.30026360950939,4.02802251878707,0.909947843328333,1.98731056054562,0.602441956700683,2.21324848975185,5.00713629800344,1.64972639544081,0.989427694976448,1.81960376716128,5.04374999403751,1.83366525650596,1.88595899243377,12.0069966512783,2.47291972701534,1.26504257995391,2.81041840584448,0.517539489368963,1.99218198830035,2.4251066574227,0.908353297399821,1.68830998230898,3.66526829816964,3.10339046027296,2.0982625058562,2.53795483910307,7.13398614797797,0.993241507995685,0.839174006009604,4.71111597540186,3,10,3
"2720",1.9393385148662,1.14643412076918,6.12354743628173,2.00662875261755,2.88072204842067,1.80831219897637,0.740331229035835,2.72765793558501,2.82524409261053,1.25893023949138,0.892855008222182,6.29591011856287,1.20991354626528,3.12347479904359,3.26253510155177,6.5428089272086,0.919403104479071,0.318471618476742,4.14735983517586,10.84832167591,1.70125541100313,2.10551517131587,0.919591212746876,5.82933180509634,2.9441030625781,3.94544081107737,1.92723840831048,5.03490105885403,1.34970008616765,3.2526064333637,0.480330196725921,3.12641960552507,0.906804689047633,3.97779507324434,1.94406156136606,2.69007002566061,0.88787450056375,4.45461834742244,0.470516020566762,11.1979549821949,1.86320087972226,3.74889855758157,1.48347300735996,3.83159738275871,0.975870704711023,3.05674196508719,6.08354121884245,2.64221566849891,2.48924024135142,2.70179053007136,3,10,3
"2721",2.56365215196546,2.11470904372331,2.23923599268131,2.03700525489263,4.60428489725706,4.42873577183673,3.26329445028112,2.21566064438407,0.803260402942364,7.42823317222855,3.36941342904634,14.0212202504945,0.715876323721387,1.69040097965757,4.39759317699771,11.6298106140345,1.01412586474195,2.07868270922503,5.02495478983224,6.92273502582916,1.78234400472923,3.60856126223722,1.87096208366623,1.80756048542161,3.13630216547981,2.99155971139492,0.831481598768958,2.48536223254986,3.38037445039339,2.53132430574433,0.546645215975605,3.67769982933353,1.80577994910953,3.76398715045394,1.76908811609167,2.65702260047272,3.81756295039556,3.69777108067844,2.60196325861965,1.45253951378656,9.54448411598513,2.82040492848197,1.78560035104287,2.14517458728353,1.52969963633139,1.32507088436862,2.07495681737238,3.20472968479218,1.71147501048395,1.99357258843165,3,10,3
"2722",0.675733696510098,1.92550720356626,1.59467303018561,1.57331604309965,2.21412391993073,1.34788698760881,2.39977525738805,3.57636257096428,0.514882220554477,11.9145382106223,1.63126579770727,5.19298135125827,2.69880983726085,3.15891105149914,4.96147966831665,4.59544943426005,1.25338126849921,2.17490620120395,6.30223763296217,1.47768766296889,0.600677699136018,2.62934522341237,0.359222700451952,2.06661283412737,4.08944938330258,3.33721430829456,0.815595999497183,1.49289936999154,4.60560159683344,8.14418473882631,2.57577788790064,2.67772944699282,2.05874349479156,17.4642930414471,2.13005006033769,2.06397139603077,3.27037234886927,3.29715768150663,3.19543511228549,2.25147310544438,0.846513315028755,1.54382842660026,3.67414666982516,2.70028910843177,12.1661608652951,2.98984650068327,3.81286598652718,1.67988152877604,1.94267550935771,2.38777976526192,3,10,3
"2723",4.0420157916643,2.98901297498201,3.16996060233714,1.29478598722416,1.46521870214854,1.56166325992664,2.19004581586239,2.29577232976553,1.0113506349199,20.4708218348308,1.94058423387567,8.91514353095795,4.98651654827213,3.3446596194721,2.41293949256266,13.3955305947451,1.25885715340045,1.03576388659841,8.45328597526229,3.68983481583919,1.59385176168919,1.87114176050721,3.67317891720378,8.86167608284878,1.40691103797633,2.42206882981071,0.533119483183234,3.57194962334644,4.5819057048722,3.08484972618874,4.7064898616731,2.73475938180583,5.57332588823874,4.87791879909948,1.38239294857833,5.76169025456014,3.2822315190073,1.65528026103937,1.05997393725339,4.86450966109741,0.573902398690421,2.63264849946776,2.88158131653224,2.43651192309086,3.34049437461214,2.06488228338511,2.7872424862169,1.7156507347655,3.02320973126177,2.71422127788886,3,10,3
"2724",2.01198429670964,2.85309879776026,4.61425054604272,1.61782863187518,4.78945211421392,1.81056455473804,3.86087226387342,2.97189395344374,0.621648583176742,11.6222370925288,4.38228880460648,8.31748592726534,2.76904310018224,1.19945414775112,5.50660074935244,10.105542668757,1.53896866920144,2.41226087399057,2.02988761987218,5.88693217119353,2.05103597683784,2.12176577514778,1.67181807938465,5.53812087588827,1.59301451305122,3.09516271155526,1.04670861406326,4.70771088644599,0.673771542220781,4.59746219683582,2.8498913728058,5.69211634696498,5.40323475513612,3.64523038845178,0.932273351884325,2.65459599617081,2.31640717568516,4.66281577401284,0.441447968517154,8.71508254408537,10.4472721053849,5.80223873364292,4.84607005414119,7.54051611728688,8.543745115337,2.04858806299568,4.49307028296049,1.12144594355138,2.29696118948263,2.90178986070833,3,10,3
"2725",6.08220411719473,2.71372977001688,4.76508286898344,1.54624925870898,1.62939762657594,4.76247408723597,3.73841434888661,8.13563154002775,0.170173678922261,5.95015295765804,1.78880747691552,4.15903548427011,3.61875260236304,0.990886087178146,2.8310749213263,8.5645530494022,2.55386116583658,1.0809559454347,4.94229003100949,1.53616910331331,2.46501877399381,2.78550170362057,0.955234442957049,3.2803623661822,2.1151190553035,2.86372322374582,1.28454004022248,3.50551015012581,1.34759155161328,2.43248413067318,1.99216434119587,1.04317401505026,4.28327179953285,5.70460817660262,0.553560588669653,2.16170626745986,3.57984564234496,1.95511275329954,0.456561752861761,1.22666697605522,1.53779004815836,6.39327056168612,3.03855820276507,4.42723059492801,3.68619475327941,2.60376892473752,26.0571695709062,2.19211570850215,2.42742939618838,3.14471164838876,3,10,3
"2726",4.94749294756829,2.6720216387959,2.92280235963271,2.40348380379177,2.13617223740601,4.15915213215101,3.04260620692387,1.9706799399173,0.74147821118818,10.2948253711624,7.68813910216512,7.00717467523201,2.06480383126669,3.75529658843674,2.7631489832601,4.26996609190779,1.77881065240672,0.252854644412068,2.80319860586344,3.97708272848804,0.911036911093261,2.77018215910364,0.578108333187961,2.27772453937308,2.86434290325206,0.604523141851568,1.60369097938236,1.56153975697488,1.89193373940535,3.08216245161508,3.15822285724115,3.21191948618294,3.36905182410232,4.69056194159286,1.44301384222239,3.19931773695398,1.74953071899523,2.33119014238276,0.903878666664253,5.12530647868003,1.76017999809101,4.34901722642167,7.78156078362007,4.05632333143302,1.23740860899626,1.18897530425127,2.6449519027031,0.297145408177108,2.03412857939499,1.91773606320641,3,10,3
"2727",3.91218947901716,4.11036220048028,3.06045376909049,2.26102355091021,3.30439936645674,2.53700540053756,3.8609322775235,1.38328984762541,1.38086390988745,4.82899891659331,1.28685826843938,5.63817178641869,6.91380531689134,1.14534118129081,6.17283592075225,7.72929991401483,0.945209829945248,1.38908113294636,2.18856218866456,17.3112643043749,2.55970143866842,1.57486854509823,2.00716176613379,2.16150743163111,5.19389763541651,0.981863882037971,0.621448229142931,1.11659279106074,16.311270516276,3.62022137836105,0.802480854155418,2.79286326376059,4.89627954522966,2.29275659137182,1.21105777638045,0.387869473313122,2.68082327641476,4.57081079364305,4.04580017236597,1.30533919411657,1.22914023449205,6.46875567218084,2.67260709422986,3.34558203295676,4.44902330458136,18.6981664662777,13.8714149116409,0.504361245266297,1.16622326776238,17.482632997402,3,10,3
"2728",1.72334810512752,3.01975524937741,1.37913254441341,1.63488520997269,13.9061556878609,0.744225539841238,5.61314256970041,1.51702023133915,1.54304165632718,11.5068811851557,10.060651460933,10.8554553809745,2.63574793659349,1.37817248627117,1.88485149197039,3.56447386726952,1.09547540452243,2.19498644023383,3.39848843973843,8.77357148131857,2.48024414041308,3.77467927408744,0.920598660512425,4.06188593197203,4.69823377286944,4.2408320740484,1.16446408838109,4.29532770120671,0.521815339672784,2.92339318146514,1.93944139341173,3.03197271616206,8.59361285048752,4.25485574868875,1.40229566748326,3.99575173864805,2.7742935878906,3.29001108245548,2.31554719569276,0.786226753020609,1.10427827721755,2.91928969875977,4.37462439668816,12.5942392704901,5.16626184650521,5.41041584104086,4.95367658695246,2.62734910020167,3.75286882761234,1.76771751403075,3,10,3
"2729",0.59016393208167,3.46196352797632,5.47042400551112,1.81374195179362,4.11803535960478,15.9387770008029,2.17874371106831,3.71017224855226,2.50195951834557,4.45309155441277,1.82309314008141,4.78753636428047,2.17501551208448,1.87028104810116,2.07688318553172,3.33249256007383,1.32878529316511,0.325877446692188,5.8397542228647,15.7165721746253,0.212698605140563,4.23786396807762,1.74566743325048,9.52196201666695,3.3704177059518,2.25218280439084,1.96496769449927,1.00843027853135,1.62777787179146,4.13876246744517,0.241616252428725,6.76833280879962,1.24300747239033,5.31956662914575,2.00475630606037,1.66605370049764,1.86993657618297,2.75064902027083,4.78377939004135,2.84681066203753,0.707000552332056,3.49228003845781,3.14479923423766,6.54475835213389,7.93346015186817,4.89050927860813,1.95128878149088,0.855442398454612,1.41826723492771,2.78528713086916,3,10,3
"2730",3.3273254285117,2.25088401146594,4.67217491046897,2.31617681632953,3.19686526405047,6.93552264345987,3.71932603197209,1.13747436207783,1.6239715096192,3.03891963197199,3.3817278004813,4.23966627500662,2.56042256187862,1.71057255825157,2.16605018456418,6.93888238138856,1.30542798336202,0.395102665634906,4.36134656222975,6.29130607664872,3.57877253303011,1.6433147081246,0.675758371346294,9.52326827644241,1.29305274502163,1.36755895422107,1.09835638559256,0.309611804339557,1.27097278430296,5.85433490874986,1.57009349822488,4.27661328627061,4.41395072192887,5.90216379813482,2.20233317475519,1.77089861182516,4.22382970794563,2.62730797812269,1.46542301557494,1.24324745494243,2.71711499321686,1.20574194925898,4.14822077684674,7.11665195356282,4.87287988198235,1.54248210427655,5.06753842326925,1.04948127647432,1.14359480052431,3.29655522636701,3,10,3
"2731",0.602934091357214,3.14797913439341,2.30531927998103,1.51429344201826,2.4009110415217,6.09480720108408,1.74855757404067,2.44770807235337,1.52261437661674,5.28953264110674,1.06492342275079,1.68706794060972,1.00516164538249,2.77852773224008,6.20075244307808,2.06637453868227,2.54148478895832,1.32305330454536,2.62546959593333,4.37680029928923,1.60576562688191,3.57270929448296,1.51790952940851,2.63280380068719,2.63808684386148,2.13873100752797,2.45759672946479,2.49060413619026,0.917841731212764,3.39173454719253,0.353630489817256,10.2492323593754,1.33929960096633,20.7763954523439,3.39837104314148,0.990655050512233,3.74381526060303,2.62997428141811,1.8280151308411,4.10848294447705,3.23230569165645,1.30095114527205,1.92909457886623,4.36378066222138,1.76283536978009,5.53263351155373,7.52237118618645,0.769199675680228,1.65546574686418,5.84867216524474,3,10,3
"2732",1.47310479742855,4.1573527617029,4.10761202568688,2.73218205920852,2.56212567370463,4.20414674072077,3.02656426055297,7.59672934221157,3.35708207951475,4.00164895631902,7.85104790677986,1.95042366411356,6.53798271855326,2.61615230989225,5.44553071232397,1.92367560945449,1.25672022223021,2.07164276633555,5.17140001154235,4.78095799483281,1.42996444379273,2.26345298544184,1.08534879868626,32.7900200110209,1.23680560457591,2.15859979616628,1.0036766219961,1.79170599442337,3.57272290173204,2.66011160764298,0.993054961312653,6.08432961437502,4.74457177020678,2.87990210862273,2.55077370380577,6.32052317894019,3.78948531227818,2.14587362060348,0.134580625523345,4.55905799348502,5.99496310275649,3.83897767167121,4.93931134068411,6.19933712122149,2.85536114760794,1.17152207997073,1.61425983365243,0.524558407903158,2.81941188133407,2.35050174199903,3,10,3
"2733",2.17502482694151,1.89219417776097,6.81395353226481,1.71613120492942,5.66902519079921,0.984511470800871,1.43346593019233,2.82379468248642,0.814803575608139,2.41827051227698,1.23333695942645,7.19186421768618,6.86959956858226,4.37203426781624,6.73095243161371,4.92551941533192,1.53735144340778,2.02239133335539,3.53938297808321,11.279947507445,3.21628359949718,5.75948765815761,2.08283805721902,5.8269566743292,2.08394091303024,1.70993247871957,1.65437488624889,3.45014628880768,1.24702798201375,2.85638023076497,2.6121467215884,2.03306507451455,5.37402668331852,3.60849070759877,1.04966477388337,0.945295527177273,3.731326829813,1.94410159410653,0.347595111036411,0.70071338980369,1.95610245267467,2.72007429533176,2.30063157437941,5.65816638015886,3.18202595066112,1.06170084989028,5.60914870692539,0.671989891484088,1.76416732289291,2.85892964027541,3,10,3
"2734",1.36692989901871,1.98776534137095,1.93003155463055,1.39953863406424,2.80155191201588,2.64464294215849,1.6987746319965,3.49684172948879,1.6798442420048,17.4344933267687,1.10250004328193,3.49450525831717,2.34255841939744,2.99047195580187,4.61615547376558,5.31735490675293,0.919704950848553,2.25586582138069,4.75775288260748,6.27366528423983,1.65057762657924,3.47604590976357,1.14196211069657,6.95530765351355,2.78110858260013,1.82642695344353,1.1950256835864,2.23804822946827,0.759098842530546,2.06945002519498,0.543156873635824,3.93400020719453,2.0430025437394,9.16447409005471,1.71052499079999,0.867338378236847,3.2332647616991,1.10376981565645,1.25602194925334,2.38148534764636,1.38477868537823,7.89949165435422,7.2561092112519,3.12581840615086,1.74957204500304,2.36038480019472,2.73411993073484,2.50678027508014,2.33792879271157,13.5088620977438,3,10,3
"2735",2.12456067703087,3.22212096043735,3.05179677182373,1.87149277777842,3.46069536678157,2.97443517450413,8.45523274282414,9.59560919093138,0.814952895780623,3.59443722176536,2.34519285511075,11.5687554323965,1.78248847801065,1.59267414057821,2.61664002833858,2.69412066190704,1.5379119034988,2.59384798362943,1.69003042561052,5.19822042498303,1.39490353659499,3.58813035823923,1.14601797651788,3.94190073996106,1.98948375795883,1.23287269867298,0.909688165030266,1.97286366600867,0.571492061987835,4.86285747509204,0.250240195316559,23.6151421247445,7.05956244336067,4.19024720157308,2.19057452701612,4.33476282943016,2.85846587586915,1.86059740513438,0.995899559787192,1.67178131075484,2.21495469347115,4.97434657028436,7.15625517080926,2.83942133107489,2.42352505139836,1.66739248750092,5.78186416377528,0.671596120213771,2.452142019915,4.14731967860435,3,10,3
"2736",2.03868575270219,1.25663379857769,1.40338350185115,1.5917081773079,3.05310442524732,2.78441457075081,3.77419255833541,3.26843747699745,1.02663593370593,7.67163188730224,1.71059505975896,6.42249284595537,1.70637319819718,3.44181236049604,22.4485611627799,2.08573830236384,0.85421081355362,1.03277292471999,12.4002317139977,3.54535642214236,0.800998811718955,3.61113387503934,1.00059489445045,4.08843687768669,2.97373273868471,3.43700347860027,1.78342905979306,2.60364043439888,4.79851153349794,5.13998670337499,4.453390411699,7.02811585709703,2.78627342330799,40.6772174156037,2.084870696067,1.36904982022632,1.76870344627714,3.07359305686199,1.19682362747467,2.15776866113618,0.865650203702639,7.11094644447092,4.22793686310942,2.77957160179348,3.20246615419842,1.77553343816603,1.72737739234867,1.93256732669934,2.603424831107,2.13907944796351,3,10,3
"2737",4.17531716600985,2.26296618419782,1.52623302219287,2.23806847567066,2.6113049037456,2.50841326554601,1.73130948066285,3.00383550632591,3.10519471103728,7.6195953541521,1.56259397824439,4.77887764550586,2.55931285250519,1.54762150131619,4.69616647801505,6.98168539476655,1.92268462300196,0.81610476162176,5.41671761072986,6.52128200776683,1.62662900060803,1.78342246351909,0.483240657100487,4.42871872911231,1.56321215759498,2.4526530374927,0.636677602187566,2.03176426727884,3.55349278489756,1.86868849871814,1.30432070081577,6.26641111178677,2.12460188597799,4.54736171048518,1.37818955717548,3.40999768746467,0.780255373221975,1.27924972151771,2.32944476274099,0.422171490466851,3.43893215867388,2.66679612138673,6.35381681843846,3.10425383873889,3.42266228384818,0.948164366654601,3.0308496645726,1.09101744598702,2.26775026019009,1.35172835475561,3,10,3
"2738",8.86501271481361,2.38163897915342,1.80948666655454,1.71655148129356,22.7607002606387,1.70113036038597,0.50364047820681,1.13910313219963,2.04107422693529,2.30702360120502,1.75279044939821,2.77470718169771,0.809404418490023,1.41767494244766,3.14819632356296,6.80082195792494,1.36715625628217,0.693172750768482,2.83316399728393,3.69688642163204,2.41048225695897,1.20339859102838,3.04198729490672,3.03647874017158,2.87088189671295,2.31016664576943,1.11648910379675,1.15492930660867,0.693846275705052,2.40272974290035,2.08203319198889,2.49289708501431,1.86328140388044,4.71064711246496,1.41707671148154,3.33158231724328,1.26961935316915,3.37049821243296,2.40666347324522,7.14376701225128,1.16533190943515,5.61454999186157,9.36931225407575,10.7757792080843,1.30982030816917,1.94644796183033,7.76565556096982,0.519640747454543,1.88863680541537,7.31491457946885,3,10,3
"2739",1.74354193094419,3.89384328516835,2.61859554715803,1.99197488526081,1.68111770609025,2.22174198843626,1.52747757304666,3.52873818639746,2.7218978297893,5.4375330121271,10.5431949682149,7.22006966400602,1.36043211928554,1.5151275524317,2.66790377628545,1.15764048515875,2.43968247577042,0.638967276895919,2.56127782154432,3.23261444601857,1.40734931866088,2.42853967941812,0.577782661339937,2.32609284984208,5.6117937131912,2.61004433545196,1.23448676243298,1.24371142120951,0.930309019958056,3.92014072258822,3.33755091696384,1.89013519132298,1.26785581985221,3.84303997863622,2.86461115008702,3.67750520795913,2.04497514332755,4.15005868862907,1.0955294877052,0.869216098981694,0.819862244291406,2.33954367521962,7.59615502711804,4.08257045862285,2.80046993831933,1.17212950079437,32.6721781392587,1.8396862804255,0.83148290220482,2.55782685939118,3,10,3
"2740",1.02259119499889,3.14181785449934,0.969994648856433,1.34882929198454,3.18928284190505,8.36599810541636,3.02816854422723,0.273938403992665,2.286316774225,8.00600607914295,0.58405058310207,11.4789027209841,1.09596066338326,2.53368284808081,1.41284823458056,3.39793283665292,1.2835255408858,0.363848574748867,1.51517778358612,4.27010754204392,0.887405710001762,2.20954650105838,1.84513122994704,2.48965385600622,3.06847267210081,1.92028493396778,0.382373613583415,3.54759599204161,0.846318212409337,2.58087639756347,2.76234310604308,4.86079870468252,1.71093102642539,4.51887962814117,1.70991931412021,0.73781390882512,3.54270338638422,3.40016625602284,1.23544997989284,3.4045004523111,0.930944816395029,3.47505145713806,4.61119675163514,2.03598655708072,7.82015205816861,1.62373090105622,3.44467878249142,0.122232765297522,1.65304973508357,3.2751117652485,3,10,3
"2741",2.44729073698772,3.0049856909402,2.90246197501404,1.71016811734896,2.68813911020108,2.24838364124705,2.51285731743293,2.96300103304975,0.668618738511965,4.32750670655244,6.66375224289024,7.44901504288725,4.98907089088961,1.3521392979904,6.99469711055672,3.23835167318793,2.12854024880006,0.498648950750672,4.02886020495926,16.5802004059274,2.73314031441073,2.6350542290497,1.4872913260838,5.76013263291398,2.22785826627476,1.50458482448168,3.81256271080763,2.90225949612526,0.46357367489416,14.1372657988122,0.831036308918464,7.04754285812422,1.95071961203805,3.83962828498033,1.16439780449621,1.13992409439748,1.90881247429849,1.22219789939599,1.17741310901408,0.552752375978515,1.77132790924953,5.05406099243967,0.751764464637436,2.5396536286875,3.68977211180978,1.25900018315992,5.86855532100432,1.33571898816731,2.55134286774417,2.52412036622314,3,10,3
"2742",1.28771133393455,3.65734328962081,2.69323175181823,1.55837181236042,2.41599864847847,3.10406615658713,2.41999484216917,3.67249077150493,2.53282789569178,6.37617406463439,0.728845567696899,4.05704155751786,2.2839675434654,5.42468882606388,2.30652051728005,5.62023811187644,0.984640964166923,0.439482512550853,3.26469387904962,8.99928012757352,2.07528745657386,2.45711813461414,1.96930338950372,7.89241575458098,4.39637189435415,3.13560983001471,1.96730446330671,2.98504545957397,3.24848553056794,5.31902429752852,6.80325165157921,0.796682003637319,2.47237774478824,5.66122651652047,0.792512146637079,1.70545224156518,0.347658559313152,3.27960134182709,0.469998676952459,0.527751531178202,6.2288110651062,5.60578221396709,3.99414377771169,10.2465676245449,1.90986585501623,1.74837277019386,3.02732592444943,1.96463056528745,2.24506097400777,2.70200447653825,3,10,3
"2743",2.78459858331294,1.47488090487981,1.26415828960768,2.1018242720114,3.98159140418787,1.97559658627587,7.820927278131,2.85884228688529,0.994438709106896,0.493831503736317,2.26177836834829,4.66522951572904,2.8026474440778,1.52052056440068,7.26049052460493,2.29551959351125,0.761057598056293,1.01806123759706,4.53290163343215,5.58219366801859,0.468663451790655,1.46241596345253,1.43899862327402,6.93814467120803,3.73755014357995,3.91198124605039,1.89607807073594,2.03097637486034,8.02858355457978,2.60697914407476,2.28082926142908,1.98165532848996,6.35701481353891,3.08949957049086,0.822721437319658,4.84313660202592,3.88464511819029,2.1522320995555,2.21340944863195,4.18539660294888,2.79652575745575,2.38393103871161,3.45533982755246,4.92321613646938,2.04108194901696,1.68066939147197,1.00006343406864,1.25014583656627,1.19621256685987,4.27567207949897,3,10,3
"2744",0.712017807975421,1.61078913848582,3.31118192308904,2.08590675834346,3.09456862429183,6.7906101157066,2.62928536109694,2.9957682758128,1.46355011268669,4.81162421948152,9.68752578521726,5.56695157867816,5.56266330558662,2.86483337887846,2.24518133314061,3.89597444371893,1.66163270225751,2.64144684340054,2.94109773613455,6.31958022709542,1.53765816664913,6.68482695903523,1.37413787646782,1.67717992269489,2.23757115697049,1.48273493411898,2.66342568120634,2.94478659612142,0.826759761610882,3.84552453717428,1.00900580454914,3.07474033300897,7.96215754663932,3.89682754110805,2.22562808495601,1.83757728591282,2.34167402166697,4.37149779900969,0.715631836320592,4.4745244486105,2.05889747438815,1.49236047396781,6.54994998191455,3.70319716307023,3.91357277407979,1.0996078564504,2.314608973266,0.613456213082063,1.23637237915371,6.62614181468951,3,10,3
"2745",0.64593737927018,3.87508075760773,0.612159791206529,1.82369473199909,3.84729315152278,2.90623040581386,0.714892508865207,2.26661672558054,0.240469881658862,1.69690181620485,1.51189771021193,4.12074261911286,4.26600211934434,1.19945701413862,1.88717787108496,3.61317184827606,2.1050339696114,0.178269909581582,5.37643095981729,5.54721334743529,2.11361426327593,2.3019613854282,1.62665986906394,2.67553757866025,4.79778587635495,1.82861668010742,1.82603777578359,5.63868343178625,1.15854602704149,9.08219812121446,2.71773624974456,4.49840767919016,2.39804703669235,7.53696534294628,1.3908145833097,2.06854201311729,3.55081000143836,3.63484553274583,2.95071570083161,3.44508920191443,1.4897820588148,7.20558962274307,4.46273703715502,4.19911385105751,2.7474429606996,5.13703454551598,30.3102101415722,1.83673905462497,2.32381820191251,4.60534131700665,3,10,3
"2746",3.5262360586579,0.401891853647118,3.01633469098936,1.44696557492587,4.79143267541371,2.11860782905066,7.90843450008497,3.61828779231502,1.06186396888464,7.91189222166569,1.43390932918011,5.14321729921721,3.0663259403508,2.41429855313868,2.84439799450702,8.31206769407166,1.07339648016163,1.18045455491172,3.32758425040551,5.68384266252134,3.16927932104077,3.18288824433344,1.30751696606393,2.66008156378704,6.42242449407452,4.22980916042347,1.52477552806242,2.00045915176047,0.603812164242512,11.0607863693454,1.55136795885773,1.85849285587788,2.95768418062366,4.83662278229787,2.15049472429661,0.402441945202751,3.48000568748601,3.96735581483222,2.79286233269906,4.57442971619455,7.58682047481466,3.53985850383735,4.18666478001662,2.35745392904938,6.02039942682097,1.87330233208442,3.21868236136876,0.0842285518508209,2.32112228035458,4.64453211323256,3,10,3
"2747",0.95874602496901,2.20424839676081,4.13619773374165,3.81995355944012,2.92205565246777,2.07101454603568,4.08396358774302,0.945107960885136,1.72872906060812,4.38728596042379,0.898392880547991,9.60209199039016,0.601144693021279,1.9187326275213,3.28921959029486,5.54692495427652,1.35128601204577,0.792990719209294,3.70948332393801,5.48577870267512,2.08288549687054,2.52044536073704,0.765876083501775,2.73562600687036,4.53174447077292,3.89259987730041,1.46508421268426,1.78755242499259,0.350953011579199,0.731353534274742,1.14489466278789,3.18878313483009,4.84600259501703,4.66710107614085,1.74694278808654,0.35224957694837,1.47513958137253,0.337474442563213,0.365166056885935,4.97384100705712,1.5678341314495,3.18664351663304,2.70684413067989,1.87266292169461,5.6331644484046,0.502766119456228,3.27461974411884,2.00451355391622,2.49042318772576,2.00561410478585,3,10,3
"2748",0.625780949823336,1.03521622073575,1.7430415342242,1.43503944614559,8.44891183313996,2.29045327126133,3.60031568274836,1.47469956979867,0.475800369626823,6.48451850469465,0.977970507919313,3.81961808078036,1.18222930824523,2.69294695247419,1.88248140858454,6.28165353934554,0.986482730768752,1.5817467671628,5.42669629522707,4.28339249333523,1.78416708026834,3.32587422581499,1.09893775520225,18.0382413158272,3.42851539310246,1.9484736897828,1.11898600062212,3.62361597673567,1.2501647196552,2.71809196142956,5.65063478987305,3.18855997999056,1.54359795465245,9.78969893496,1.14679492863853,1.49959752397049,3.35949739016311,3.76154392222975,2.33271180410717,6.30993082550456,3.06017711873134,3.99584734669691,1.75690286314231,3.70013010967715,2.89843179669404,1.16750271887978,4.90461235029143,0.632157941379216,2.75776300301183,3.82537161554901,3,10,3
"2749",3.12379789574373,1.96524164303085,2.04524469291963,2.70750590166564,10.6734557046488,3.89541949684872,3.34017967321018,3.46958717749509,0.636453109555463,19.4519021778389,1.78507751710293,5.20879095178421,1.67090741860336,1.75647620224432,6.88779096515737,4.83710109254786,2.23471054893028,0.341826820423091,3.27706689903874,8.46463239334895,3.21525363074528,5.09201621975024,0.16678504868686,2.44272620885249,3.29612988618936,2.30359741652085,1.24940742892587,1.85817832093009,2.25876417744408,2.71176993785233,0.307976438285096,1.80358718658953,1.7173018385624,4.42940638594512,1.63695748600186,0.757100245500888,0.449540187922193,2.49605497847338,2.31890728213276,6.546566671792,2.10536762474967,1.74818778738731,1.93386485958155,3.90349006383259,6.53909754133269,1.3425439290693,4.27185690364893,0.714070902794493,1.62142659630913,4.19078209855302,3,10,3
"2750",0.838023311200129,3.00847248072963,2.85846641148335,2.77544671103609,2.46328421536229,3.16353525630712,2.98635214880829,3.82890870066071,0.375483435757886,8.59213776990183,3.58774792563293,2.53979850078086,3.38163221574428,1.23437780430738,5.63894039015576,8.54671005006693,1.15027797156452,0.756829528289757,1.90492854511316,6.72430357969875,2.4037517226306,1.58689354301663,0.927563303624447,2.37413623924509,4.91501444234876,1.94723697978911,3.20941739851137,2.99285996498665,1.36866544951791,2.3417814200674,1.03702855378873,2.51492476414163,5.77963919293664,3.95556096669482,1.20002459239991,0.344301853989448,1.09386622508562,1.31389271843458,1.35415485101936,1.68431376809358,1.73806993410732,3.3063416294776,7.52238158100012,3.61216242333521,6.20562914395589,1.38403122989959,2.21592391947362,1.45885671050459,2.72575250867365,1.82906718976816,3,10,3
"2751",9.91784912019167,3.95323458717965,2.28251482349799,1.83939379873315,2.83045327381379,4.35986558369389,3.16677936523749,5.85547218955253,2.23914155806167,2.47140208913607,1.34461241252373,2.6877514687872,3.37794247069236,1.30947013889222,3.46988331397612,1.78346641967648,0.925906364664361,1.0922574381098,1.67121002217166,8.42226256749533,2.74756686438496,2.85519626111183,2.68512249089974,3.80176107771381,2.14367888104741,3.10304925659391,1.6402764980726,2.3719119804526,2.78251896752648,2.61008733917776,6.24705749803589,5.40303878365993,2.43734048637482,5.20215269930642,0.910033049407825,2.44664886806398,4.6074332902501,3.60758097149389,1.57810341672375,6.77321094902354,3.72755956790003,10.2119696601589,4.40379784364053,3.40964731428579,2.51865413775715,2.11202359800416,4.08439519223644,1.92142527642354,1.99542474696617,2.35662395971541,3,10,3
"2752",1.33313885157344,1.19571456755975,4.11180023551544,1.98672839392266,6.82688386479326,2.65528615533865,3.59076517407558,1.69546997316588,1.086170654613,0.772995193181269,1.24488841216725,7.2911540154839,3.01397952747952,2.50628285209927,1.77830764142202,4.08835785738949,1.34009589711115,1.61509564853103,1.17476814088117,4.79005270289002,1.75588989558395,1.31568353011389,0.611375997052139,1.77215150094753,3.44485593631456,3.12939672030355,0.523783150476821,3.06539022729729,2.61991074565861,2.67558272645391,2.69046338619281,6.9073101528772,6.3298685133625,6.82457188537658,1.24245447888743,0.395484932234758,4.63226598386187,4.39288193582353,0.838951807212941,6.96110245391148,1.49465417177066,3.69647660952593,4.41483635194849,4.35485886886814,2.10064337487401,1.15195799151097,2.41720236368663,0.195898165165165,2.72747609957265,2.46607213474506,3,10,3
"2753",1.07906777046279,0.808139177194416,2.18695249130275,2.58979000034992,1.67201593086044,2.15446357885983,6.47475754921829,3.28137883457709,1.71030606300399,8.24064915633807,4.06518896681009,7.9073922241209,1.48240532627082,8.0969030599277,4.8801130228807,5.75492206610656,2.24928598254649,0.507863889073213,1.79072963889296,6.39223641009773,2.12913669978755,1.98248775521172,1.46253887131936,1.15996618538727,3.19883979124516,3.11706003769453,0.886289342229415,2.98274369286778,0.351094754175906,0.918393654237865,1.77761659912954,6.90738685772698,4.70853325301551,7.8655110353867,1.46176057634187,1.27096044074071,3.89560096927924,2.99028156275756,0.386650103177213,4.86820686550704,2.52320583689342,4.25612273564595,5.98750791499457,8.07482328801672,3.69075553732539,3.24845742304347,4.99890872503868,0.301484612581023,1.70105157871102,2.68759558678079,3,10,3
"2754",7.88098696118159,2.6419934312301,2.72687133194598,1.46805219571772,2.95388551731427,2.17848561757395,0.645743765358303,0.534534685391603,0.621862342195743,6.2242745577947,5.80683399333406,5.35711049783754,1.3788514866448,0.761275157907339,2.45457550073243,5.831698994965,1.43154889411264,0.807730422243729,3.37445854817959,5.54388984414844,1.0768186530982,3.42614728310512,1.50496005600251,5.89429885985272,1.7885724249753,1.69431554417059,2.30122404082171,0.964745004371527,1.06858256210595,4.31830714424578,0.22708071091109,4.45122841104449,7.32164381931924,5.25098421198086,1.77861527197422,1.99805164370268,4.58535635776397,1.58349680751798,1.42623902198809,8.01078784960982,1.79885157708708,6.26625633289385,4.88343136009965,11.2597664676634,1.40608972308219,1.78365146333862,4.94084905623693,0.326515441092731,2.39678271464204,3.14549441795187,3,10,3
"2755",2.39395164717832,4.04474036864318,3.79549256665711,0.787338962371508,3.31826226278869,2.03593852831343,0.597582850168157,0.948824436553201,0.960396978645212,4.50493985965336,1.24018450669801,7.35212792577352,2.34781206611978,2.41055043664656,1.0319951351268,3.1901616711112,1.06002861014729,0.543154637306991,5.42891998982491,12.0399786058008,2.39648427272615,3.29027945685062,0.731500642730896,5.96854232333258,5.38800757472831,2.222818396786,2.42289837996988,2.18129579853897,0.567748868117566,3.84124445202153,1.38233969899625,2.22665503064356,2.12490592408933,4.36719998951881,1.66395096735798,1.85821627042253,3.69966183921876,4.84953808754068,3.32593951534018,2.5386825368247,1.29467180057159,12.6818590452187,4.98570112148507,11.6278971254353,5.55526301415835,3.16420612871538,4.16966060133975,1.48855519619263,0.909499780194694,2.98824718686745,3,10,3
"2756",1.55316301192698,1.14837054403241,4.05947140234375,0.998895874635314,4.8782683531627,2.76353204331201,3.33739948675119,1.37289197732606,2.28033990589746,22.9565849673243,2.37547739311868,11.3497273549029,2.20757845877254,3.65824407134134,1.71194433328706,6.50665135988296,1.9388526182841,0.549638201037207,16.9838583024879,1.28992233631186,2.30768091478439,3.77540848890695,1.51537146978786,2.93960689998976,4.88791089127067,1.86860414154913,0.742626158540366,1.36142588236148,0.526740141298649,2.91760408964376,2.51849930186012,2.72034745130005,2.22333913097433,4.20840091553449,2.85033036666513,6.24796994797012,2.05097313895009,0.556369011820972,1.65514145447397,3.55032834654647,0.873340415805065,3.2555293402376,2.05965476575717,6.48743668233383,2.38665535725964,1.8138746713585,7.04791166251368,2.10677025559816,3.923318727809,3.99577864759117,3,10,3
"2757",1.62346836062437,2.18980267425368,2.53580044518642,0.879694290056886,9.77270843731579,3.02862806959111,4.09089274366702,2.35895071678539,1.52740044544178,4.55185152459999,1.40839264367952,5.14615558781005,2.7648809019248,3.27243253968623,3.88134564185749,5.48905937468666,2.33085230899399,1.96547489026066,6.83362064956431,7.13131793357802,2.21641807686688,2.16192252571358,1.16772156078941,1.94361373318857,3.69893897684902,1.60499248256902,2.22930482762362,2.19502267806315,4.14906879861055,0.691716805805803,2.08547659279716,1.92303205169819,3.25884407423584,3.84950471815825,0.97337599277767,2.7125475768957,1.46939660013824,1.70068470980458,1.41950564449696,1.53306355023688,2.43305359602402,3.56380427803736,4.18986668081027,2.44689057166578,6.94509684127241,3.16839503146145,3.34335229342166,1.07389362019678,1.65917465601458,1.87094729162082,3,10,3
"2758",2.43301820536262,5.16489237020532,2.61943434537413,0.703039356798402,1.65098862040506,4.7039041870616,3.68635941975065,0.375748540493608,1.19780625082958,3.51763251609718,2.65243795567567,2.37461792570591,1.20458634945718,0.507544146777126,2.25492525403973,4.31588122838447,1.31564596980531,3.14128576243271,4.91435098602809,13.3154195388334,1.86038709402316,2.38936532773505,0.901640478374966,1.74399840886308,3.35067603848625,2.85118627430749,1.15032943955916,2.53876461007634,1.28184563304736,1.62682886685874,1.79175307227014,3.42469239632349,3.27964822875728,5.50444314450806,1.91229066202638,2.18284612372888,2.17774113114698,1.51818696358598,1.45577297358373,1.56271682314866,1.68227851209024,4.75936761813477,2.48499468569988,2.24700168793398,4.44774982670666,1.72624453210065,2.25097509783406,0.388329975490302,2.11511333696044,3.78495848111695,3,10,3
"2759",4.04036796371867,5.16495522220275,5.03856416020905,1.71145532746533,2.07450290993233,2.25336501095953,6.2711005839176,2.91165393114889,0.930495599068452,1.82098485197405,5.4450058000953,2.4540618821314,2.03161093347728,1.31882729989316,3.9032478242372,5.21457137961292,0.619343052329272,4.24940078220454,2.56950703305375,4.91891952933058,0.898904207487116,2.95004976510797,2.28005047303953,3.48524798484537,1.06928866009628,2.72159055609991,1.66504559946695,4.67505532807745,2.61653352248098,4.23324246620778,1.09701331525997,2.792728942599,7.44984910479279,4.2528296582021,0.948857436075385,0.737893596058559,0.0978941179599735,0.459181459295564,1.04977337473276,3.80406297267349,1.26475427933864,3.01583017439229,2.83091992066571,3.90512203082166,3.17686595808333,1.45319320381649,2.69732590937727,0.90305742110915,1.86868627712634,2.56215742077755,3,10,3
"2760",0.900573359799291,0.986419547211571,1.86265849958239,0.723426724100014,4.94936893849122,2.78318192323906,5.33682942087784,1.61338649565782,0.947441173122411,5.58595103428766,1.13673403105701,3.34764487298027,2.20230872164037,2.50018995367253,5.67756208453384,4.93324022856272,1.55126371437927,2.93747665271968,7.36695799512765,1.30850620667634,2.84106634630959,3.20100932767226,0.785051173224891,2.59364507693548,1.9080221898166,3.03530817096957,1.42686056828814,2.04765256658909,0.869590919368145,4.28336460945004,1.65955223213251,9.22501342294112,1.93564509149196,3.65485385223422,2.65474467964282,3.13944258967139,0.142391575076835,3.33292821416337,3.31780100445399,1.56492211847307,1.01766073443758,2.11658642007408,2.76627447110217,5.07700120154055,8.498348346865,1.99168552914639,6.33532843833765,2.04724541527622,2.8166286707721,4.5683918791798,3,10,3
"2761",3.90909915722335,1.87714437920575,2.91596133521765,2.72022637323465,2.18685573908428,2.45735891966289,6.83034933503408,1.61159026078412,0.879605114110166,0.537872323081238,2.53334684531344,18.5692383049867,0.779969197984711,0.970415417706793,4.57551600336194,5.1963614470761,3.43643028524258,1.0669671726317,1.20208662683788,12.2186266488043,1.11060954994408,3.71245040153625,0.904269853726463,101.259983730401,2.57898086540245,4.1743489213835,2.33986192764436,2.71780780349144,1.3333671487188,3.52946020962651,0.505616090140256,4.48965868089727,1.28041883713006,3.13804948304349,2.07730105497506,3.30918839086147,2.70575343342061,5.06374407612415,1.14843491948528,1.74744379828112,0.821752500314775,4.26440539522264,5.94838055022543,4.31636287810091,2.31642041487269,1.7115500679409,3.41905074994094,0.285239541137862,2.59118536816149,1.69850115991127,3,10,3
"2762",0.623279883521387,4.2783805712266,1.62238184554812,0.869799332557523,3.68405142572118,1.40165327647319,1.96678852083021,9.29698574150291,1.4444175431595,3.49335691773705,6.99139757740731,3.23635821171278,1.47728039796604,5.09465883716257,1.68741262064739,2.18484273855448,1.18724651047362,4.54626588102141,2.15922112787452,5.24527352348021,1.60145374117974,2.30851190320385,1.95993519918619,2.43078086998556,2.32231023040181,0.593819246030459,2.56900769242287,1.99608432665373,0.620291736852147,16.7584942244827,4.51411164204731,5.39495531714377,2.53697203289166,4.02327996016298,2.65331331194179,3.05775428357673,0.756334608578497,3.88452406570702,3.11788936209502,5.31762819495832,2.19911069342382,3.14084251090126,2.77166386690116,12.4863618371526,2.84756386111259,1.82877295120691,6.63757351610436,0.568167042049809,1.90228070364905,3.1991501158874,3,10,3
"2763",3.35817042451079,0.857972433533411,1.3900581796992,2.62252034450042,6.54124695914185,3.49032967767029,2.99182156733524,1.83135657916693,1.61127460668541,5.09027738478297,15.734790309844,4.42776870526995,6.07233099024132,4.80341483959803,1.88258811879214,5.21720508012504,2.14302563333657,1.16116568707562,9.27898176570241,0.715666948441241,0.375917387996824,5.19551884003865,0.903064934038344,3.10079612281174,1.8923769279658,2.65508784938215,1.04769368821522,2.26638295812232,0.797029519734722,3.54423121998365,0.094825549136092,4.09230720888614,2.87310184258572,3.93223764361476,1.22938856683731,3.56704654584858,3.43181490648905,1.63552626163928,1.78179521548451,1.99397607382391,1.58985450876567,1.80795528629034,3.87259345357164,5.42808500250291,2.62258006683409,2.69382883699377,28.275521376584,1.27124153581697,2.80519519651695,1.24543281195216,3,10,3
"2764",1.13776144010998,2.26403428886527,7.87946147911935,2.31560996401358,4.35880454522496,3.37003931002935,2.02590754914675,1.21310647845861,0.875298575561147,9.09388261836801,2.29487899696276,2.20184650121544,2.47936244609858,1.35850979999832,4.26906711106481,6.30700056123162,0.778407208139805,1.06111783169004,3.65313425264745,12.717112724879,1.04443049049445,1.89941794426768,0.408797952378653,4.13320712576329,5.01845932709622,2.14330439964946,0.979593349511437,2.71777241391133,1.10955160507356,3.82462702712958,1.62772807800559,12.3941425676871,3.86035250711499,2.50169891287414,0.891273949871318,1.22238411845501,2.6888520090768,1.26516689037154,0.861951033565548,3.84738796054201,1.06662102627257,5.22610233187481,3.24078158985634,17.7483177657452,1.31299278983364,3.56749348848231,2.65072177355636,1.81279463409973,1.31139992510617,1.93540856537916,3,10,3
"2765",5.0437413146528,2.8169406148551,1.85393458229736,1.79041777780247,1.12287188159144,2.87582587968704,1.2624103746889,2.17476484658224,2.24748491993469,2.63464386805829,1.73953702359185,7.38174577849262,4.77376515138351,2.68382428451357,2.45899890966203,5.11124331569144,0.983366716379318,3.122349878249,1.13774952888912,4.86877694577653,1.21086237992887,3.36228875276453,0.665973321832954,1.98618587462485,2.40261963909453,5.15219252061262,0.897300207446044,1.257353928531,0.279295240414946,4.18305318903161,1.83093413589317,1.10932325352768,3.33611694710193,8.00978400214033,1.25164032620608,2.28625847968625,5.17820175518859,2.30056764760084,2.29289135994588,1.31292969528821,1.86110174639351,1.17580299292806,5.21881495380114,3.90392416169561,1.82239803552495,10.6647741202998,5.58155483283857,0.394751661765463,2.53988570957231,1.40817376860458,3,10,3
"2766",2.19257280216587,2.80637673753162,4.17315812342601,2.14419174561015,2.44318101198793,2.36028639628632,3.90682626518655,3.31886173254438,0.16928290489141,4.58097538359183,4.16848147980141,4.24239722556504,3.79106975952368,1.41675091151004,6.23219840344822,2.26641255278719,1.25393861774873,1.49306708237138,2.21777063795211,6.47027525933302,0.498779627053836,2.00456318203987,0.887552462265349,1.41160306627969,1.42152838166698,1.56256557181175,1.66757531891173,3.23963254309411,3.17603458672868,5.0224948527586,0.670035447881,4.24339779876962,6.93909010845914,2.54823231884681,2.14475703121399,1.70201805029784,3.55474547317658,1.80093781359129,1.12339879619933,1.01528979628881,2.36747187561645,6.02999474386762,2.50063239829897,3.94771805681042,9.72062065650946,3.23011737344259,2.05167091467988,1.35938421679178,0.459329073967955,4.90688844895235,3,10,3
"2767",1.80934160254432,1.21352086428744,3.6163590854211,2.57459779770434,4.23875468657811,7.93711631867072,7.35381837974131,1.51603490632759,2.50692641514001,17.243582128353,2.06678114180311,8.54596251662566,1.74723318334203,5.60405400060537,2.06771555642418,6.12586491782791,1.72727280089095,1.09115244907709,5.16456208630043,2.40144807755432,1.13288373050506,4.36666385717261,1.5218342441642,6.64612249274554,3.73788051407174,4.13543003226728,1.10430140609955,1.96535118349656,0.65086686341292,3.87407697999445,0.528796668024072,1.10476169390108,4.08483012191,2.83904183306716,1.07828179719393,1.81754709111235,2.99999971717651,5.10242605532066,1.59011949232155,0.978922960387694,1.07657282478885,4.2938675244025,2.29365113774116,3.91864373746297,2.73206373380506,4.72901965514177,1.67264892378339,0.984486592059426,1.65864182281285,1.03573846526825,3,10,3
"2768",2.24552253012266,1.46176122557652,2.44084148780722,2.33302567431763,2.8396953210725,3.2485202318387,3.56081077202687,2.28670762832438,1.56653882732439,8.11819975872545,8.21629795957391,6.93623883197521,3.32390809317284,2.02069710867575,5.76424128929833,4.34398199704867,2.23608351727798,1.18419837194941,4.69999274777127,7.72987470769194,0.311797048583277,4.10285836945877,2.21050483032949,4.2437475595468,1.79268065112056,1.26569586044418,0.824388479792276,2.26514260115711,2.00481478154959,1.8630829076997,0.280994177515222,3.20767789805889,3.55134205971753,4.08109843331465,1.00176716610755,4.81781735461029,0.913468873842956,4.09398801177363,1.04778976181263,2.15282439287111,5.92843538764992,2.7178186771459,4.07161420174386,3.08620520887627,3.74496601537094,1.27947319150064,1.75390162550747,0.682769869756906,1.39582628461226,3.61234710532004,3,10,3
"2769",1.98867607730051,2.02655013879936,1.25052769148764,1.55427369606572,9.95544489095034,2.24767287971523,0.670681086839297,3.73746387274518,1.93418888013682,6.53132183178699,1.66591573308437,9.05365152058531,1.69529396950974,1.45951012870112,2.87295017805353,11.2066897290749,1.16929515439466,1.27795367506394,8.3997827223451,5.21120971081207,1.69277401318135,1.93879667255906,1.48024272199737,1.30965837577433,4.16130814485869,4.18596019319508,0.924899274178883,1.34522108006632,3.22814874812231,4.1236599717875,4.47792055877352,4.33164770426839,4.3647089666894,14.2896905403188,2.0554046423553,0.833779148497248,6.66060461928861,3.6668069993499,0.851890385970252,1.36071909663042,1.36679494622848,2.97760300519403,3.6532246747354,13.7297071030508,4.65481186515287,4.00440319670174,5.30371368240528,0.719192733785205,3.60158296414988,5.64212342696558,3,10,3
"2770",2.51701757789424,3.4779645561954,1.22970364714208,2.61874091320302,3.41263804331601,4.94251864284732,4.78848912123618,1.15947837679942,1.96179861198909,12.8905881341186,6.41194963558382,4.17711969728055,2.20395841370602,1.58763105042708,2.20421939414138,6.0771891048397,1.41759931238104,1.66999917412346,6.69119380841078,7.51812145679315,2.31120782236377,3.70159848357604,1.99352109376048,2.38947747330297,1.28456303727951,2.52057732803052,1.61293404743334,2.78312871132725,1.70832364453352,5.19700759704472,1.91547005585203,1.15463445101375,1.96512218507353,1.98369076741778,1.40361915156431,0.793006158390536,0.511524954636624,3.12443377097926,2.36698098085267,6.93022099167561,0.806632997915273,7.00674342952989,0.60527541787104,3.31341686774507,2.9258664073011,6.47024925931149,2.01623979304914,2.13496709732486,1.95929973966026,1.5560262059206,3,10,3
"2771",3.11947322276175,2.71296712531789,2.37682388370319,1.38781151797166,3.28445932530749,4.64594320321635,2.3124713124924,1.87425549409386,1.45214588368528,11.5488592502253,2.97975610472362,4.54949280243274,1.0725053387888,1.75427250566165,3.74904339410852,16.8386202193764,3.00050974762541,0.425215032033536,2.58359244544638,3.13463960882663,1.75453982738412,3.22014422102556,1.13140561644703,2.19872620917869,1.87839511050841,3.44955840079432,0.907760013570477,2.41652165790635,1.34602168750839,3.37888304168991,1.45899441500465,2.21892837703068,8.42406440896113,3.45386623433104,1.83801639116759,4.00113561703736,1.8363024385963,1.57503541081422,0.0977510118416281,2.99602868821396,0.852479518214459,2.56752299847321,2.91873127685266,2.82330774028096,0.851287810295017,1.70279873954807,1.85724013860116,0.814825620549177,1.65530329211185,4.52999085019109,3,10,3
"2772",5.0182114089123,3.87646767434466,1.47887050971431,1.30941645779137,7.58702765268119,1.40199158881932,12.6566491018001,5.39355589942637,1.22303902354846,2.5852606937204,1.28828370773377,2.63945816227779,2.75859033707191,3.58408493028327,2.97912051235369,4.11723420097034,2.75647729283212,0.467102697709105,2.53197578332996,3.60515795561275,2.68937824997346,2.38600327321994,2.81599961511073,1.39265238717043,2.23684590863168,0.384601727366859,2.98485393608996,2.98602561355583,2.91959574046054,2.60401701649889,3.21611463226193,3.62575634489483,1.22046479350328,4.73172196224923,1.15937213043387,5.02954088886791,1.39819779189904,2.24782825648469,3.1624364667216,2.5813101016252,2.00216482106414,2.49863247660559,5.90795859985048,3.13390696890445,3.33475000638387,2.52808116783063,2.14744938781617,0.549266160949852,2.49762312176074,8.94256794419801,3,10,3
"2773",4.71777707099118,2.4269825377214,2.5672712721052,2.61504569318854,3.22916553231381,4.06289000590861,2.24320876920223,0.782323156703444,2.7847163311785,10.7760795692055,5.93775868080275,6.14873621390475,3.2860131597895,0.981724880448003,3.30648246381011,5.18226011795082,1.35937569368433,1.08014064913513,20.5198143650248,2.7488248740133,1.14306406912594,3.09719135314554,2.24602494276414,5.65403254160447,2.64090086260471,3.80015407218495,1.13779962316965,3.46477750875748,1.57494370488637,3.73548398281622,0.606271505041145,11.7240635499708,3.38486585519451,5.94741366097852,1.72876836537084,2.63022660921723,1.90898449615246,1.28045109600176,0.775578790867192,1.79168321976644,0.873332327996438,3.22267208669821,3.95755825001972,2.61589656486813,6.82553463125446,4.25052232055308,4.86990829083667,2.645481698851,1.0023127188687,3.82399962797534,3,10,3
"2774",1.30602898758527,1.65372911864808,2.01719573436149,0.807946901326911,7.98441477394546,1.96211387368207,2.92226634571342,0.336745026369281,1.84399656433071,4.47421896330174,1.34410072615069,2.72434073101644,2.82619789089393,2.60287559453494,7.3737093451086,3.47075861381202,1.61389008646337,1.95999419746688,2.84906535663468,1.32895218989253,4.00533726761221,2.84843776684388,0.485556504846577,11.3475450988803,2.24879573825775,2.53523500195633,1.72184016512077,2.79120411723393,0.472734209297214,4.4224547091366,0.415963916615656,1.97381862100284,2.95907078804905,3.91967619826945,1.79692517105143,3.37667183634771,1.79189910424446,1.65566463226051,1.58862861180437,7.01184873266183,3.38010716674835,1.67020131037393,4.18309756411395,4.37282136391778,1.39968432727719,1.20542112459167,3.50804117048387,0.453335522357023,4.14199641881079,6.10976695251214,3,10,3
"2775",3.63571376538065,6.27771701381568,1.2608263917611,0.691327182400631,2.11481446851638,13.6773222366434,3.96910256511564,1.81588618461153,2.52915272957981,20.0037848253977,1.72339513557693,4.19715775764813,1.52713415034838,3.19317109659994,0.985993205466867,3.6025914395471,1.51251835348369,2.51390122038892,2.57013276800998,4.85870076594491,1.26133138960051,1.92576619253606,0.861809831768226,0.947398747543068,4.13854466969489,1.90005624128655,3.07274032468977,1.46884992346866,2.19968761055258,4.4104146073071,2.1271854370213,6.48013532531288,1.99265380669066,5.23269580510234,1.37887833614466,0.19175047490761,3.59503232334479,3.11525395480701,1.31860496776685,1.8280499189736,2.36498466017071,2.18726168904568,7.48429598544393,6.06190547400092,3.37381198616286,19.5246283945863,4.68511905579845,2.20342452695577,0.959916313080499,4.65864077809043,3,10,3
"2776",1.32375131990907,3.55961594732391,5.33826836269342,2.52573860070998,3.23463977993884,1.4026326895804,2.15800647312608,5.61676567717097,1.39600259878986,1.68018041124944,1.43999971613979,3.00252721588935,1.88414498118976,2.70266847669647,4.72228479887963,3.74340201645023,1.78797159217114,1.52604412257728,1.83952335512886,3.58307887039793,2.56630637555218,2.89112132475609,1.44822896498666,2.0172511224344,1.21005407366415,2.52683848304449,1.94501321939775,1.72683541800635,3.90016297203335,3.77316525547735,1.95361013861421,1.12468012752313,6.62884051402977,3.38357560859676,1.24006367968547,1.77465251749155,5.52331783787402,1.06620406305246,1.39291853152563,1.31689992356319,3.86344171248735,2.81651109447105,4.14989582807415,4.82259139429885,2.74956425184945,0.905502219140826,26.48298700863,0.705056560820415,4.78205851655742,2.61706022071801,3,10,3
"2777",1.72821903479695,0.721323498543196,1.37204157442057,1.52255594561985,1.79786591820326,1.11227420254025,9.84636155746743,3.25550292498931,2.67681561257739,9.96354619061185,2.98132548393682,4.03370112073989,1.35655796580125,1.13090082867529,6.14473620491444,5.9491654597149,0.763212576087662,1.50266602613612,7.23645867688578,10.3360781211666,4.2367791377926,2.26213575692029,1.32919729760896,1.50713827777287,3.83738903715219,1.46166852659111,1.03060520504105,3.07092742493083,2.12532200309718,4.29545863349703,1.56247317552302,2.92942891889128,1.59013049003173,2.95516090337403,2.12870441335714,2.26322949876544,1.51335564549895,5.25935573558001,2.49591928727455,6.97328006652269,1.37783268424805,3.24151065914064,3.599016189452,4.89923517176608,4.13520354581915,1.30919681266816,4.88472217976765,0.443324779274939,3.19406699441185,8.95240104174739,3,10,3
"2778",2.09948024589052,2.62219313389523,2.46015848520247,2.1903564614796,6.40653715171273,2.48062222139919,2.18546644598778,2.26335913290909,2.77064672157013,15.0341213110198,5.44772421231874,26.6392821641791,0.799583782802368,2.19995233868217,1.02717492349243,9.94806150421404,0.960985794386854,1.55121116414425,3.13158508627737,8.6558681350008,1.12267835101626,2.34877031249706,2.2360294699753,2.98739970005543,1.62250718407921,0.972172758745652,1.65053950177869,1.86619397094361,0.906571675734209,4.48561699976593,3.76851094907762,4.15523843159778,2.02875745680538,2.62273881167223,2.23586356748921,1.37357813569751,4.05206046113766,2.59710634434475,1.3911445717475,3.38522452114552,1.46899114666363,1.39236820805257,2.95375353164446,2.86075932887157,1.6244358523342,6.6464348257059,7.99436011307572,0.743012788096944,2.99952111475278,3.60090934462358,3,10,3
"2779",4.11219459334914,1.9175888838924,1.53281459583853,2.3648418879014,5.11416310949267,10.7944549096292,4.28037232162089,3.31059992792569,1.04512916173633,44.2034756051788,2.65539127132778,7.42239580033465,5.66942590165145,7.11913795615973,1.17237101664917,6.53944914047152,1.45994302523525,2.79297019427875,2.65467612189994,4.17464631289631,0.92353374713544,1.90107499271251,1.89441892278749,2.61901962219197,3.12494208888593,2.6650623578966,0.895725097688645,1.88783770760646,0.795488811672445,2.07400401283631,3.24504035508308,3.93281373600894,3.13272681067861,3.26881206282571,2.12023310124551,1.96243477730843,2.0123076754117,2.22468618043724,0.890829203528872,1.08567517654299,1.30405886151561,4.02272585157892,3.94241230101827,3.25944896336204,1.55472463915353,1.70482623117781,5.35502266007014,1.12401152723309,1.49804242891239,2.80991907867423,3,10,3
"2780",2.06717572790485,2.44575450986534,6.9934074504288,1.70903814472094,10.2259576403542,1.88325978412792,4.88760214709432,2.54125153435738,0.502240203741767,3.15504158376841,8.71322806696785,4.04249880751567,3.51235894267229,1.28315485375769,2.02546246517489,5.49165917704457,1.23690106918868,0.246958337906648,0.931962742827723,4.90240550038708,3.10951481603755,5.18905739701895,0.811855433117346,3.35239744281331,5.39652314208516,2.60621674751032,2.20072554468577,2.1216317649036,5.9007457257478,1.46613016008396,3.33746012815065,5.33939268410764,2.38787107552522,6.7125055268391,1.68492677519066,3.48702006289119,0.532171721237212,2.94262056731158,0.399188824146585,7.69458593795184,0.851307188993096,2.23906342483597,5.63597280280618,2.47760564306183,1.40500611801476,2.41975588818939,4.91874744908141,1.25080846119167,2.91747475192795,35.2155664357751,3,10,3
"2781",1.93133944965577,6.20391043478414,3.03736571449148,0.724341154705016,2.21978841314795,2.98024014397927,3.22401089317319,3.36653891256747,0.727307883314761,1.37574638077139,3.82701198246835,6.48233854699036,6.83812526474821,1.05281599162933,1.53205283033723,5.69600920265289,2.8642725955442,1.96399188917047,2.48391518940901,5.92482595524316,1.98204718782722,3.17230682151799,1.53257688627878,4.97944851228441,1.38177057102161,0.675095638094404,0.238221606246058,2.92345271075106,1.90253446659035,2.52659485797809,3.24438691441697,4.48184962405373,3.49329157866918,3.51505686366321,2.41212744050018,1.59997433077137,0.659971820604542,4.46081655009568,0.964073757691005,2.59766282428744,4.89847791406296,3.20316861646164,5.90296767881025,4.4767805179903,8.18600880134134,1.04210105850175,3.37845334603326,1.55532991677433,2.32079046373538,3.78366499918984,3,10,3
"2782",2.15408282253154,2.55825929848504,2.49157323533617,3.11261881312372,5.49744005415228,2.17432841238007,6.89441832217199,3.44485781170116,2.89416995762401,7.03684863481678,9.98528185347595,3.61480112775384,4.03225916225066,1.68573013833727,0.987938943322419,7.62451220850149,2.07302633444702,0.817366478904149,1.07783345559417,3.91097063512412,1.75546380309873,2.35055140922992,0.536004742668641,2.68855524485474,4.38241881665485,2.03870801890543,0.903131241945558,3.44754551646105,2.55078733343,5.48727735905149,2.65318268902085,3.33226085614232,2.08753719447297,3.60573172812572,0.931277433728468,3.33305687696416,1.07760044752103,1.58879067877628,1.57492822711575,0.902245509767065,4.47195994914675,2.20918674145981,4.91721554786809,6.7722484273821,3.42821918481693,1.30344569459035,11.6233273021449,0.96036948741084,2.08269761025082,13.2746818888539,3,10,3
"2783",4.46503920211376,4.37831222593506,2.76658844268937,2.64303338041402,2.09144546655291,2.20368082334369,6.99964199788845,0.562027887819421,1.52416831225933,9.13542857123543,0.913449765039668,4.20303053228132,8.16432938171218,3.24519580128639,1.30040479304875,5.43769722973258,1.6078924173633,3.99831654976357,7.771226173896,3.07824766748105,0.515144490911248,3.82393802026442,0.755576757931564,2.92485411512036,3.18520434251934,0.315268078612273,1.11615702708404,2.17778588495808,1.41887821829077,4.25556088611544,4.09935639230574,6.1191717270947,1.59973084543025,9.22837097592479,0.665346976097159,0.775897137458262,1.53173982809193,3.04731387758389,1.67007396217534,3.34715526592873,0.738750983846625,1.5649296301463,3.35344867556004,12.176089265062,2.30903616639599,6.04761674581652,3.98373186237886,0.881916484440931,1.63229557601035,5.03179431340957,3,10,3
"2784",1.82256483917302,3.94648873562823,2.62301471182557,2.51898605160324,2.68789020167564,2.38474435819215,2.01720261512944,1.68176922741006,2.95813712824381,9.70758717343214,4.82823150582922,5.71770499764103,0.614226964164239,2.97134602737024,2.31277589168974,2.15394464549996,1.00270780828127,3.06137339381235,2.49716785947735,8.70725712067381,0.892224919931455,1.88457216835951,0.674268103439027,5.65845537818326,2.371262690199,1.97903567263515,1.0504087233273,1.49395171303397,1.03133263145102,1.64206359729877,2.93995718841731,2.83250284482765,1.88732881418603,2.57127181427825,1.06099331778404,3.42071314932834,2.53893642970318,3.94478918543891,1.02642913198202,12.2106929287575,6.54260961171258,2.46447370366722,3.98646609194737,4.59734681828936,1.52206118607474,2.39452169386087,17.2567358533857,0.769780171467436,2.49380793550343,4.23458217193745,3,10,3
"2785",0.534021560886356,2.35172714908413,3.67398372032171,1.10682120270809,3.02622426565667,2.94153297594222,5.16229955643207,1.45742651070101,1.30825739495167,9.804631333869,1.64523110471334,3.66265923562183,3.45394229359016,4.31008113739046,5.10431257744637,9.92645186274805,2.17769217497546,1.77948754175011,16.9158810821555,3.6744877290638,2.17571991026452,4.64282336912446,2.63538684385533,4.17491695231163,3.72289846486547,2.92347741131139,1.41036205894423,1.05239104900297,0.973152647197367,1.86335140745865,1.90968449989819,5.6006378910173,3.64888137979962,5.39902131330437,0.630802646269239,4.59419841420801,3.17912680319033,4.98640187743449,1.81656635515484,1.52270042981349,1.32296582374907,4.22625067820198,3.20886794590181,9.02867167101614,6.47114763986676,1.64398554050351,7.22168912076104,0.57375231317143,1.76642991938623,6.70836627983498,3,10,3
"2786",3.23173606940671,1.75996363491613,1.38516998246618,2.05018053491727,3.16357808752034,0.951220848543607,4.75994169126672,3.87992753964519,2.05030102926671,17.7099184634562,4.85193889716751,5.17401302592364,4.53813991811842,1.35972636468391,4.42641597819692,24.0047193236555,2.8320448433165,4.25433546427,2.27550641877012,4.31929163727933,1.76886017040655,2.86452474306935,1.67184176585785,1.69583098627854,2.4626524631859,1.7376794923774,2.25663931691672,1.94442114005642,26.7016167427105,3.25677372014856,0.378338253010798,1.21949848447177,4.429052075514,4.27265707540525,1.6946579305159,6.69305520386347,1.84568967688938,4.84019724289813,1.06452611930938,1.80299437394411,1.54633909028574,5.86147698374601,6.39763367439324,10.364080646797,2.10745784144841,2.07222519730518,3.16014741414247,2.33721237167721,2.88586263050438,2.46576275787293,3,10,3
"2787",1.82237787709504,2.2691623229462,1.84837161441618,1.67448824721288,3.75240421580878,2.2026943129332,2.39027546318842,4.3127495195319,0.676874619777011,9.19671256290428,2.03526119727299,3.60905536174952,1.32408048006702,1.42579047865168,2.74634171875923,3.86906740466521,1.78521914108119,0.528886485179596,0.963035974177297,7.93033004230955,1.44424105888047,4.21680163425205,0.417820637203474,3.62891669150969,2.8832058927108,2.34184174298355,1.83584981757213,2.18520206790034,1.55034812085002,2.00622566589382,0.685616857271185,2.8809771233732,3.11623793657691,3.9356344377289,2.59789945166014,3.55626358075531,0.446709071234079,4.49231232428562,0.955022822070484,1.87925549944021,2.44110820333762,3.52154215588415,8.02853935424398,6.33502465661362,1.65712822228888,0.794236169448785,3.1632101372518,1.34574255821844,2.16316604998614,2.92937153872587,3,10,3
"2788",1.32574937292023,1.98269042171328,3.9013576255616,1.90424563392399,1.9327350907534,2.32620177293333,3.93276832964261,4.15829078781995,1.77561361946241,14.2049903264535,1.03556669872902,4.73304291368793,1.60398719353961,4.04183518588612,0.845141396834921,7.70003601119172,0.952462485341957,2.4899290289832,1.33241277455155,8.62656961604926,3.18567418774096,3.50928157555116,1.70573193601401,2.151354784121,2.1027035606029,1.91934302756448,2.15572529507399,3.44277667537925,1.23808372116837,6.12229068416574,1.9587719886657,3.59473863144631,5.13677450226996,6.24372681239105,0.950752159627796,0.5049024478166,2.23652085832781,2.56615428846627,0.456209393191692,8.23141398120274,1.52986498998648,0.822464129145922,1.5706377560198,3.33042547503572,2.84962409442667,1.9676213385115,6.24905652371537,1.42947438709427,1.9362177574437,3.09585060149725,3,10,3
"2789",0.583994454414738,2.14491936669114,4.33313605260187,1.58448877443125,1.65889458274511,1.7620026004609,2.92910907205723,4.24503882628439,1.38825248153355,2.47511429749553,2.7867626865166,7.28347520113866,2.25645758145693,8.03181668209161,9.86581463805469,3.34874797728727,1.7655578699294,3.25999675149202,8.37409057287685,1.12362869106756,0.977506453737117,2.09898449577707,1.42304446655829,1.86670337738496,1.97597122393354,2.58192978202099,1.00810695932313,4.73259614075475,4.60922430620658,2.04430142875648,1.87881919436633,7.51982075860475,2.61258381160455,6.69650049617607,0.772680707419412,3.48295603941429,3.90236935152466,1.6573885031305,1.49383133156813,4.57567141095525,6.67480767221569,4.87313967623233,4.45970478965261,2.8243845280635,3.52593500433379,4.64075949928169,14.709437225073,0.625200855072466,1.43055195450219,1.42746484070122,3,10,3
"2790",1.83570769094593,2.36676460924633,6.58024787113244,1.40995699564507,3.75563994462559,1.81919645218624,2.17099546559749,2.21616968868707,1.64644036560273,20.3470355326163,5.14187930660511,8.10927835044703,4.55393057794805,2.13283375867324,3.41904531902275,7.80944629127088,0.926773685379041,1.7310243344487,5.7620225241154,2.91637950191703,1.43786744651413,1.73960625654208,0.470755466487442,2.66013401598166,3.41289695091262,3.10222545498121,1.54832695266,2.04212341869486,1.5167119993488,3.25657234971612,2.26323940022331,4.83038923910554,2.42572796413312,5.48115502592844,2.03323296915889,1.65287898793137,3.7016181853532,5.42745830378623,1.64618742334641,2.08197530679653,0.920087395417864,5.46294184057857,3.54153563801229,10.2396837944239,5.88693419108591,1.55276633613265,5.59865487630227,1.83737459255274,1.88687563757562,7.32212020888244,3,10,3
"2791",2.57932089603877,1.35378243941198,2.60042770619272,3.29755196826932,8.23001647399953,2.37280115355378,3.73708191413073,3.17221024570927,1.18855248565831,0.469660934303502,0.255597055785479,2.58806000025858,3.11841807723363,2.30501677517204,2.59715953175825,23.9744139490402,0.595190309726075,2.70883906206885,1.75493137757712,2.35871598148811,1.99878214014083,1.10086096634467,1.13795278734621,4.45495845868787,2.0350146057044,2.29447097919359,1.40712412496375,3.35395528647125,1.37850026085439,5.60147174810976,2.15543607354175,8.25042518055632,5.90897908836661,9.16214293779996,1.64661716831803,2.6138945780953,0.611928709494792,2.12361715887751,3.40576284311143,5.67689775322247,1.39403111710467,1.86248277644176,5.34866065818127,11.6381867875862,5.1196364153404,1.67961883144233,3.0766200546006,1.27787243252705,3.31398183859097,6.07259503719806,3,10,3
"2792",3.07450183149781,1.7472626434681,7.03309850978615,2.945570653259,4.82011300578831,3.33070721981854,3.55668358100129,6.4142505765726,1.46961543377623,2.46021129024989,3.20561791145558,4.01126647994558,7.62196537729728,0.811782013965268,2.71972760906601,4.59164720675767,1.05581060767423,1.40351434037039,2.31221536900815,2.08996021565563,1.61740239506425,1.01211599367789,0.417875564266098,2.04176923322177,3.91537134968758,2.55142166379433,0.786948800766479,2.02662812380785,1.35971653889277,2.55875063183198,1.53212290903375,7.86344213878191,3.66310375231627,4.46123311634761,1.09017883373807,0.333602785891209,1.92504487830571,1.17481219591346,1.35965196969725,2.0679022150438,4.58135648909504,1.44074192722227,3.22008014371072,4.96558469075512,6.37614437553599,1.18868862888777,4.555973335306,0.545312063524437,2.71862439675025,2.67802715319053,3,10,3
"2793",3.11441136836615,3.94631055497288,6.75723319852882,1.02638944133626,5.3007351649724,1.72815619489289,7.3562722596013,2.05103263878481,1.13974818934299,5.6874974058639,1.34427565329924,5.60553740938736,4.11769284400637,5.51348649985579,3.70634030759321,3.11354764476906,2.06001728919711,0.668019035998409,7.39253625628244,4.99567771858602,1.32503928834609,2.64113630756361,0.532648355180643,2.49046890392663,2.27125920049256,4.75869322820544,1.33188981296861,1.93382273780027,0.554994288753633,1.28780202052352,2.04917906545033,4.50423956685812,9.1816478442118,9.78195531241534,1.23243972835043,3.25514955434715,2.07025625224595,4.65850300909865,2.05750023190337,1.33035209763099,5.06770409899565,2.55915407734438,3.96409208757585,3.15494149117532,4.44365807751602,3.50327017914121,4.34884229792389,1.18047941742641,0.995849651801843,2.82747631397255,3,10,3
"2794",1.36513906448839,2.16206719280412,3.0746812988687,2.09178247056725,1.00085031128707,5.95900383730714,2.77840159388361,3.20058481361156,1.20048473472024,5.81302673317123,0.338344700940079,3.84018783616535,4.2344542980131,4.18904763446153,2.42575554310487,1.5247920116384,2.50279804680131,2.84353871616629,3.1215789528786,7.45466122927352,2.44434723595954,2.52872656154806,0.498742495349523,6.99017949220359,2.82584074031849,1.53098902151717,2.0463267989256,1.62724431803053,0.796520166883302,7.35280462081305,0.426283121938829,3.37648501650741,4.21308186801468,1.995520932512,1.0355504551151,2.0513524349532,1.62953965148248,3.10821088106444,0.711776054550998,1.46492142260897,2.8121302673157,3.42999106646263,3.60575839521215,13.5230503058796,3.90815960758781,5.4150814359587,2.20940032018062,0.708515594850203,0.558153919495213,8.33713372721604,3,10,3
"2795",3.55987169108405,1.32148083416174,1.7254422463437,2.19752312121045,3.69998278610922,2.40454117522658,4.88553034950053,3.44297302794591,0.575493032706389,2.41395615740686,6.96699621493184,5.37718515942221,2.37796301543298,1.60963524173073,1.39088135077548,8.68218906585278,1.29291794691258,0.339130316319901,4.41994930728326,4.41843610637601,0.981816515471583,1.34554866102644,0.84503389545455,3.28959882235868,3.81003049468309,3.05372189077893,1.4142517445644,2.61220495217139,0.604505048947682,4.53568521731066,1.00994761634911,4.15986282529703,2.61071511833323,0.554521954081489,2.43322850262353,2.01952272610446,3.54464935024018,3.18620716677515,1.04873492841646,0.319904176286062,8.82469833387561,2.35658188610523,3.80547164060055,17.4574684443503,6.6901088610998,1.162122380395,4.31868720309783,0.439005356593985,2.96886196147136,5.34407688490201,3,10,3
"2796",13.5716844369435,1.72417198252235,1.85224272018911,0.993336447274264,2.18485053789082,2.3600482771732,2.70460221296194,2.37431072794262,1.90465583302163,4.89589060689741,0.529283747386826,6.21807488995642,3.66369294948302,2.66665668193478,2.54746670943729,4.10821184844469,1.1692913828718,0.610425592688489,2.95279456552772,7.45649184077803,2.27753474487331,4.05562376591714,1.86455398486185,2.11656570734345,3.56995904831897,2.33246017850908,2.01654451013352,2.16536045069351,2.9228872465207,4.80783855566665,0.347521621925429,2.54441842179572,5.03402745321256,6.33385657050218,1.09666559141334,2.23551755658263,6.73362087429065,1.74282365021617,0.895317054576173,4.09074231104743,0.634632522644025,5.1397923745991,2.80101000631579,6.23610686845995,4.5458119109794,1.56454199778106,3.16590260179558,0.529137146569636,1.0554167808445,2.74809636516776,3,10,3
"2797",1.11123925568406,0.615554584215242,1.62923483665562,4.38897869290056,2.35230247689078,1.58645985282664,1.47428728644416,2.86876695658592,1.17227625223556,4.14094671651939,3.93010157516803,5.07234363610565,4.23735425059394,0.518763606880527,2.99434288366838,1.86457796573257,3.06679842234642,2.14697692635555,3.4608495913468,5.13293401060152,2.68941028466894,5.2518417667629,0.0932614618349879,2.22424619593872,3.21747840476796,1.62449266315657,1.44356313480931,3.1068709336051,0.649210863775913,3.79951707220016,1.06837912334218,13.4199460418743,2.55658079023958,2.84154955221095,1.18444712084505,2.17630813506956,4.46869149733098,0.817033683467709,2.51923938318851,0.768756178858659,1.0839450889285,1.84505201035461,2.90389112885714,6.60358288683006,2.89064116263957,1.05174195545511,4.84135279167929,0.546203136121545,2.29035441160254,0.986815910861544,3,10,3
"2798",10.2035744007723,3.55938154600766,2.0916192847227,0.910916130774957,3.49649026408881,2.55696976634518,0.881241509444333,1.7463267870901,1.32646159517993,11.6688602571925,12.5067785207713,5.23481017928563,2.0933716705785,1.88474796949475,13.0828910013985,3.17341285157551,1.59823228956215,0.439174194149719,6.05491435884173,3.93495589429402,0.380434222774135,4.11465825626537,1.33281652206429,1.80886324623327,2.80129807650996,0.349548324109065,0.697911400030236,2.29682271044811,1.23307015518181,3.07176302380458,0.146377037446503,7.19243336764761,3.09268878779914,1.92061254183249,1.45995859955365,3.2503778818943,1.48395936511813,3.13013553999033,1.34331311801628,1.44235186218534,1.6065479357462,1.32914056136332,1.60901028250477,8.6123492656396,3.05897781673447,0.991386312560099,6.33668345381248,1.81076513539883,1.36723272109333,4.52599821799365,3,10,3
"2799",1.4435477514856,2.20835809668046,3.9059727590375,1.4980172495534,5.25084035120279,1.70351730589757,3.86390202152718,1.57751412312606,2.74210465410287,3.23529497197809,3.92653654589584,4.51901421417527,4.53365884041307,0.234020009248296,13.1713426299806,3.25788474890438,1.25290947757481,2.58275982731261,4.38221259046492,5.81639072395798,1.12733058694058,3.44018105898918,2.41296572395221,3.20330286496334,3.97733119289374,4.3502037368959,1.11092126684382,1.99259128716335,0.842354996056695,1.6907949276768,1.01442370076365,3.0697021383797,3.58767638365276,2.46575032322561,2.35588260779284,1.67544292924914,5.11566589236088,4.61870352515251,1.57785419845258,2.58546750417629,3.0021975415964,4.17809679800815,8.32465245384187,5.41235000466561,2.93172244916389,2.2206863856247,6.24680455012518,1.18390263204416,2.67593030958247,4.02962978433102,3,10,3
"2800",2.00966064510539,4.66391426687763,8.47467009213113,2.14759844944802,7.04209521379434,3.19756317953546,4.45621591188565,3.99901253128498,1.08154800787418,24.129331560523,5.56687886868801,2.42064023174559,2.89064847295196,1.2514131049748,1.45965002824472,2.22042184196239,1.11068490749648,0.479555983667965,2.77641922700401,5.36244273173405,1.38187586035661,1.8748363083262,0.322035649910001,3.21697975013833,1.50343652702445,1.23013568032632,1.0104411213916,1.24280531347982,0.643237013710106,4.37455406247651,0.3049265116446,6.63950807362925,3.29985221890992,8.45497863454058,1.02570226040168,0.925087270565047,1.4774637798887,4.08866347990218,0.56652362430936,0.873776415724447,2.51836577226561,3.68092196928907,3.59388824534289,2.09683429053901,11.6870391071233,1.20906435338052,6.3765857490695,0.660663997228838,0.705639831828344,5.42080093409249,3,10,3
"2801",0.599983564395205,0.709309374917975,1.86769185213254,2.6403073574063,4.3937970470058,3.2049057425556,2.70317966076775,3.71785741046313,1.64819838751037,4.24849283963295,2.2539881006942,3.27745138521333,2.26285686884677,1.23639802943629,1.94985179538908,5.87449028223393,1.22431437879297,1.68560328442174,4.61522808540795,4.8651262145348,0.359661531714332,5.17808035662287,1.54634115577195,4.81881515342042,1.32440669670435,2.27649249055649,2.63708654363406,1.69257571297864,1.3536923178505,7.73170730403642,2.34127008421492,7.34249941567051,3.36138169330483,5.74537945547323,1.54807027428153,0.936248941697481,1.76862502291264,2.69868238419227,2.4500884669035,1.52532852324779,2.02101412400146,7.71720557588127,2.18564727724455,4.5344230953883,3.32643031139569,1.4037717883774,3.76546372094476,0.928925365269696,2.88756501182653,2.36921021497881,3,10,3
"2802",3.28713060288289,1.72765239357359,3.02614752255019,1.61195150762619,4.17391589622788,3.83755796075368,2.41859847781223,4.43104507837282,0.65782038461542,2.88540313877483,4.21039770763899,4.84286016509723,2.82824291075263,1.25342919113269,2.28451762673982,5.52140559403333,2.24799554726109,2.1084388021686,1.72378235022781,2.65915683800232,3.28247128728823,3.45820979299949,0.797311205991936,5.84577852957758,3.65582108394935,5.97479466652404,2.12745588205156,3.41059398487032,0.921004310089785,3.52168492778476,1.12440149394942,3.13749614266765,3.05630164698153,2.89376063966411,1.58381735021423,4.14048606073056,3.0281923267514,1.36636078292672,1.72912525163076,0.761502748325355,2.17568478031245,3.00396787360075,5.90433211804501,5.42213412244507,1.76734693377017,1.46755595582267,3.40776331872803,2.28542810786651,3.1739786997824,1.24705103878604,3,10,3
"2803",2.61307062033573,2.13770037728628,8.38942127368553,2.04508541192132,4.24641020168698,3.75130777608991,2.30142418418415,2.15561071575832,2.29055747624102,7.52987133365548,1.60174598670954,9.25097399260085,3.65054120298609,2.46807945421618,9.27106051070437,6.98701067567744,5.02554617369812,0.5771043189646,2.62072250491012,7.07955240546638,2.18374480011204,2.71687479730951,0.128012547494046,2.03712563183335,2.48253926731787,4.67515077937867,1.21762322994674,2.1609321327792,0.584055490926588,1.99435571850637,0.893535899443667,3.81826029685026,1.38333502596059,2.72973139663073,1.68432956606384,2.93931723143721,2.84302560005256,3.535809975956,1.11270732611045,2.90993553036435,2.60771745405822,2.01611330527358,5.51297100610084,3.42098515393504,2.57899435881527,1.10022028508376,11.653929086676,1.23946321053902,1.57752043711233,3.82563267562489,3,10,3
"2804",3.54106803484659,3.88414776111635,2.72519727006289,1.34550830162501,2.12152761603204,1.46852702645233,2.028753999263,3.28247885727384,0.603666182881108,4.77162474234558,4.97476082554688,6.28100285433094,1.96316343080597,2.46678832273304,6.64805492112115,6.55043376057358,1.12757575779044,1.80768424106894,3.38293327511906,6.33595466430871,1.55555301020187,2.81823287088471,0.962777414387245,1.62217492342391,2.69727005475511,1.64556045241217,1.51032094252253,1.02191130855272,1.31112535929623,3.51043565327559,0.78694696551189,2.70957902165532,2.47673410916595,4.79481655880142,1.69275621675162,1.16527091659661,0.135235162845132,1.92256068508467,1.99827183455279,1.53239158117864,1.56312509619983,2.8530250155256,6.27660092301328,11.6216943837986,4.70712695366723,1.72764301332031,3.6067081292055,1.94491347847892,2.12038346172124,1.97383728504248,3,10,3
"2805",2.10398197792981,2.74307258483247,8.48634784691819,1.80001107418335,2.63872735670968,1.69737692208735,3.23239349973042,0.527741506480588,2.46897215451499,2.8242314562516,0.712893878573013,14.6864917256481,2.92433006138014,1.39241250041207,3.09138610643508,3.81751126717028,2.67743791926565,3.52728371569195,6.07131872036237,1.24646959672836,2.55190164544476,1.77539106594327,1.0186959670209,3.29086524332352,3.83891665618884,3.09293707843982,1.72780500215819,3.01373056932563,0.576685202779386,2.2675221889576,0.266707669523309,3.81690742104471,2.04015199773209,3.62878939044126,0.812447195331368,0.128483801776367,5.07272092741923,2.40654517455799,1.50880246171902,3.23080342340886,8.68250377737443,4.25233390397956,4.27379279672057,3.45726496019027,2.5943858550132,2.44519385562631,0.760253214085062,0.428774154015665,1.28513903931022,1.63030585997725,3,10,3
"2806",1.63957038686821,1.52630495977314,2.60879877685068,2.31048535948553,4.69530624852132,9.40315139697587,3.19987994032722,2.58012888756841,1.08896455239784,4.92527374187363,1.7009741874351,3.97627160801994,0.649568239608278,6.75006415700968,2.56031268493266,5.3668479869979,2.11187047175641,1.23458680822926,5.14728392302454,5.62710789484143,3.02684909871093,1.3682796693143,2.07636432154631,3.68809954517215,2.88077031742583,3.06344247896921,2.37345570281276,2.60716343115785,1.06231484328655,2.69782074541561,1.98869209129939,3.27142086646691,2.37403537839332,4.33577613122381,1.26015312617082,1.75958851014409,2.66307146174051,4.44837396594029,0.668283090001744,1.94504282760889,1.78839766396218,1.28882045362736,2.10842992857849,6.54090217737791,3.73904040920474,2.22232561433613,8.35875131797381,0.740594808270339,2.75012457001017,3.08577267430696,3,10,3
"2807",0.64300868100676,3.08686405277715,6.96466780822136,0.7958624902948,3.43327264971756,5.71798085275438,2.21066145103481,3.49871030583989,1.36532140717922,2.15862453974343,1.30023031965962,5.94001272606851,4.1249213892873,0.333130129149192,4.46547420429154,3.93858860538117,1.66774148292999,1.03467430496166,3.22658578511854,5.1340320899206,1.97222373359375,2.71388208625277,1.65509808937741,2.0635661050411,2.46092111113016,1.4407910957279,0.975483014666952,0.891337476279129,8.32969634948422,3.46259999817932,0.174917931929451,4.25338871731287,9.18145564380668,8.70537431059629,1.76385498772318,1.57981693032687,5.01964604280286,3.81390459591105,3.36403091228606,4.75233557800312,2.38333339753659,6.41036115679788,5.55004027399789,3.78384698827904,1.80321806649126,7.28007397991916,2.71935423647847,0.311133922122471,1.73397658926767,5.0323070599649,3,10,3
"2808",1.45942082770846,1.56388117369015,3.24239284251449,3.05250536448377,9.1572639388844,1.58878117707915,3.83459758158578,1.33630179413035,2.45515231474483,6.66245147285549,1.99057966584003,3.75506031186861,9.7142123036565,0.569314608297343,4.34976652232344,20.8760896357134,1.49668199451794,3.61278006004562,2.84530219027284,4.52127721663056,0.962776882445245,2.38930265441799,1.43462295312704,1.1936582446369,5.26651469557624,2.24424266739725,1.24017517576722,4.03230890359506,13.4782041036023,4.43913070341545,0.156795397063,2.09610139240392,2.68259173817523,4.34435781615466,2.03741724235589,1.81096745026786,0.511046903304822,5.05011558327917,1.11543001836504,2.34408828031526,3.14842652939722,3.26557436640139,3.20403305277265,3.32554236023986,2.90810927800025,1.48195539545553,24.147560471882,0.712681482430172,2.2969694871203,2.54341456502339,3,10,3
"2809",1.57194245462155,0.755696669820926,2.45682717403969,1.99084520992831,5.87938016092395,0.727744217988608,5.95130094936561,1.85437021528152,1.06894080658569,6.24810417654367,1.76677136473495,6.5520173725767,2.25393220101557,3.59208053825906,2.40510251088859,11.4296258890918,3.03203795487536,1.43191331434235,9.55693148964734,11.0575983820069,3.38957850418804,3.71179216410262,1.39415719078431,2.04900018763669,1.66424281297434,2.99734363578231,2.41072090281335,2.22068578419313,3.50790286628493,2.87815564865015,0.468997618158399,2.30408795282988,14.4806621510118,4.15709001833312,2.32044467135241,0.915211607172218,1.97799527145528,0.404277666784396,1.03169733884838,1.58475251781091,1.029882012553,5.00842751669202,3.00823454874292,6.66286091944938,7.67712876077375,6.07136567103037,5.28403664169011,1.03847803080377,1.99228730434768,6.83980491855563,3,10,3
"2810",0.472050074107821,1.82207936837332,1.34029025091497,0.592076655921487,2.98454538885131,3.207885464294,4.56845749476067,2.25704036682254,1.66227898279762,15.9461329839926,1.51666610285196,6.22407286440582,6.49864847045357,2.40280727124997,3.65486828395208,3.20934657600587,2.5287085580991,1.78219815279836,6.78119237527767,7.63500812659424,0.68682993853369,4.63716409429383,0.983246912613601,20.1294767370165,2.69485743645499,3.11854593683695,0.809481284998893,3.2646854705602,1.21164826143746,8.10601081618778,1.08505970862373,7.76340792722436,6.35863323917417,2.43766354433044,1.53818437429265,0.311193051454281,1.36924710808438,2.98128144324415,1.97428436093136,21.1098435787019,3.12449391842392,3.73647735412059,2.24648160555675,4.50079220955509,4.33111470638658,1.70691904849047,3.45649314267505,1.15441798800587,2.07650998542893,1.41217914797875,3,10,3
"2811",1.65357477565206,1.76048038879447,2.53493259443485,1.88118935102591,5.61195393890717,1.52266878700138,5.2226120008431,3.22660652280511,1.63654054734736,2.3929206042388,7.35478589707462,4.92223125658875,1.49297020905873,1.94134049867944,2.3933695326052,4.84418811565848,1.88760373707369,0.565602501086144,6.5073485122396,7.84003107391432,1.29931839785017,2.39833870073422,1.50513559647068,2.89496560240462,2.03487536716775,4.54890060906541,0.364863533144764,1.00809348046613,0.913040269797792,2.16366192401509,0.594217710740667,4.75078534137141,4.3299916439597,8.40558810040271,0.851406860085592,1.31895371936376,3.28031101375086,3.06790071014777,1.17678524500597,4.50753306135023,4.45181587992319,4.10473590924831,2.34798440895767,9.0679845373742,1.02964770996914,6.2855529468547,4.55369789927315,1.62772959798722,1.72621884161179,2.60998755523583,3,10,3
"2812",5.89298242155038,5.97160708669936,4.39319282553127,1.68691645128086,3.76395933792464,2.90315481040762,2.42978171712975,1.38171109171806,2.55799866435196,9.67010334646981,2.96633200039486,4.58942741665076,2.68020491714702,1.98437191354249,6.5521996150817,5.06277491346715,0.564671535332143,1.59289894293928,6.38244606091447,3.78027778572279,1.03527582693206,3.35806719048645,0.551523787166933,1.63463656574662,3.09705551708438,1.73199717807863,2.06957997351689,0.43339723037372,1.22500694436026,19.6739300890906,1.30442886201284,2.73020717954754,4.80753762489792,1.6694283645433,1.43881970142766,2.77851982689155,0.145333599109033,0.359070820648892,0.932963318581622,13.8076334591421,1.82277753888926,10.6477941319601,5.1293766292721,14.0254325854444,1.97935290819583,1.48324451445739,6.00382205244577,3.04160933341013,1.45717730862114,3.30176284116295,3,10,3
"2813",0.985806240619385,3.93640351014168,6.1488500970899,4.19286836315683,2.81730665721851,6.02863012993253,5.87486557271539,2.43259464036751,0.94086713997365,5.56361914050527,2.09882910813283,9.14968854498571,3.11528063391501,2.74028873576663,3.07070021412195,4.14728841429611,2.28364299365646,0.476043438333112,4.81357973433941,3.1179862118517,1.44480185111958,2.90223294030369,1.47642319250672,1.87560691141722,0.858166123154097,2.19109346034157,1.55328309349715,5.04064659251712,1.16207903500391,5.82364076403618,0.577995691825343,4.22067562530288,7.22238331449165,4.02919805849943,1.0955183002301,2.04674509170442,1.72619538523507,3.28836390491967,2.24101272372577,0.345006362764073,9.49281915223517,6.62975261641075,7.42355455441329,3.89755904903687,1.36576455400977,4.7357680257491,3.49339932842434,2.59979427198573,2.25225911862215,2.38233231525828,3,10,3
"2814",4.56216997432002,4.28689909979359,5.9879442871197,2.1127911272693,3.70444427095898,3.12419220363854,2.70626527332746,2.42773717436389,1.97250850930145,25.1071929112596,1.28531520521383,7.90248671251493,3.6124938999237,0.944421563681476,3.35130224794051,6.25352845723324,2.00184253032912,1.15280236898593,2.2423008731421,11.9419598138381,3.22773300955318,2.12015269725174,2.4001360474873,1.62198164628601,2.09443683760495,5.94796497266442,2.63771338531895,1.59184735458969,0.738291623677402,5.21885899618771,1.70658378458202,1.87049422655865,2.83081412377823,3.40575777645567,0.727050414566765,0.565414757640985,1.31679255178659,3.49512011469042,1.03313949589712,1.38892222041772,0.90490550994719,8.17554850182986,3.5636484040677,5.73793509801077,2.44440346899775,10.2156964681741,2.91603947745743,1.324415573376,2.63455031745885,4.12091703210315,3,10,3
"2815",2.06339387572126,1.90229323324027,4.49659990904174,0.379964166941407,7.82769539318138,5.97660121922308,2.21560474773325,1.83580858330066,0.516577637675442,8.38101325635964,2.15292046420116,21.2228188160254,1.34536630476124,0.373144100137007,5.48112452403183,27.1261133631504,0.928148100850267,1.56597604707398,5.63343092330843,7.34287880619799,1.70105200324232,2.15228997567802,2.14089977720515,1.90513148443787,3.47716865490574,4.18687552908185,1.58532312995874,1.85926557609175,0.97665168087858,1.71786828257335,1.86514357260703,6.58073645740381,1.59801990989047,2.23114259679774,2.60363703853355,2.61708231690926,0.287124876513147,2.17237764286649,2.77219075818676,0.83621861053479,2.78418250969299,2.65173520891931,4.55191907667604,9.8056621884797,2.1862689309492,2.79730899276412,2.40569180484372,0.748728332473359,1.11330798644833,2.68850760702833,3,10,3
"2816",1.36251795747258,3.62369736320346,1.22476064093272,2.2315182002285,10.5855325616551,5.35846618443083,7.68354055916612,1.36741919488481,1.78541134836044,4.36514254308487,0.956754323682699,3.19231774433498,5.40199503512261,0.870547808713677,5.52651013512174,5.91386157594961,1.57685774051172,2.36934263253957,6.99857756364093,6.60418848467321,2.19481786415767,5.07713750474736,0.665040283740636,3.54309241484889,2.61188699271801,4.77101834798624,0.591690664494511,2.65293901387058,1.33085786681257,2.14415277326676,1.97413823691688,2.77944487455612,4.87660157395408,4.05080698796407,2.15367966685015,1.61851226439856,1.52751384784125,3.9047700498719,3.37972790665963,1.95377497409951,1.14177187325294,5.3122401220885,4.04020407019082,2.99597376785449,3.29357810603183,2.28093743689657,6.06519748292154,1.40018301187436,1.82373069047625,3.21232787903247,3,10,3
"2817",0.759360305782932,8.70919085877592,1.92059632500975,1.82551868930767,2.27729022509883,0.787862618040226,3.8063493047641,3.2042324822383,2.16077195131553,6.98651432152819,0.599832361528467,3.41784056983971,4.24326769605509,2.22128001193131,1.99322941387587,3.92970161833005,1.69113525377346,2.42638361420803,2.59187301857393,3.7711211775986,2.33426898525734,5.16862615936321,1.37534355126036,3.84668376389776,3.28796431683207,2.77837262420575,0.827414859512328,1.81811956443064,0.865844050201165,10.6751708801928,0.670595701400428,9.69716547124956,3.64098545989001,4.40943475909402,1.77391237650846,4.49476235355989,2.04617104507831,2.36162145615245,0.723842130843123,1.77895356170279,2.02444593653247,2.76939430637602,6.40531062158793,5.24469431441605,2.3311226634851,1.9583142638647,2.80270759292043,1.47560703451636,1.89958731119893,3.66273828207029,3,10,3
"2818",2.35427458277792,2.66469746525926,1.33631770082177,1.79670561093383,11.0275415730131,6.52798223373665,5.43386187096388,0.673581421912796,2.79823206717886,2.54178918640272,2.27680063874098,5.26680853015514,2.35216360588158,2.82405017631385,2.53606248404568,4.54069261861501,2.27384743185442,2.03434773945336,1.43162428871389,6.83523687674288,1.9502805495853,3.96894001526612,0.436162365889974,11.6836152706516,2.22301894918682,1.63663044870177,2.49780696919731,2.77670074478183,4.35649435632501,4.59087927238919,1.80342118191448,2.24961467958767,4.10855091026118,9.21879741852177,1.25499643817329,2.8361878631893,4.00547990890519,3.6709486322686,1.09687756630667,1.46743036391293,0.576848594117625,4.09772750460695,4.38788765582874,16.6080297988879,2.26332503972939,0.95500555174111,0.911313945037626,1.6982355950446,1.41892109648229,1.45831513520596,3,10,3
"2819",1.47473413323774,1.8304636766443,8.27151297005443,2.40800471627689,2.02954243681151,1.65795516318333,3.30345316257426,1.53137155131371,0.88974160715185,1.4148106047014,0.821324951412355,9.70863075751403,2.38678414045679,1.38565522625227,13.7825629325674,1.91918649524743,1.16019454875917,2.35517994968037,17.4290577610028,8.84902655857485,1.67177793133512,4.26682730282065,1.89258627949682,3.04016874459598,4.41925064202286,2.45688368056616,0.635023444592089,2.11884013694836,0.468283142563913,3.11186097288689,0.712556152278859,3.78187399922017,3.01655047488655,2.25701738021266,1.37045589118799,2.11636478053184,2.66364717134256,1.55634592806955,2.64295428664484,1.48233725535788,1.94487099201141,1.87576152170557,5.67818850578464,2.06786247164286,5.70465716970092,2.00378775672756,33.8095114005194,2.73686912885806,1.8634364986772,3.97152890481732,3,10,3
"2820",1.32207431238289,2.48547244946903,3.35036218477901,2.48105278584288,6.2995398562947,1.83220523482349,1.68741838065365,3.08736946514583,2.67791049177218,2.2215709241506,2.23372498952769,3.65224348955781,4.24433812368731,2.68296270895982,3.2873096769159,1.99712725170533,1.28790521625732,0.358067976372822,7.35662585923889,1.61903067401802,1.86513408888036,4.09414902900052,1.56573092049318,4.8155756901373,1.70920874312932,2.22545164210447,1.19842803211423,1.9096186357984,7.76523596739553,7.28464627941838,2.30395557564023,2.81814545821504,2.08534164313706,2.80519891397,1.81911576206235,2.22705867320613,1.62995239901801,2.8890149238059,0.562781395305233,5.05442904727883,1.57172496494019,1.91370982002048,6.10417664995661,4.33423271664416,5.92643033100248,0.544611147766532,4.34579375400648,2.68193374640059,2.0014628667676,6.05458927433866,3,10,3
"2821",1.1136194513243,1.12215586279135,2.63855721618905,4.26658918140405,4.40803848670508,2.76349010058714,2.88451344328446,2.44786311629823,0.810755317726825,3.23020996384582,4.01723701727541,2.96895683321796,2.52069365146134,2.45563786049301,3.31263360100197,42.1828392690811,1.99732293162716,2.94827193852724,4.04009691261581,7.05090257922088,0.913897891159552,3.34251495407829,0.550126432860239,3.95152344046266,2.57426117946454,3.66675987575518,1.23556164749544,2.24750976947958,0.477645147870487,1.87882109190176,0.76271335584391,3.78133328899572,1.83216611880304,3.57175738211995,2.81073284297201,4.1801266964131,5.38980696677458,1.00303811293798,3.48448600317436,2.76722358532047,2.19692955915147,2.59895315681526,4.65846712419298,2.119111357571,2.54970742386181,6.41171724371051,2.35175234052166,0.524008051010925,2.82369847977388,1.95576420453151,3,10,3
"2822",1.31995640467618,5.5556704658441,3.53947311660338,3.24386189999495,4.72468380366082,1.14508640148965,3.85742656555598,4.63922501621431,2.47224178360561,15.6603637645699,3.83217412047156,3.26141818397413,3.45039699530535,4.26070350427327,2.87196245610514,8.99096187070882,2.14721990968672,0.937164600251887,2.94624196430872,6.54727741433956,1.31098192651852,3.44784687658667,1.68492361732786,1.27253447661973,0.653029651732005,1.80305862796639,2.13074083171547,3.01625426985739,0.684627801040385,3.95744591312001,2.63415963424486,3.36219244279884,3.47609959093856,2.23926192977353,2.21171140295516,1.53042869281081,1.89563380103829,0.641911611253262,0.68706901647509,2.52405002803164,1.5806392115528,2.71448861753703,4.62674785438657,3.33071701420976,2.54814279274301,1.32222883658994,1.43173801096374,1.50118623626199,1.36698193825978,3.96095852620322,3,10,3
"2823",2.3872722331927,2.13302742042946,4.64157832781227,0.984573917929896,3.4084652850015,14.2167231036525,4.16295424497057,6.20361852897386,1.25631569400869,4.85959437438328,1.29201446040718,6.16006130025545,0.861871931980955,2.06181166549554,3.70641155826465,8.05342844440026,1.01597052160029,1.00913644280093,4.90115605344757,5.88786527116711,0.412378352314491,1.2324135274765,0.955089945968235,6.26742659417307,2.84252682589307,4.3140227421662,0.95725713601116,3.62288986702547,0.467366371937531,5.73531167599844,1.75420698276053,5.40551458361069,2.36869538572075,3.43931486294778,1.23401299230527,1.15530217998938,3.50344597547879,0.803062678986306,0.685063785599198,4.40886579950308,0.899650274414807,4.09026108439536,5.44319314725321,4.12033759805782,5.61410647256342,2.33116607284323,3.09199379659065,0.888013592065864,2.58299021453491,3.29228817112502,3,10,3
"2824",1.43238436872824,4.01586591513779,1.57220255864272,2.57759585414584,12.2884177782387,1.40207291241713,5.84667689839727,3.39979929893066,0.702447812861187,2.67207135592248,6.6141129050548,13.1059114986991,1.58547475736445,5.96785070913013,1.91506567601737,3.26296207022751,1.52960011522626,2.64076621194473,3.4568919300824,1.77359812637309,2.82139111850544,4.8721413542311,1.43122590035449,2.56963713014418,4.46092521943996,1.98762991426488,0.213517037910508,3.39501060396689,1.84265905250871,2.31200311272357,1.88964282319423,2.25385437263659,4.64460942003481,9.44009196250531,0.748369261486768,4.41597810495672,0.20501489847034,3.29043868716079,2.02893291565446,6.7937054141418,2.41659261082725,4.21532816629796,2.90745195220538,3.33978921410041,3.63132435956915,3.12279669987721,9.00410558097339,2.41849525344943,0.891460949518417,3.31574144744138,3,10,3
"2825",1.9251214068111,1.668516115562,3.98055069817071,3.14446934645129,2.99982672912201,16.0441292176632,2.8881901064997,2.96252306635022,1.76073799608283,10.6064790852336,1.08462733227632,2.98262105244991,2.33311954668745,0.905259708864429,5.72409141918777,5.91256441520833,1.65704553837452,1.74888623053079,1.65926044142692,9.39727871903241,1.66765252517798,3.40460791275056,1.9030184392193,3.14615483212826,5.15094698272494,4.76958840710173,1.72327354615182,2.58010206851141,1.16678967878399,1.66641618736196,2.80145287406824,4.52391901350165,2.44196810803196,7.0772385805875,1.49599747722081,1.95222914952719,1.99459857652097,2.23180155212013,0.235866130552154,0.929813119283179,4.15026021253964,5.22219799952789,4.43141820791555,12.2017515090477,3.11799386971068,1.21455767397876,8.32636920262245,0.491464845475142,2.71086747520422,6.67895809671675,3,10,3
"2826",2.96846614746982,1.2920914231311,1.23575998793623,1.94023327339885,2.57719510047719,3.26652800082727,5.03562660604067,8.02395045580282,0.80116257210067,6.22048456787995,0.601493536666144,4.380477109381,2.36379145215141,2.51467041863577,4.75999746855882,1.81138386147937,0.89345462985147,2.83913798683395,4.06497277163105,1.96784653223573,2.67929896494535,3.0615915283541,0.909828510568457,6.46091904302563,2.24984354148294,1.5181782634026,1.89078328160697,2.2620501424118,4.69946111781749,3.83555783551041,1.431840607694,3.4827617971702,6.3372473584059,4.55307963113394,1.72859401205809,0.380199643436161,3.83408843460231,4.06741218901619,1.89341275321192,2.28578661864289,1.66944878288592,2.3935652906182,3.85274180656424,2.85444745910989,6.36857970929231,2.70687088117949,2.05430977909904,0.521560845037418,3.27088681655945,36.7915909278056,3,10,3
"2827",0.972884504129173,1.69331901357996,3.19569994602555,1.55278747290925,4.7148661853178,2.33283815428444,1.18288041237776,0.291164038360076,1.2384767335191,14.707030015851,0.921258603483718,7.14349846665551,0.822709824387835,7.30138477845375,6.77371828919447,4.45058025142468,1.79068998026418,3.09157826731518,3.98534969257853,3.69811340263081,1.27792966560578,1.31610498429704,0.500929890444073,3.36890894690185,1.59074337696781,2.80770820184275,1.0662421037132,2.44735352140026,3.57925017543844,2.88327600359155,3.27071245297355,3.08515039284607,3.05640128951486,2.85029308842891,2.32909873013739,1.63588249837799,3.6787299635337,4.02021485784097,2.80658283870992,5.3817869684684,1.65939795408218,6.3962966997194,3.73486277292404,6.49051467956005,1.27762126177029,4.84373057392148,1.91266451917648,2.39651197725427,5.08064615433602,1.14374870024664,3,10,3
"2828",0.771210277642051,1.82342674322132,3.7625277527334,2.48686373888965,7.64682864842044,4.1252091426277,2.89476408186749,7.44331877995651,0.687640957490933,5.43684070942826,2.43476017559312,12.7897810632575,3.46311156636274,2.55242769596803,1.16287278061801,2.74788071854159,0.214585200305465,0.130001334084628,1.83108157284187,4.49046231572203,2.60450473867213,2.24814918247468,2.21227412905122,1.77292099469253,1.86736202910253,0.373630683866178,0.519209623272218,2.11677837673176,0.792945698796231,4.59246036724971,1.49685432419525,4.74701824836385,2.91100120859338,4.55716375172103,2.52070261269728,0.385790999515009,0.382166370147619,1.82070340821193,3.12653289794093,0.812440271762031,2.10235821000169,2.69004463753534,4.18994359072542,15.4690142515484,1.84845443285512,1.6387489650216,3.7755495187356,2.04011701060627,1.92787176566904,1.92722269470387,3,10,3
"2829",0.476758561129555,0.385969229745903,3.80985188879518,2.13424963389361,4.91634706122884,1.98484404661441,3.37136015709386,2.756741310495,1.14935655719092,12.0575989743273,1.18687422244686,18.9558278591741,2.50092334645536,2.45231259055584,3.01510480380453,4.64497336222787,1.66492141440025,2.00730467260086,45.275563709794,7.1588838950595,2.79032508655125,4.24119796062761,2.0534545584385,3.74350553244583,2.24480896203378,4.87441007846478,1.66646934753067,3.01811852125068,0.593033605111983,2.05202247531045,1.32388584998123,5.81720880173224,2.16387961967785,7.68115173679006,1.48814226722729,2.55405588305815,3.22260229585813,1.33741706380228,1.932262144419,1.6003674356552,0.538298490268323,3.22476602454973,3.81309927654102,5.35140985587258,4.97942125601874,3.46395323758931,3.04428925163403,2.64075812166513,2.56531644303448,4.45176691413955,3,10,3
"2830",3.05682837475685,1.14133995126072,2.75629062842996,1.70716826739065,4.0479713815446,1.28556323828765,4.17750823864105,1.51589047770769,1.86056218107472,17.794170557415,0.807702931358758,2.65964139859297,3.3440149211655,1.34746731809809,2.46441017599164,2.16177398475352,2.47426060989947,0.854401125734461,3.55182568642357,6.19707736864458,2.57116200009792,3.00591409695482,1.9216589813177,2.4489976289602,1.89885227906938,4.3127250270798,0.659746132892109,4.46568732297438,0.694002458756489,4.36716956477097,1.34972441040185,1.63428101601563,4.01719139168467,8.27004304329183,1.73741826775542,3.50164331584232,1.7261154111638,2.90867752992386,0.405588054395947,0.821854802349901,2.69211611175744,3.72626571792523,4.19151863698275,4.91060843197337,2.5147976077043,2.04545728856146,6.27293497995538,1.03371662856125,2.69519571613788,3.05450103863178,3,10,3
"2831",2.07686295893758,1.04932553886474,3.56142333170418,1.43602669548064,4.30883529074358,4.13398789788332,3.1679108334582,0.97462677997629,2.36699948354941,4.68570168208888,9.79304156040286,5.09151955425083,6.41148794858348,2.47777194230958,3.71838638650859,3.14409776447992,0.566028818247264,2.05886011513352,4.70572923116558,11.9795107410333,2.7032208353716,1.03849485651496,1.71143632555767,95.2681297525864,2.55923557657641,3.55757941752039,1.40070943404628,1.23489379072675,4.10063317154063,3.12140009895959,2.68372407343268,4.42830780216822,1.80992130157882,5.71885407270084,1.37209735195384,1.72983836695066,4.23086300515708,7.06803801019782,1.73678903815226,0.783983385142257,1.30602347644317,2.0066765674685,0.791711456386839,3.43022937366267,3.73256308972748,11.3628269082867,1.98326148171684,2.03554954728983,1.59942443825097,4.01430147915162,3,10,3
"2832",0.673370942155279,1.84364435433711,1.05433859950647,2.20009902229122,2.72992285913213,1.80542860292353,5.35803426237738,4.58983525173821,0.48485630150666,9.35332255987248,2.17494974643847,12.3948824973561,4.3027142604106,2.4671886621018,1.72960306508226,5.40874850690107,5.0668287217506,1.06182117760125,2.86563838856264,12.2971330970672,2.36201609569065,3.18281669454111,1.44091346234945,1.58635747359481,0.993305975177584,2.23946277128618,1.72035776094936,1.32648470032938,1.1441717638315,1.57330688525653,4.28598255191925,4.49806003611895,7.51145186775988,2.5784832648935,1.57615057151301,1.44915611252033,2.07528347027414,2.62524209080733,2.02209978366279,1.15257015397096,2.41699288721456,4.45777712836332,4.76003341328661,4.37260583679058,6.49526938789679,1.6388945226838,7.47931710201887,1.14983502089639,1.51886952650595,3.02589134351562,3,10,3
"2833",1.20186956086359,0.956514621163497,3.35575331520636,1.3635223402474,8.20880993179321,3.41377015179744,5.72563766538577,1.24316246590144,1.40992340610657,31.3951627427706,1.56641180909946,7.28812659098211,1.67108905048061,3.13679265573581,3.8620193053532,2.91201685182607,1.90282591396407,0.837232633131976,6.37464641293504,4.70714219302059,2.3114403564808,2.30838592245555,1.12722634507106,8.16612108427442,2.261484840396,5.20641804984965,1.59825211811761,3.83126712863349,3.06958969086489,2.36326190059276,2.78085669550032,4.31914883908322,4.9273551984335,7.9821811082823,1.91674787643077,2.2818675637936,3.4089088651762,4.23769044397417,3.18707294923087,0.621284815924934,2.11455017466139,0.761581132295505,0.551887863479236,3.36109929436479,2.79519361863963,1.55993024936542,4.80561671261393,1.04135287434566,0.597355595528248,4.24685939378293,3,10,3
"2834",2.50306125852041,2.64365699838386,5.15854055163728,1.82001256257048,10.2475903148074,3.91776074045841,0.853060011730632,1.01802603257153,1.07372322813473,5.9729523989708,1.2914674619983,4.66203917669355,2.6874387763461,1.72789081204364,3.56432283238603,6.25172143485002,0.191040100093929,2.32944067925956,4.90218835125156,9.18878998187747,1.39423920010371,4.29169519907798,1.23947968043616,8.06727586930746,2.75195709130007,0.284739564281164,2.11894836799295,1.83725737414873,0.668625667476896,2.81919990786254,1.58082159454259,0.685895334793848,1.93030958817267,2.75854031959309,1.20587411602726,0.284200625916988,5.42935543734388,1.26699885025101,0.378280959761087,1.12756786001539,2.65595052667281,3.43615810933796,4.34062441216999,2.05194709185665,3.11970432405766,3.07898135144518,9.6344876007409,2.33096787448712,2.7371103634651,2.62444655844974,3,10,3
"2835",1.38878117634923,3.76926845227715,2.85420498564582,0.858892749074516,2.23126862317509,2.93129134433346,5.49053495246776,1.95156961060934,1.3970284796631,5.08545252048788,1.24535335918729,19.7710329381612,1.7896162187374,3.00288636978145,3.54423377575849,3.26256424906282,1.19694498398607,1.26629244337682,7.69323618198009,4.70353580111395,1.48040184117125,2.66387571935422,2.14696693099154,4.28245322863916,4.40331373869394,2.42249279251261,0.707805782263433,2.9281083863854,1.44431075738727,10.9240682462361,1.27542637692004,0.679262708402082,6.9183927833587,2.92889705156262,0.912660557301535,2.41353580125222,2.54663292198437,0.294197625874804,0.961155738564868,5.32343129786253,6.19660179019971,5.56965526885682,4.97291471875052,4.5165962914245,2.59591025400206,1.6720719854162,2.8052238114014,0.617012745537515,1.55876833624984,14.1616422112518,3,10,3
"2836",2.84493314809253,2.7605810095373,3.58827240675793,1.32842252121321,2.47163098804274,4.59612415320483,5.79042695713556,3.93748137891458,1.84780677516681,13.1061547430629,4.40961309499375,5.91290267153488,3.79308418103161,1.44799176222162,1.20691821529151,4.97883059666745,0.375961848881452,0.14097123785563,14.7091991627419,14.3437694355244,0.395914351372535,5.14615336233034,3.18310396182197,5.94483861358298,3.81959868012861,2.53932041439166,1.1052084731572,0.709099693275812,0.926535716376382,2.29823221553858,3.00972430209983,5.29269744783798,5.82448063675279,4.6512585610301,2.78801172105257,1.43393204736985,1.56113273118251,0.769594650642325,2.25040002670047,0.400044001527062,3.08535825328235,5.18709001304988,3.78467479990625,14.3585695124322,1.56812265391901,0.983993497160507,3.84511506479857,2.5552991241808,2.1456414030078,3.42680386030035,3,10,3
"2837",1.27493424199933,2.92819373677531,2.51472485462193,1.137263113196,6.32787990792932,4.02968704109446,2.75784968396238,4.70038569936664,2.23844977359656,17.1881017750947,2.22031680387817,1.82830294564529,1.4286973900475,0.760184077641679,1.9129212929378,7.15600499807205,0.804576456352364,3.54162414509156,5.12539187324267,13.3233483388393,1.15085600998233,1.6920664408643,0.518060888809466,3.51718582505349,2.32951724799409,3.01244654820279,1.20753108328861,5.06470786547612,1.24037711879545,3.45484405801236,0.981801379183636,9.52030865003537,6.35541506563772,5.39063236958473,1.3341337710798,2.79370105759903,2.3378687879172,3.87603507295047,0.689254051843104,2.48061010419139,1.01127271592381,3.95265587200133,3.8029855723138,3.44571692024332,1.80974313621715,9.6995938341379,2.52310973210041,0.805122661481577,2.76995067760014,0.609358019134234,3,10,3
"2838",0.991071211854026,0.829799595275149,4.53025133197989,3.17320478713187,2.96630691195215,2.9994975685536,2.46939800244654,1.10167227626828,0.801338508098784,3.47021564778697,3.07338780950472,4.13191791748033,2.8906848184341,3.85446585621696,1.68514605953063,5.65044344660382,1.8826468916256,3.47270429851718,3.93182814321777,5.6991063605419,1.42279867353352,2.13005277511893,1.67019659962454,94.8053724890422,4.0511091709392,4.12925045314311,1.5562910752066,1.69856002145853,0.7907637207058,2.55909589631311,0.220591164828268,1.63503266540914,1.40470292814089,9.31933611089324,1.93133382557457,6.03274782586519,1.84342856156263,2.07915685825928,1.11473098143326,2.39572909854588,1.64324095188408,9.6541962959342,2.62541321967505,7.51651004205662,3.59178440358528,4.59490209329639,1.95042325631745,0.800457304808582,1.85367006236749,3.11587494280698,3,10,3
"2839",2.11569385965002,4.25920016727461,1.28459024276065,1.96734427182773,2.47551169053115,3.10380161402822,5.49341128966256,6.04209764457569,0.816221292167399,6.29853363361352,3.16911674431439,4.92878539058959,1.36418733695432,2.1218368133813,2.65354943613844,1.92942940843764,2.71461440817993,2.27878414761465,6.97397901458075,5.09460336144179,1.64136984925825,2.51042057358102,2.61640085185799,1.33079867272747,4.05048094680423,1.24047705945007,4.12089139254724,2.01241934667478,2.40734252777288,2.09402308255802,2.15154458795884,2.51816744401672,3.6315892990807,5.64611794825447,1.71641250171761,2.76354176388124,2.08321313621157,1.69353605461869,3.53977297926142,0.4321839116038,1.2773271782133,2.55121814671128,4.59358119302931,4.7047278778946,2.85552265957363,3.31871481031194,17.0511489089525,0.92603567360286,2.5514717290463,2.80735724048337,3,10,3
"2840",1.80825564479786,1.20251309831451,2.21688213472282,2.52294269216382,2.23075869666704,2.95772251224978,4.14209130237636,3.01731253310293,2.59323882972287,12.1119355767412,8.25007433324514,4.91694229231599,0.925722814031283,1.77791340370774,3.2246596526278,7.38872890228643,1.47873942794913,1.24417612160457,1.73330221845388,4.27670047433281,2.27567036826522,4.84640854897673,0.834015933544756,1.95492456509399,1.91864681218904,1.36523699270308,2.07092779801304,1.56020262803334,0.715634513023698,2.21284661197333,1.46805002572611,2.09096392613834,1.32521150185329,5.98646043995898,1.16733958156752,7.43328758146417,4.99788378109913,3.68611036329976,1.84479846077094,2.94232605908508,1.83597300194884,2.84603316974749,2.7607991084984,5.16997740020557,2.89108105801544,1.58200356296323,4.24965749510447,1.79909341589402,1.1787731891046,4.38782549590149,3,10,3
"2841",6.21587477721073,1.46847675861082,3.97743638279872,2.20067231652281,2.35064477017094,3.06894699308942,11.9169104644095,1.14488082812363,1.76481646053284,1.69967305222816,0.64643322799267,2.44127822580081,1.65593145652216,0.847868480327984,6.53042306411271,3.82381753042659,4.94424443601238,2.13456963815335,2.00261945263774,3.35812318011711,1.97550178950877,3.28252006871939,1.17571793540406,2.68417808385138,4.01813565456009,3.75387435816469,0.501433118509474,2.80387223010838,4.62238089939833,1.23290831561161,0.583941614002113,3.85663685268067,3.08989018751112,3.34713942111151,0.658064324659589,1.49870319884424,2.16789162724746,2.66355559094308,1.47671922428043,1.31272066407742,0.841624518243169,1.71243141118888,3.7289688584004,3.73626844351761,4.69916079219009,1.24316528938837,5.07576957975891,1.32734806925429,3.03990847846645,15.6703997050884,3,10,3
"2842",1.83702028407502,2.583154950921,2.52022086844462,2.05147753493487,2.78745497297586,2.54113550916998,4.63861838508743,3.27990339158501,1.06904019340665,3.55973658007412,1.86579347589805,8.84963402862787,2.13245598719838,2.85606875606185,2.34432089462835,6.84415074091936,2.33903730884645,2.11899806739833,14.3969647980814,3.08478932089006,2.70820996848312,3.37419842084109,1.27034076944329,0.451697045236445,4.43858493793061,3.97832918017252,2.24062460261537,1.15605391306435,1.06161378505655,8.59837473104216,0.553584158877651,4.39108829115603,8.3718506450288,2.48465041160073,1.23744507056329,1.82665928059096,1.2506573131598,3.09012897547081,1.23021868292925,6.12860633070245,9.65293876001067,2.50115373015851,4.18269951826934,5.68947618011461,6.9121239778376,2.84537964315553,6.06389997193461,1.25854911875098,3.70565513074774,8.10202228437086,3,10,3
"2843",6.28807261539954,9.48048268564627,2.52115886134815,2.52247929892349,2.82177315188191,1.73540691301532,4.34271210663282,2.20715528725573,1.92831847731095,3.61470855425116,1.49774796200226,7.53302399118957,1.42472116589438,1.05119621994411,6.38613352510284,5.36625788562828,3.23567928570401,1.57573521761738,1.24678163305247,3.96380796602217,0.969183546524286,2.86824409335866,0.321370689097397,5.14816272252261,0.82356476236246,3.24097090320736,4.30751656015082,4.70923869752952,1.01565426771156,3.32793151359824,0.385242005214256,1.32363939636982,2.85331597609265,7.94028134913886,1.7425581308212,2.29116819174832,3.79611979670041,1.84542653816894,1.05032956919189,15.7242885310046,3.29639899960775,5.66657221267567,5.47491696942108,4.39381502306705,3.2399675346496,2.84969498066942,2.83488301126371,1.9378338379557,1.36935980833258,3.33306731758727,3,10,3
"2844",1.21120873363744,3.70960095205801,3.63772135350878,2.12309406117718,4.99518565689193,5.32747347982797,1.46775708296853,0.978105985570832,0.776327168277622,4.80197269308224,0.590323101659875,3.69939650975589,1.58094359783779,1.89010322610756,0.75040463583754,21.0785284550887,1.23129886983539,0.542670553883894,3.5073252440934,4.51170232646701,2.65282070340713,5.97155823111799,1.24077010605158,3.37596237978459,1.27499426017683,1.50754939393384,0.869915907263684,2.06171453644925,0.572597186964999,4.90840271218318,1.90757181312225,2.97833021663453,14.4315790706616,5.15175477290539,2.68444750180633,4.54738036268007,4.25323569369129,3.10791148886511,2.29272385933439,1.06527350763688,4.42472190809152,2.50773866264999,2.44278686880452,1.78370533744296,1.92650783503583,1.55409952606086,3.39371048485395,0.425492146037778,1.13027752083796,1.83794339032139,3,10,3
"2845",0.83137690213057,2.02948844097921,2.99282857402226,0.71447999668461,2.59537100294056,7.95214467952325,0.715627406366133,1.16440959496897,1.49856580959431,5.46283143768165,2.44123899716989,3.554647397781,3.23173609135837,2.17142562295814,3.4881612952018,5.46105614543143,2.43288602774802,1.36931445760459,2.93076525027406,2.97657163250747,1.22978929035195,4.11537870048549,3.67317891720378,3.9160589251664,2.39111706067551,2.51072138126267,0.849283532700589,2.60418287312725,1.40535653222248,4.88263695572158,0.729374250330147,5.2716794126699,2.20386545565743,3.21899164863652,1.75661026374306,4.09370892781599,1.88050646917753,4.14988856653651,2.92453773879165,1.82471841643553,1.05378280932136,1.90491523889828,5.32845884981415,5.3796503992078,5.72020201949925,2.73880173168839,4.12516092147812,1.18755463747579,1.76630588908654,7.81085088570124,3,10,3
"2846",0.688922115350243,7.52433349012861,7.90986370015657,3.0816347585025,1.96582965403091,1.91074162492544,5.12393614326072,5.12581995584232,2.09514373993888,5.53343918432352,7.41442777318392,2.42647759905016,2.37218302747571,4.02316805658165,13.1736123998848,7.6991939769525,2.88179611152855,1.07690975788372,4.39640314225922,4.9293771611456,2.39569944288196,2.7615095318421,0.591170063560152,4.9720562025317,3.35176695387852,4.28859667999878,1.97158673889176,0.673008892962639,1.33429929931559,6.18259765504258,1.81432985048084,1.28081630347213,5.52247209686851,8.41464998826249,2.7654060283714,1.96034627339891,3.03399202533101,3.43284487265874,3.366949691867,0.845798320548156,2.92899049888972,3.98435870527398,4.58175045777067,3.74460910023148,3.77444758263807,1.80575363664246,0.746352801245242,2.38644286656242,2.9832893577829,4.29534377860352,3,10,3
"2847",2.62823295177619,3.79976720399366,2.5394086415873,2.38737000990299,8.26213171967115,0.741179882832775,4.37894059100948,3.04592781571903,0.598162146181354,4.2980473976264,9.58743531316725,7.7097713869274,4.58978095385165,2.75182173273811,4.21473697094074,6.69515657651555,1.20449732679637,0.40922627336842,1.78879393228792,2.75035229174412,1.48260979062451,2.58418305119662,2.58185979949721,5.47353455829961,4.46689892280286,2.73881760259968,1.94782284397729,2.12290441621876,1.25193095481258,2.38358480189372,2.34018634120872,2.7357956200866,2.03686615314323,4.84937004863532,2.34199187799708,0.65722986802319,2.28202076818193,2.93995554549526,0.903125004085478,1.86776222233347,1.39168987796997,4.01342079234091,4.10726997503474,5.16578505252768,4.08873740105664,2.94708773910747,2.49243608397084,2.31686895359976,1.2962070579441,5.04022250641181,3,10,3
"2848",0.943290859431211,2.44532593307125,5.77007245212222,1.77971135053387,2.87299632520501,5.60026953671075,5.95481944371133,2.47342893280857,1.25194827424973,4.91897875089751,2.30424693652395,3.99841844768097,1.05244343824506,0.849880976007433,2.84898770780997,4.22709473761344,2.34052026267949,1.88257494256467,5.11177208307057,1.98374449241571,1.90130242628776,3.8606281656017,2.34994415247665,3.24516635210392,2.09524788581331,2.12928091368984,1.13125265900331,2.45030139780262,1.2529667579311,2.62864432381418,1.90657398615998,4.53267229268694,4.24698080189189,13.6236507266759,1.41783998638967,3.83416963153993,3.43071388925669,2.74310942144868,1.84448300550707,15.4384589342916,3.601911723967,3.49797239619855,2.49558013436225,6.41545463195127,2.28148908755287,1.11851155072709,3.27583530697699,1.389453561521,1.77022763181852,31.866619673193,3,10,3
"2849",0.614000211362158,1.40183017226034,1.59000532598229,1.67397710995515,2.72243840341104,2.97285266744361,2.63625347693273,3.86760008871573,0.777763585980508,5.60260835467277,3.96477832793133,12.026131218364,1.14841571893268,3.04003071509106,7.48135048752772,2.59077930659715,1.97109549137475,3.60102888954463,14.7145512319385,1.37652599979477,1.19058786979948,4.48059681872082,0.618175490729126,2.86011530568755,4.33804221314867,1.09134316158529,0.39497371793192,2.20519516399991,2.16834400167705,7.07856311395983,0.145799022499401,2.73838599682345,6.02469412815584,5.30945623925488,1.5726598701507,0.247935342242337,2.93821413106817,1.54014961165858,0.532577982663526,1.89469462914968,2.947554156204,2.98913402508025,1.39126526495938,14.7709310484874,2.13023005162717,3.588776286069,11.7444714817012,0.712005534456318,3.30001217982437,1.59448639560681,3,10,3
"2850",3.33040355618365,2.34272813984651,4.3640165734896,2.30454108058043,4.9636377998821,3.86404848996341,4.98211502082162,1.93141768659652,1.95774701787358,2.7745867883157,1.5587621596273,3.30458028999051,4.80136840407651,1.95427746080195,2.65864844713896,5.91599662859782,1.1967331081773,3.01252001856069,1.17424957643341,2.57822389536127,2.88280835820146,3.51650922626529,2.49815107351043,3.40303745439584,2.53933621983832,2.75788097917549,1.36853197279334,1.86664505801685,0.889851555641492,3.27183006355335,0.326384059627506,4.39208343508928,10.2297468273914,5.72924592932361,0.762811162526739,1.76445289943862,3.17463031845117,3.46873629238307,3.04917725547688,5.53547507844332,10.9409321488562,1.39959599579902,2.97818536954696,20.692078064722,1.96938429106845,2.80122901225184,2.69582988099774,0.832827755328359,2.21035033604042,3.23939585543818,3,10,3
"2851",3.4433941962593,2.56637147256755,2.89059702445397,2.22867685464582,3.85002292377523,3.13540634179129,3.63957253459858,0.799759786863567,2.69328586547301,7.64162838454839,1.40085888384106,4.5333687534923,4.01546615726514,5.20995655853318,4.51038582866862,3.89536980194637,1.21817319960738,0.859012752681795,3.84188190830923,4.84476494185559,3.73379649905961,2.12131394694876,1.66793109781287,2.88439948186142,2.01406617054301,2.36375303644874,1.73715366659895,2.8558579386749,0.774538747709375,4.9811950298385,0.619063085959471,1.36377873770753,2.56224405050119,4.65974071813547,0.509480120372873,1.17728533901076,11.3003362213551,3.34890451201115,0.818742321017046,6.55432079208501,2.31902578957801,2.79405699398937,1.32894351912657,3.23295472636338,6.32631155837542,0.799318796180545,3.47789256899172,1.99614858284487,2.16120120358619,6.43014106762488,3,10,3
"2852",2.42375726235362,0.572404846286214,1.71708434406373,2.91884047010046,1.96800625203436,2.28567096107375,3.78092000376881,3.07374049147897,1.48836576889238,3.5203354733783,1.32420729920095,2.39782835570221,0.894794611691358,0.84387437679266,1.63854860964137,3.2098954721261,0.723643021258736,2.1037024085129,7.47828600373448,2.18748488019221,0.413958098215642,4.46618536297907,0.698186512657913,3.09868933258595,2.86562451788257,4.6212605814163,2.23709401644727,4.89718144692224,2.07793154676856,3.99231080770172,1.79786304611728,3.81685978866713,6.31905512380216,8.10439336528848,2.08271705455012,1.84745931346211,2.52033814837087,1.41259923001807,1.18939420149027,2.23757770311103,6.38298845853918,3.16319989759239,4.5471215017861,10.3084847609962,8.93431837968825,7.04393815386626,4.99623560125109,1.21555358269757,1.7151997580288,4.60704520295462,3,10,3
"2853",5.29717858717129,2.19281700116228,3.76959292967756,0.913622448117326,2.37777475873094,5.91501129094646,2.39484543356652,2.335373549871,2.74424801827516,6.06567682047952,9.92772570303807,8.25900293841501,2.48073067627091,2.69329074609232,1.73851357083886,6.62165484134577,0.809646667142191,0.81302821042528,2.2957208409977,2.64527862624817,2.12431985586648,2.81623012770183,0.667213881999547,4.13594073602697,1.18403120557524,1.47835304566464,1.61351677689777,0.970363972809365,1.78681977339294,4.4177987966174,2.83336750971411,2.35563882271477,9.00066009329141,10.810775394078,0.80919183187697,2.37018068091979,1.16083540579643,2.40152830483437,2.59052337666984,1.49957420838868,1.29435090008933,4.01431013972391,1.86740990673394,7.03526267521084,1.89929326381279,2.3912998383583,3.8746427081999,0.343628768133242,2.05835363938471,2.06210015188317,3,10,3
"2854",0.387718137128078,1.64146742179154,2.23564469233522,4.27852672132461,3.66126705696566,8.07433152123627,3.57319844748275,0.955353126914715,0.970925492208041,12.156470848379,2.19725518474003,4.24663890629403,2.75072926125636,3.73663189421407,4.76407129147211,8.01785120383572,1.34445309587565,1.39696636093324,5.22199455154579,4.69097431178998,1.48169224746538,1.34884884418341,0.124526315319027,6.96251460970104,2.76464710004821,6.54814082640045,1.19602738310842,2.01842416807709,1.60108862422355,4.91872574618712,1.89598091756972,2.50434517677035,4.62546611726405,3.67181641983222,1.39550321873074,2.49327218218265,3.36923528148091,2.91678880028435,1.1880499604517,1.23055915739484,2.19188942945124,6.2930594048645,4.92745085812446,2.20022657011456,4.17389510242175,1.63364773253182,4.98455326433663,0.828832513568771,1.58452504431205,7.29728629418176,3,10,3
"2855",1.93470783099403,3.76236406395725,3.41265885727277,1.59145411417097,2.22383908703784,4.1731328877722,4.59213222078161,2.78208392667551,1.65493424072707,1.15572480835379,2.55274684147669,7.38636074931781,1.67055749905568,2.23549223558654,7.22360402950598,3.87404181298439,1.98579055554601,2.30137617237091,1.68489761754602,3.12238732483223,2.05758618503814,3.65562882098793,1.79701118350215,2.86163612781225,2.67872879696818,1.69512243032741,2.19385554772442,1.8790936014859,1.88801851383319,4.84921172698663,5.12900831681954,2.41827722080529,3.0399801480598,0.572165875831093,1.23952366406242,1.01002533530374,3.50478463304065,2.42700773636127,0.694476979715752,4.94264889797343,1.15090700082697,4.53960755311846,2.24320136019197,10.4102892689857,4.20250286057486,1.35565954573334,4.68578446050701,2.10791806690448,2.59250792007089,3.1109244455918,3,10,3
"2856",3.8796370946978,4.64295788918553,1.90231963411593,0.940165479387531,1.27720083822477,5.05301489715066,2.03804250667575,1.38572539024273,1.35493377578396,12.8390894182463,5.06153843640086,4.47007318814487,3.59224251201451,8.7370288114356,4.79787924832922,10.8900519155629,1.1823168508667,2.38647706060945,2.77291644335425,7.11700655820608,1.04444337775692,3.04068935552198,0.978541695748343,4.27188418394915,2.81082692018423,3.01587945803071,2.71302622656063,2.42434887539192,1.6921712904789,6.03299763561159,1.44917541883559,6.43346994346685,1.92766466804283,5.49090885302939,0.310764621140682,0.66911462694876,0.175339091916274,4.75750407386493,2.09662870389452,0.732399517538593,1.52674909526293,1.91894256997287,2.11484834814689,5.13615551781515,3.60873090035934,2.07686258436667,4.04131686168703,0.553047853136351,1.40790494756213,2.53933866162928,3,10,3
"2857",1.93647949851667,5.10352042488488,3.56828704465545,2.0845912277716,5.71144820887374,0.795603152600552,2.06696043489213,2.35282673820589,1.66622579590931,2.40531996945567,2.83751593877764,2.20144353758452,1.94644093182515,5.52834217140434,1.82649832976205,8.31215721883767,0.438426019034493,1.65111689193939,14.4112533348628,5.33778324153453,1.8556660449359,4.10931181913908,0.906669848722231,6.52751341840765,2.30155212372711,4.40954196175525,0.806881552539979,3.14547323746619,0.817840816663625,1.37204493938309,0.74307459689895,0.614192429920479,2.11812231893598,7.85762457128917,1.4406446528241,4.50615905499797,4.33502854864869,0.31691117009971,0.623875084213017,0.79326955745278,3.0040979173313,1.48518381098899,4.40939590300718,3.71220402515863,5.25463735584686,1.70741354970431,4.44032808463627,1.54225701658742,1.96711346130381,1.75307452826031,3,10,3
"2858",5.43575092734552,6.62087989256181,2.07503185018393,2.10494918202131,6.94939163753325,4.63682178563106,1.78126735460598,2.4061688831263,0.906580338861031,3.90507560711115,1.71922734091948,3.65623818664453,0.818302493887904,3.2723811955214,1.19050419949944,3.43190240991196,1.27221971091794,2.32342603999206,5.6497667031536,3.29944308273375,1.79249031227237,1.1180895507326,0.982563361759007,1.7521639375691,3.36244109932181,3.48637554372594,2.05849733855102,3.53705325645222,1.45995859336825,1.7879950186626,0.381895033674376,2.31059920197079,5.10271001971257,1.2124044521971,1.75053307365124,4.03377859735611,2.85764917749967,1.3618618272496,0.800372270188461,1.68339490899463,2.98999425136617,5.55176274649476,2.85788063620305,1.80316295402717,2.08505903686811,1.08666955271446,4.78176796146144,0.581027250868575,1.7637819322324,3.1194598748599,3,10,3
"2859",0.496115994524335,1.24856851478243,8.04053599918073,2.61925892803654,1.70872686066134,5.72062037764306,5.51548272277489,1.73963399050878,1.45790442868269,3.76105887374475,1.37186907090798,1.90502155169146,2.92347093527275,1.18122698754003,0.943858689084558,2.26088416351809,3.01239051105273,0.867751265948463,18.2916331436777,2.03169065874063,4.07592386796139,3.36223402970419,1.17039659011012,4.40765712346334,4.23079453862475,3.62959221736223,1.77664044796968,2.49118312038479,0.902110827270393,1.82288901248999,1.32293702086743,6.71143865881682,1.11899159613245,7.81893171904807,1.3308222882085,1.32460055556406,2.07551096413456,2.77480742562485,1.83645450562916,6.98097413491096,1.484196128484,6.09738897218269,2.83049667941441,4.42664378590779,8.60388486014957,1.37977792990907,4.30811223634269,1.67736897496883,4.24837259502111,4.65474861187231,3,10,3
"2860",3.82129580667795,3.84193622299652,4.64886829543492,1.57319805470128,3.51301057415363,2.08533513694011,4.9938911024614,1.76545394214202,0.988810984436883,7.27116744676552,0.8556467183932,12.8669397881032,4.16367152433124,1.64164277529121,2.66716947028685,4.53253223406819,0.693421235437513,1.57033807165191,10.5146584843334,29.0573382454276,3.24605620345166,3.06616955665362,1.49053652071534,9.93062568399715,5.83138598033951,2.31650791266575,2.60591749507572,2.43082773209948,0.63496917012648,2.74849418527437,4.92386529082703,6.22263513133336,6.49324384490215,3.91873608398698,1.51905280945141,2.2025347941768,2.11351672061097,2.60566416721379,0.916669729704823,7.42856460414636,2.18093060786031,2.35123374011737,9.83634747140324,2.49161724704694,6.7098960423992,2.95057977767737,1.77975386994091,2.27164653793956,1.43501936521946,6.25239017867768,3,10,3
"2861",2.55103877754684,4.13635222761921,4.01187064753067,1.7344505409029,2.91746406228994,2.70179685047717,2.82926530069363,4.18512568355087,1.66438849008195,19.6787383469067,7.20653823823422,4.65024058204711,4.90686787642803,4.80447745283401,4.56758912046735,9.10684382971623,4.35187563288795,1.73765867939637,12.506792234305,13.6623505253731,1.17414578890645,3.7464934100726,1.37566252605806,6.58888438305698,3.04819908789528,3.77800726038389,2.54427852763591,2.97094834194326,3.9114426441986,2.19185007318587,0.435934588774243,5.55448327347721,3.3546708343193,3.45612360137993,2.13266707354704,6.11957602185736,1.75560940662034,2.47994990169365,2.01601357178058,1.85471718194108,1.4889810435578,1.90137606966024,2.81015026977384,2.00530647337191,0.972310862134664,2.13088851018928,2.01364745969552,0.679009512563016,1.66737216658838,1.2697935283298,3,10,3
"2862",0.689034089061923,1.55733692237191,0.972936732850562,1.49861010300022,4.10851404507919,4.30190050945942,4.59888113926391,3.46813938366264,1.81446681546966,4.04844614227628,2.26143869413613,5.41903485975938,0.987049773661759,2.33627955506798,3.41920753595435,4.60080315698462,2.66293050254086,2.87988700257102,2.87722020827044,10.046204155667,2.73088956003635,2.53741741079248,1.67590017691436,1.5725483910679,2.2737858647128,1.54268197683798,0.823720149938493,1.91505717550851,1.03148439158937,4.68033800874182,0.415222782636946,5.74788856928306,1.89789709393543,5.11651616754326,1.34028352704245,1.3359427670188,2.700736236956,2.74596388030319,1.83054975105372,0.607794604585783,3.35091121655388,3.65613356154356,6.89394247304592,14.4835227677112,2.70498752832867,2.16394984805569,5.78068008579712,1.10234260618355,2.24344771765281,2.17671271619259,3,10,3
"2863",3.3827230830485,2.33432021302871,1.70423344081809,1.04496762882017,1.24196751909565,2.43546798967331,8.22917153838236,1.79583247398813,1.46842882278072,2.78115637398058,4.13465545032455,3.63292212719509,1.78004831575765,2.37544210481719,2.99006094078988,4.13536366604539,2.87235448020804,3.78485556078465,1.78568779783606,1.47800880536469,0.786276350324262,1.36175447558667,0.9664737519217,6.89961201455091,2.86919160651112,1.74121340553787,1.77474782189662,1.30593286412452,0.981580138825366,5.46262456304469,2.32747860244754,4.79154437005421,3.4431181957148,5.60393994338866,2.69898102856695,0.20957648688034,0.793953291939468,2.94032392678944,0.906678498988922,2.6752460504427,1.22817446133779,3.03311153269304,3.88030400327916,5.89638716471607,9.64478818185482,1.14688589763324,5.8797534267821,1.24238871719626,2.00773968150748,4.37241313534122,3,10,3
"2864",2.09999000133356,0.489049385358715,2.19789134869615,2.02032118346199,4.70367080638788,1.51933561136544,6.67202946105436,3.298820213201,2.83653993585919,4.85570097175662,0.898554271694729,4.56885732882065,2.02036679893138,1.94813508566286,4.09884858344456,3.2367038407916,0.890388274679407,0.787830653516362,6.89838369312308,8.32505065852728,3.01437519380768,6.00038582403012,0.477480604433946,5.84998019899611,2.92166501006523,2.68166240515408,0.644242669808638,2.25413429769123,1.48727105947363,4.03839515953763,0.275120872345577,5.42715097743818,1.38873030291366,2.81694641595562,1.54536672661106,0.0589309694674343,0.944880550853544,3.29598638604948,1.70886141889653,2.28865411739258,1.02504343144533,3.7341340954454,10.700359661993,3.32216080016654,3.63869936545716,0.980309339893834,36.5289076145801,0.641401424420018,2.76187943789931,3.24693062160873,3,10,3
"2865",1.53287690471583,2.23630251745382,11.0063449084099,2.92829603542857,6.39734827502556,3.15519539681234,4.67813838645474,1.03868497453293,1.76045231129662,7.11278735510206,1.77075702144417,3.89957082474048,2.98442477317108,1.36149680318072,0.97372072793336,4.80857137988786,0.323378257827051,0.38587773172101,7.60879583927142,4.94868823411099,1.97044982904638,1.23399950700672,2.04477071298844,3.15565303492281,1.8550088007551,2.39529154083061,1.04276015747051,2.87440978493266,0.36209676483946,2.43859345035701,0.655943099114417,2.58149436301554,2.16473991177322,3.09696822908791,1.81590668202366,0.192514770711953,2.71911583627437,3.24497248456004,1.15107486666009,1.27840231224735,5.49151860020259,2.32242949492314,4.39700059936254,12.2381717064132,3.61807627572848,1.22857926951965,1.91948266922664,1.79965356440933,4.4044846171529,3.1553309802603,3,10,3
"2866",0.993235027671242,3.25767813882983,1.60032860953435,1.76428999671753,8.85172571433553,4.13315233343706,5.16273852528954,1.24418904782244,2.23880890525897,7.93242499225369,3.34463612343397,5.8669801029967,1.03823908897082,0.696139015710502,1.23982593844678,4.72042358534387,0.564499432629209,0.394795543169247,7.81693431009655,7.26680008786697,1.21095570625593,2.98943689847555,0.588262888958726,1.18549409409305,2.63904360529053,4.21153467388078,2.19735067118704,1.23079416712054,7.52225524835821,13.7269424696117,1.24485335271834,2.30896068988424,4.80213805575793,5.9116869466551,2.57300200146572,3.3854438442534,3.62055600078929,2.78089522072939,1.59021933414488,0.975911976083214,0.860537727038316,2.82154062595309,3.28163277544512,4.52917010735311,2.42955314353127,0.653300461574083,2.24168029388172,0.0708009394645127,2.35781236945135,4.64591369658947,3,10,3
"2867",1.98408667795669,1.9284989933583,1.8602919919023,2.62574969374776,1.39259196165966,3.08731840148572,10.3449934821035,3.44597966584824,2.52265073409153,11.0845899398115,9.0736900404935,6.53479375466394,2.68584811641642,1.69555374235897,2.5469087657225,9.09423947042079,1.03933649412166,0.49338322234278,1.77285632321636,2.59148723177754,0.294068157087611,2.11684108366644,0.363229532596213,2.69295362487216,1.42135560345219,2.38485834140301,2.01332662215681,2.97849010789254,1.08958548597158,4.28755174863523,0.225108348692882,1.97349206278288,4.840117026948,4.79798824970914,0.783736103344014,2.86474109677346,0.684308256399944,1.73910244100739,0.643072807000239,5.97964448628478,7.83730835836058,3.46148396425445,2.25784257470102,4.99506384925585,2.37761912871671,1.93331241827955,3.0425520960477,0.765617718834426,1.28958858603986,3.6507667017979,3,10,3
"2868",1.16463788293598,3.22814472806684,3.51958997934383,1.14125812889151,2.69821946678785,1.59939050151509,2.65980576413273,1.72772167729705,1.30487029502791,3.13806980495019,6.59181425165167,5.87529221081608,2.44399286987802,3.12712783912031,4.69863422136567,3.24229025760435,1.42388067338014,2.08623274575332,4.48554975484291,7.92172633638701,1.14502403580829,3.36633043565135,0.956257341758989,2.96347307435527,2.43263034003329,2.29708764892389,1.55698156648821,2.94586051312012,0.590258405328321,3.0088534000167,2.22342349526431,4.40752134858794,1.25342488958175,5.77172806241568,0.977664786434844,1.36949271251068,5.16804097274524,2.56535616763535,1.41084601434499,0.987356605879998,3.20984774132304,7.65359625735288,2.39206694666589,4.02768245310303,1.98347086109415,0.965116170730699,3.61870139304472,1.48264426924167,2.81183282803484,2.67971352743104,3,10,3
"2869",2.06917174945167,3.08203706313022,2.06325983048232,1.90290638210303,6.31923906428699,2.57034879125661,3.75180778009151,1.86956160564566,2.37552103419694,7.35361677024921,2.54942152039548,6.30124278166011,3.49108855183713,10.2927645267395,1.49497058836721,12.595520817878,2.62971675476646,2.19243308137543,2.24608099180291,4.6718297940751,2.40978762238721,3.90247056383557,2.11095101404111,2.37158341525401,2.72051006893904,3.99162505438728,4.02394598512484,2.04745253743998,0.468446063570344,1.26126066796658,0.618113057346631,3.54719711214935,2.69496534163157,6.93024969967294,1.72569117722657,8.52548451414209,1.99123241198882,3.43007821716315,0.416958815366435,1.86320096480136,0.923096385792108,17.4661717363966,3.867126219272,2.41125310053965,2.65900407719029,1.19459803246342,4.96011776056275,2.45193159541918,1.2536764686666,6.61847242367444,3,10,3
"2870",0.612106098707196,2.89241920935865,3.8815434041537,1.38547764541745,7.29149321854465,2.70046137436226,0.715810321968673,3.2572758908233,1.73782694671369,3.93737585647565,2.3457215210829,1.9878054371935,1.39813026597634,2.7702106763323,3.13170804095084,3.6923140540403,2.50841422292708,3.29467312613203,2.02365702079208,5.20758294170076,3.08495378170901,3.28772984348583,2.29472781948516,3.86555553335602,3.07023585317838,1.59108425524891,0.284216628119303,2.23388945141761,0.553817759014484,1.11702943689062,1.27940147353733,4.92700811450554,5.51786759227646,14.9528264431334,1.33654401389102,1.25295197742191,2.7190928343345,3.25748217850581,0.95263245533862,1.10130626914147,1.1927523424501,3.25987662651126,3.58326222297452,4.23871358428749,5.40999531669056,3.25849491838024,4.45081047218569,1.45605399600204,1.31917843431146,3.08368080414839,3,10,3
"2871",1.30449990769196,3.18555616652282,1.65468018937693,0.816293676045295,4.28282747752738,2.97198329526053,3.40278619426061,1.15801399044939,1.60896781036546,7.17550097616958,0.675007242684737,4.22124780762642,1.12654008911952,1.31199393812318,4.93904453793191,5.38879694027207,1.4662736328078,2.31956376370952,1.32273468026874,15.486947611141,1.74380007408018,1.25244943466115,0.721733547590864,3.56905663099108,4.00003313137017,2.84736704060273,1.09766250503299,2.24123257025153,1.42154160596441,1.40773740280456,0.967183532898915,13.1521289360912,5.30040222274186,3.65300137337118,1.21275959433367,1.97155555772515,1.69108156249545,3.1956516242216,1.88611658351884,3.91300068330199,1.9151876358019,1.22849729973327,4.08340312954059,2.13602026931629,3.90013090246049,5.94244851839496,4.968783745791,1.64113375592122,2.23391329685649,6.63051144342093,3,10,3
"2872",2.58460140424512,4.86770304405774,1.28039905432621,0.665480502963657,3.51362460882963,3.25082184669691,2.4018663376078,3.21961327366911,1.20517854550673,4.37041453550454,3.32439512655161,4.32452159097155,3.16453478295404,0.644053156330527,2.00225396523567,12.663704479513,1.95210684629539,2.7433437782981,2.80939080477427,4.86732176519063,2.68446268393397,1.8367087403419,2.03419394725873,1.84517464887235,2.60457355955164,4.1356106879945,1.56231636860486,4.16591315088254,1.39677492071045,2.85197819453478,0.53908416868481,1.31395630390211,2.64063455945677,8.14850106961599,0.38332251138511,1.61582559918676,1.49848225616047,3.43963285545431,0.605967320464262,1.92326949829817,1.6357376217475,1.34117675507126,3.57446581968838,5.64003040836188,3.7709267944895,3.06069546075313,1.96777451706489,0.524119361852443,2.25786324181715,4.19739835371165,3,10,3
"2873",0.955672964449662,4.28770562170008,11.0099377486214,0.720541766807155,1.76874376560461,4.35453295765203,1.40169749460645,2.69906021927073,2.11940136768172,6.38649795431356,7.68391589551767,13.5085727550508,4.53580777870634,1.42382430668604,2.89895054169111,2.03549516770366,1.42458149642282,1.29813944833753,2.1037806184465,5.2811410106588,2.64797428910928,4.86464581800201,3.32583155225317,14.1675024303535,5.94812441464213,3.65768384580361,0.65031842605355,3.60173609108484,0.604022050154912,4.85928863877312,0.484954361028501,1.95056161836748,2.95971105915301,3.01948054039977,0.620601626315213,2.09911808123872,2.28432139267767,1.96153459408384,2.36697446488123,1.59311658286485,1.45738416028451,12.5517392728167,4.78389716219143,1.8536311842997,12.2250036376722,3.00654448058778,3.06854852495204,0.975003735905711,2.26692211794181,16.7476882156892,3,10,3
"2874",3.18545425916182,1.35035721140566,2.75809454820774,1.74914444097566,2.13600938598745,2.57965082813682,1.92414939076312,3.29423333657232,1.44932242491778,16.7632224463294,1.45758892151843,2.78486292758957,3.11687782621794,1.01532537754603,3.53168616116076,15.3027284597112,1.71489223110518,2.40535252815763,15.4739605488115,4.38758204162587,2.16633146289722,5.16245081086513,1.39586306061361,1.85670391172345,2.02250179386807,4.13830062978959,0.936621151435803,3.45481232245943,0.652295204960253,2.56609907013912,0.96572235903233,1.56876979995018,5.66554004946138,2.50891694535038,1.24327220803886,0.138500088542192,1.19398799821288,5.40155782911773,0.4684897177848,2.08984140764168,4.19906115188873,2.91067582635133,4.3962467622781,4.86275901383814,1.4119761195913,0.726048384482807,7.36592339252036,0.902856782797091,1.76060710353734,7.2991995752743,3,10,3
"2875",0.529283223001366,0.443579894134774,3.39666655486172,2.95607053958995,2.07866587153113,4.39566383243627,0.688259689072547,1.61108558651849,1.47644238258794,16.5687271051658,3.17717475374363,2.46851676755522,1.69738040498241,1.05693657441901,2.83538985313088,2.30543194889693,1.13135056967846,1.48928448414651,3.59411694371766,1.56031019211644,2.23655477775705,3.73396527719052,1.29016522060737,2.16523088218109,3.12685201638074,2.00323026064531,2.20634178724753,0.864643428758016,1.29928290311823,0.948186825864342,1.76009227367199,3.56136904162682,0.651440638231429,5.35250220604274,2.59415904189111,3.21360874320201,2.15338524620338,4.408284750573,0.787004752074763,1.21972452511978,8.95638983407135,1.59309757728664,4.55434051972896,4.60486465432956,4.91874470352786,2.30659001783799,4.64777514286354,1.78758281154121,1.95406575618604,1.97643569432611,3,10,3
"2876",1.7591419138963,1.18957955390929,2.47737577802711,2.24477977251355,9.01023692974407,1.44406435907863,9.59196519287327,1.64075337826798,2.76241760747236,1.14408306687727,1.01470563085936,7.8923723196474,6.45801054014446,1.31844130097166,3.78766664807396,7.64143038006221,2.08826101107469,2.97043466164838,1.97085101474835,7.49736385953307,2.93647889783368,2.95314224985827,2.455804351932,1.99035832593621,3.93210153571365,3.58520552319697,1.02694152915735,1.62945565529686,0.892377187139714,4.28930785561452,2.91013141821537,4.83538050594595,3.34304660168559,2.85176452647265,1.15254136230777,1.65546361819179,3.32237896680712,2.26099571020346,1.12671757884801,2.21506710257752,1.60077018941918,4.00293002534628,3.60486703711314,12.6317622306138,3.60443248768147,1.6375069326379,3.31267577355387,0.829824421077202,0.615497880445589,4.72586746781611,3,10,3
"2877",0.310845017246345,1.20983897331533,1.73132719651977,3.58930626915134,1.66436093349753,1.42292470514467,6.97268780784886,2.49898207706327,1.15497086573686,22.4432450672219,1.98459728990935,1.60557828782989,2.89715808438352,4.06348255673393,6.73669839798431,13.543969018481,2.0746835332925,1.33054040377236,3.37074109502204,3.43967877824412,1.25744917456132,4.39887464767451,2.12075540660818,1.22514155066501,2.58949827652787,1.52039726153002,1.11974340850728,1.66431906308871,0.99411059608859,3.19030870649886,1.95745555401585,5.63503255376724,1.39994839645686,2.71732601704021,3.08979220030274,1.96502518476509,1.88382123405065,1.53661417636414,0.263361496826435,2.0794473000201,7.04188582349732,4.74547695793507,3.64165225875867,13.275652819467,2.70171039614644,2.09071096635918,1.07899759008539,1.0774105639549,0.813527921924196,2.41840102310307,3,10,3
"2878",5.42516352717394,3.25357976749847,3.99801196091449,2.51581823508833,4.50279266530687,3.09234964369534,0.699389432476271,2.30407569033251,1.46009421105884,12.3383909047238,1.61186481147471,5.21187875898897,0.801822197846277,1.59878353084866,3.8112494940132,4.98596983321436,1.47368481944893,1.91298204407064,5.52841014419316,4.61435674501616,2.60287702095838,2.00120207302727,1.02184682199302,1.4978233742137,1.6597858502146,1.85234788910328,1.88646981554229,2.39991206312587,1.03326776219226,3.60227722547919,0.877093674538753,24.5787596140117,0.690250395527696,1.97766909365972,1.16540950067185,0.789735920026694,3.31123412182352,2.42994089664706,0.239929232134126,0.393724206824194,1.21184629499042,3.64230576525418,5.114208144468,2.91580940927566,4.34922753984061,2.18191885544982,3.43961648270818,0.574435114194766,1.51514004057401,3.50888373570519,3,10,3
"2879",1.16256986942989,6.03665549385204,1.83001974684301,1.25378906578252,2.2177231263501,3.64383348193658,2.75481489863907,2.54684765312286,0.655740634991915,10.9700865658075,0.803288394007438,4.90189358443351,5.08160961352187,1.00796479548512,2.14325062434552,3.28088603731643,2.73556498268233,1.86371906904191,2.31742833739893,3.02489884210078,2.47417437403103,2.15836999842028,1.58968958306221,6.39677128108673,6.42456434197031,3.73664207197978,2.43115795740141,3.24661923808573,13.347966571417,4.16346538871719,2.1202385318814,2.61059712984208,7.28555115275501,8.86108515076816,1.18420965227806,8.49216192387069,4.29259876318692,3.25710446055514,1.09289006126076,1.05535790694158,0.682995265198067,2.31189785839817,3.21056925904071,3.18112677188365,8.88824962383708,1.51238206253148,6.30817602618251,0.764631839505027,2.50243779626295,8.77367876354939,3,10,3
"2880",3.13453551721057,1.84653970500897,2.81670511294666,1.16369008845042,8.92708880718798,2.94654961631796,1.92436665060566,0.400940089490749,2.60928269228996,15.8163892534126,7.48072131218373,4.44886626649008,4.10601865575421,1.21771079263528,7.0004030939448,3.45103147789978,1.20328182524226,2.44564834320785,4.85875404944902,4.21773661966048,1.25060716416636,3.9199389249915,2.09976145290137,8.38042722272446,2.59378144259214,2.91515938427538,4.3663594950168,0.636527415013777,20.8601628268375,5.09027891963352,1.05331472331441,6.79811505625338,1.24414189213867,7.05525698333099,1.09837061768476,2.07107673352448,4.81661051744829,3.68944761192505,0.375504629983116,1.68647188508341,2.17223611408706,3.59461888116277,5.15790794633416,6.65072120382789,3.43460610503114,1.2228773786713,4.15327553470546,0.935637252844074,1.51120659177991,4.23201319329598,3,10,3
"2881",0.265168717640167,5.71621768715152,1.07563290194247,2.10340958855725,8.5385223243661,3.21167301660708,3.00146301039082,0.440323096212142,2.93609075583522,19.4714629072135,2.25551724528316,2.70310563125538,1.79340486557369,2.11968225740156,3.26896912018359,5.95722129748853,2.83307006543405,0.294524981158968,4.88674388151928,11.4749549798131,2.01295984634264,1.81318259227538,0.350728708772584,5.11186741712778,4.79450772432012,0.603942833697554,0.73782088866305,2.26369171390744,1.46756107102637,6.95261896083753,0.939338141652872,3.20606301255304,1.8188571039069,4.87839506515707,2.25204671646915,0.836764333265217,0.401082649374612,2.74198128250145,0.676788223781975,5.17878206410592,0.89030419278939,1.5966608184219,4.59540269727898,4.07253416095692,3.68081929826246,1.75571050335987,1.69907175308615,1.49357499700675,1.68834549234253,9.35990387224211,3,10,3
"2882",4.3809253945755,1.55099548638832,6.25780218396766,1.94135119265544,7.27546944034385,4.34602070676689,5.60965060895175,1.89477665822639,0.917675458793003,1.3454738361117,1.44343579618601,4.53807255752603,5.49331858194304,2.47033581251703,2.68271094959023,4.76990720625868,2.51736307512107,2.59765294457365,8.60420342457786,3.0807415390652,1.3127101329385,2.58590449357355,0.657272470726749,2.02326229801694,1.73491189481928,2.30074427349705,0.577441143581308,1.9413336817442,1.51458161289622,3.68839821339022,0.601249096825152,3.76140305159456,2.97798961754714,11.7610650946661,1.33979863749311,2.39403898777883,5.35729366477926,0.873010682940491,2.63670392038558,4.89334625597013,2.07838882522715,4.43579069979709,2.43103699049009,6.55391927381658,0.963324880386202,2.54656137355429,3.21243646115525,0.645690463280318,0.93945841450749,4.00970590183445,3,10,3
"2883",1.78359775454091,4.82709273299729,1.88745405387779,0.890287810889839,6.58283059007678,0.973337219986699,3.33159920307415,5.63089317736915,1.09786493275024,10.7553298210013,4.48243000615741,4.3793667854213,2.65220885725905,4.09362791063136,3.56797627875095,5.05149266165026,1.28515966823809,1.77866572135424,4.78933073530619,4.19311492903841,1.28505975099667,1.26419993327055,0.529359399619337,1.38125693752245,2.87074426849479,1.49190262728413,2.33979644498563,2.44049681440045,4.39472866532962,3.21572888249011,2.17503016574079,4.21655862695885,3.1932934314052,3.67606565829045,1.68126796877183,1.07409812976421,1.96777753130288,1.8867009758963,1.59903715903876,4.39093187627858,1.7950928531654,2.07693994881568,4.17176525645728,6.40230074967828,5.09379797426058,1.9216235525594,6.79498271911436,1.99589497002962,2.15307210237802,2.46696887429126,3,10,3
"2884",0.941664649639423,2.08534341808339,3.63281221439575,1.70124111216205,5.4445489337905,1.96155271477979,8.03891480149726,0.975890140295792,1.39589931084495,8.74877310576519,2.46197143519865,7.42310531762181,1.7531925730786,2.66845031837452,2.93824050024749,5.526472216983,2.92670865894047,1.32294468827912,2.57991033300991,3.4500924956218,2.26652982454731,3.18161957759735,0.688665454901812,5.86456879553776,3.31985774332269,1.3489630569307,0.658883315613415,1.51830703668085,1.44402255113334,1.96068387632918,1.91833333119393,2.44219805520865,1.7838419257542,3.30298090868869,1.47278488337432,3.59398895284604,4.35349552000061,0.430387372818722,1.04929433089531,1.93468851554677,6.14025575482766,3.23796305871174,3.98212138769126,3.39476364699023,6.92000760038495,1.62838583034289,3.66289705789325,2.16001863921412,3.27653811122422,1.69626441650628,3,10,3
"2885",3.07241923880117,6.17501042456681,1.76926593541767,1.20823948610866,5.36414685272423,2.50573892990206,3.68532708891245,0.851693738540645,1.1502735302875,3.73762188687303,0.472079427201666,2.80878799683332,0.632894129385341,1.28440091473359,7.23315816179184,4.18778563991195,0.474745165487909,0.519587906738689,2.20770005096867,6.39711312246774,2.36717288121065,5.75430003058827,2.26154401742382,1.21505747944072,0.550843992321313,3.74292851945325,1.7421456412188,2.14040164853989,2.5681708407817,6.23663654519048,1.00478080152142,2.87303344086659,4.8031986869978,3.34545021063673,2.40182981111637,1.67196962659629,2.79430846561908,4.37761256386854,2.92524288962845,2.11103656942839,1.54428929804845,5.220563848157,3.27839024969662,3.19992984011023,2.10789361790418,1.76879487980683,2.74403571081386,1.77435657361258,1.87286338245018,6.82352318172238,3,10,3
"2886",3.62392190608713,5.07733732047727,3.724430455306,1.79139528144309,3.70032281242032,3.29382843732873,3.46979754109516,2.17438217286341,0.856163354317253,13.4018612050275,0.489925801055543,3.75932734320496,2.23213899965109,1.42707636654029,1.28993330621669,1.88362060796277,1.19422934416937,0.856895757256002,3.91997312875759,14.7147644448347,1.68485310416681,3.69956673688668,0.72568365640159,4.80308220434934,1.87847681476472,1.1443360267256,0.947380252230026,3.86302785204091,0.305529174969545,2.41768626086187,1.16280470975504,6.36162145971159,2.83907126500129,3.54306576750583,1.57774778706684,1.97015100315455,0.379265600422898,1.49036135996116,0.683976245689512,1.11129644113009,2.16594226324063,3.54429729291657,9.92563619127079,6.04342270999458,13.470367118666,1.49907760819287,34.3189679349572,1.03982278096574,1.94662521181301,12.7921107693235,3,10,3
"2887",1.31736660009154,1.57578627039063,14.3375630741383,2.30770785980077,1.76385027184899,1.33134639510066,1.14634132502847,2.24635312224745,2.46377409354922,3.36259864030407,0.390323896239661,7.8179185050763,4.59305637504963,3.85120584228774,4.84432770467604,4.7678211139182,3.10459829920396,3.36070218969193,3.55020700284329,8.11998095950534,2.9276020030795,3.18518533464506,0.682187744256012,7.34266045431165,3.01165753905842,1.80606095462578,0.551515575498251,1.68396683464444,5.34562597664549,3.99147735163946,5.88868799101676,3.62552328556634,2.65563278971538,12.0414656682235,2.04011853111516,6.37570509993251,1.14080908569772,4.95697666236415,3.34595566553482,3.14387282362179,3.98628996436491,3.83442908631003,4.76136908630279,3.74013489906651,1.96298316947732,2.29878793639688,3.61110289580362,1.41483421280209,2.54269188121884,3.59728621167333,3,10,3
"2888",1.42588012073254,5.80922528030757,1.85354588405331,1.97391999573914,3.88226551659935,3.48479011784589,2.67458333356023,1.71157038977873,0.680502201949666,2.9848633161962,2.56964323293685,2.97161548393459,4.55359952454603,2.58676910681762,3.18923992949374,4.78611524471326,1.23081034970482,3.25626942159151,4.05430906606008,11.7330058270009,2.0886989583199,4.80928072896572,0.436363476627433,2.28429116588311,4.33472978290359,1.52954486609025,1.26014189255591,4.64238133526293,1.91224481900465,5.58958204896153,0.600295307501315,1.27998339004962,9.15237744586627,4.73633816494084,1.8030617764509,1.10693881481154,4.13955809446599,4.80984084118658,1.08150434169303,0.389426517355361,2.27323661545881,2.57063304006235,6.46727285546169,2.83146577083522,1.8935853595746,1.58179003380219,2.5404910081869,1.67303374477067,1.93000452253489,3.18535814830631,3,10,3
"2889",2.21628689171564,1.92179909634208,6.73583616613546,1.53105457191252,2.8612676479576,3.68714264960309,5.29205861115385,3.71835545241287,1.51228644994267,12.2589012077956,2.14142181142724,9.1749493906,1.66084337263919,1.74419544300983,2.50392426683474,4.49383685205738,0.842254685009847,3.12428675865173,6.96894955157874,7.57320144235307,0.415297001658441,2.62389849328592,2.86461465489537,7.16760986410487,3.26375540917563,3.16296424174179,0.54957259895659,0.894203387001706,0.356208957977513,3.28850259068344,1.26418157764377,2.58250640588486,3.22555502480179,3.41998756984101,1.24237725435537,2.16352934644274,3.05915652961341,2.14460374687538,0.875113413650255,0.920024633336801,1.32159969007325,2.30086725377353,2.60518819502618,3.24720429493739,1.43060626271857,4.6716259406835,1.1239154234823,0.251816937234806,2.00969487441441,7.1072072585677,3,10,3
"2890",4.12300073229299,2.27371962872598,2.58509598330562,2.21697326299608,5.33205518403416,2.04182083980986,0.207816811608851,1.11401113186961,2.29761252391011,21.3625892165623,1.49686124265255,8.24015997786809,5.1391384533601,3.91212058424761,1.90721704586511,4.00358878081773,1.93935038880233,3.52562890653246,2.67190091983568,9.15888270558253,0.260705382167286,3.05021521782636,1.81175906925581,1.14257704436927,1.12406087745029,4.81061412082021,1.78545076638259,1.76142494921201,3.27013768752663,5.91912996207174,0.309518894271096,3.71541484495352,2.6936023610247,2.52643917060012,2.25816992319775,1.36829480872081,1.5542007042072,2.91570661514676,2.17275436285496,1.74288499988165,1.26617639208258,4.05022524508275,2.29160765046972,5.69051436520507,3.77253362689808,3.67855258462636,2.55981757550648,1.22952299917627,3.06874788059778,1.24095905792127,3,10,3
"2891",1.80472823978526,1.36392298937443,2.98360145201613,2.11744315994526,6.20557786419774,2.42462699222326,4.46940476693082,2.50605757831289,1.64838337454063,6.60827743735873,4.79649343927224,3.7126342384659,2.63630371326789,1.37880640283887,4.77617161365653,8.90440942578035,1.72121352167336,1.9566657350086,2.22926939631115,3.96770540047883,2.45882537307923,3.21360117264274,0.456280454361215,1.37153686327255,0.767403688439321,5.47995174579524,1.7839803245349,3.59656516555489,1.14713109060025,4.69295429598865,3.13457922480709,4.7596033606988,2.86879183386811,4.14970431271403,1.63091540904953,2.84179048026517,2.47553968434227,3.21890471290577,1.60569573455605,0.985579813113877,3.8426813232453,2.70916230360664,5.06566807178298,3.51010434504424,2.81148119264313,0.846056426760999,4.6966104672752,0.996391408606361,2.26973328503582,13.5975839305166,3,10,3
"2892",0.751127318173574,2.0489786602096,1.33400574850816,1.49823414642187,9.15303433465901,1.96374829561804,3.05917109410201,5.06586370149149,1.58772016047726,2.00598904774075,3.67959508124845,2.86872544037517,0.845248416343294,0.132828657227562,8.14443254811885,6.67088309929798,1.15347143898486,2.72168393882316,9.87551490219172,2.9896438638241,2.71078241768895,1.20312654564221,1.33023069776624,2.90091610632291,2.49639667553265,4.17766315054094,2.51250455588825,3.97315241062458,0.80284784140815,2.58843136791178,1.91759126545046,0.892307537974933,2.39672301402004,4.66079626006126,1.85572821793251,2.15326453426733,9.06714666698938,5.68186071934741,1.85478511797636,0.497585847269532,0.805134948314779,3.26509387609812,2.57014474842912,3.01594393374539,3.7162762520517,2.56502978062199,1.26462510415958,1.15290839096103,3.86031604192571,4.14968320733883,3,10,3
"2893",2.36442975316452,2.90549882148769,2.13297205869418,1.81791056369695,4.24087007592429,2.43803586838824,7.99125342435732,1.83948297304196,0.548252739873745,8.48013914590068,4.39683669289922,4.6774207571176,1.19252973563745,2.00396768964138,6.16564424935468,14.0363079204818,2.39741387290081,0.334260384663787,5.83787386635501,7.10540057400583,1.51802306235129,3.08973503570587,2.41016229352895,1.77239727140397,1.16024481996602,2.72751909729369,0.924116491040949,1.45704010490183,0.492032438344842,4.0090140963,2.8459223173684,11.5620907325513,2.61754608678894,4.47678903313158,2.04515215697395,1.51422000242168,3.63528305617968,5.15078329370308,1.22080250802348,0.771385232233123,2.52265349829748,5.96312205753437,1.24776629240193,4.5751451434219,4.21041991065158,5.10511459449482,3.0246166571228,0.789345869148352,2.74544887309258,4.69592363817509,3,10,3
"2894",0.648137948079873,5.36323034797201,1.70185486570116,1.42397934019003,3.30094358151973,1.9621352313422,4.6310017174061,0.502935149305984,0.974386741826216,8.08115194389985,0.59473690936398,2.62398017419707,1.8196948555588,2.12699051512762,4.63790456540772,2.26636733851833,2.13407897777978,1.07264657793153,24.2397213964563,2.58836623060418,3.32779784879389,2.3053129817005,0.697871969885574,14.1493766265744,1.56714828192133,2.13319308981491,1.27314881868857,3.13129636444515,1.22206965084094,3.21692443658511,0.712537265191955,5.85266046858237,5.49101999852032,1.5529720482056,2.00411391408372,0.972817219294181,3.18435050242506,1.39410053694778,0.512278105859285,7.64535427510561,0.964443397114012,3.02607373642182,10.9563847443813,12.1935310211833,2.79454660871179,0.693949475815619,1.36924974296707,0.854108847228845,2.04076836800453,2.41546486343213,3,10,3
"2895",8.69991184872888,1.36935708818284,2.92907357384013,0.447767996513785,2.61604847171611,2.26121430933865,2.5515561936162,1.38717979673486,1.54553385756155,0.686971422375639,1.75769872690074,5.21369696448268,1.58419231118546,5.51486772019998,3.76242061440792,7.24841333558197,2.01510902434768,2.07708257345727,2.29961949100649,6.53509461261581,2.25972697068434,1.60167447684681,1.41445700017561,2.57773198208252,2.26201979461247,2.76879919745624,2.10088083283526,1.70333266296865,2.89411122684401,4.45753902077638,0.96375215945325,3.53946287133299,1.64202597447033,6.60603269922787,1.08323631488589,3.48918024294681,0.896377041381115,2.6075438919998,0.442440255524852,2.28123730471932,1.57325619692239,2.59283176576033,3.43455112438709,3.40929671314768,7.55460615828694,3.15587222428104,5.13085194968853,0.88448958621271,2.18044603923634,2.28703294272487,3,10,3
"2896",2.09436027387721,1.38303695051818,1.77947336257358,1.9883534689186,3.83975417204469,1.86506880620936,5.52563856116096,2.13888305640647,0.247611957802752,8.40009553846165,1.72292759815796,2.44710891128141,0.803307497462056,3.41121557518504,2.92189705070781,4.39839305939331,1.11332652883723,1.55724440714706,2.6060309383108,3.90567840344684,2.17843759545823,1.43307637233488,0.780193719262613,2.33479617454516,2.19119409236674,2.34677275754894,1.51789834986654,2.50360020817799,1.81446903938321,4.9502305547554,3.62782682761553,5.69797178436772,4.94531859526104,4.0505891818108,1.44115612139572,1.74622066035233,2.22234471672075,2.77750925845046,1.79955902086223,1.67087497623393,0.900318159404009,5.15229498808878,3.27925835571829,2.32539512233571,1.78233321577172,2.31849369120464,5.60595872473874,0.362490006393521,1.30317778096907,2.92287214657785,3,10,3
"2897",2.51309015891145,1.78334850191719,1.25397477174734,1.88968423955431,3.50195698097331,1.89509664391871,5.0985496940131,2.76134083290833,1.10135224026302,2.29407403687189,1.12802569896726,10.4431026845851,1.34267965386216,1.4579872388371,4.11560049056135,2.60178657091289,0.385408620665235,2.15051634589262,3.32109669662267,3.2558353559062,0.751601247503973,4.17273096788337,1.10441664142293,4.6104809513821,4.4604679030881,3.31579327529671,1.52824931415049,1.45452989486414,2.26495594979997,7.42108714942285,5.1593067460216,9.62795290946181,2.92114660856674,7.09864795576368,2.05852374561819,1.99673525663845,2.68637306893329,1.73768099299758,1.50419983336753,1.24271950782131,2.3760876869987,1.33637425791141,6.35576630951855,4.15435338710852,5.51377673043744,2.69792026766414,4.64612322295039,1.90726663588906,1.25397528887421,9.24563573644475,3,10,3
"2898",0.530620121710533,1.33397623669342,2.49492137723324,0.961626109412227,1.93699440817671,6.18084715405251,3.60733753896876,8.30187129858021,0.832069316172938,8.11302419198885,2.00578282016862,1.63469103582309,4.69845632923737,0.659574870058956,2.20997610649007,3.68570215770069,0.837050047844207,0.153941559905998,8.3006367118686,4.51878799039729,0.340888730242111,2.25391270911967,2.23065466437787,5.8069815385113,4.90185275026904,2.23813136667273,1.68856544798701,1.47133906237202,0.786861132775487,8.60658110587057,2.25420768747482,3.78832386965298,12.8584459579801,4.22370915211074,1.92973570483054,0.64379078996446,3.2265188176105,3.52955822235689,1.77970138872794,1.0931714200665,1.61919919140694,2.58461386556968,3.06613439678051,6.16691702502987,4.04681667210279,1.1630733526332,4.72508783235037,0.660292831983565,1.3312591275146,2.95169684050935,3,10,3
"2899",4.43163288100453,4.7825660709984,2.85673858334995,1.38539778977935,3.06654207167514,3.20640071150614,5.33146717665906,7.93173222291412,0.8413044470173,7.74278936207089,5.05573552064594,3.38293000715474,1.83315268577398,1.16433460952935,3.88171443391887,8.86589029021404,0.850084722690582,0.593110953984483,7.7827919104439,10.4236826616716,2.60815574294896,1.68798443757168,0.739576446439581,4.18921544436176,2.63561736763742,1.83161547647423,2.34996799074743,3.46592841315767,0.873789145016021,3.07475706709846,0.985125253510204,5.11818545287544,2.36169029559064,2.96222289021345,0.843388677328139,2.58228243734692,4.5734699748446,1.93434970757496,2.36939565013768,1.40426251002527,5.14482167791357,3.16614953296733,1.81148849529693,1.32823130056028,5.86290712160399,2.41897108053853,1.3345534093921,0.657006273143076,3.14541561848376,5.87302852215487,3,10,3
"2900",0.610901576688162,0.816262833897575,1.87015113319954,1.95797290121334,2.75163835622753,2.0008022308475,2.02671538819416,0.444031768771657,2.30276803314135,13.8275156786915,1.94409714381656,3.35955646472265,2.66931409725078,1.94648375030362,7.77160373089712,6.12585432511793,0.594852546799487,1.81903191681997,12.1338385083843,9.72544992336341,1.95991696484574,2.23719129293513,0.847605182136972,3.57449560773685,3.70290791820828,3.23048620404667,1.93446078354427,0.970939482596083,1.90341010917348,2.34978928586764,1.72568569639852,3.06936590782231,7.16784890493549,3.8758783040467,1.04660480171805,3.80938005109488,0.124174783138403,2.28950304954977,2.15005386395457,2.545337024664,1.41517452502184,2.91588448563114,3.40645264423456,10.8129693664473,2.75996341091465,0.588188913422579,3.10079496923381,0.629987778549256,1.51247832056496,7.03742027575404,3,10,3
"2901",2.84202987406172,0.645210016901004,3.80880248545067,2.21875759564074,6.08877724764716,2.70823397102735,7.91944981301059,4.72242211442874,1.22309756036568,10.2965579849286,3.54022168136355,2.67045186670125,5.86313583164792,2.82838559071376,0.945424224363114,36.6840228479215,2.43686636372111,0.403146218250502,2.72445222659544,9.93965861006138,1.2984396338847,5.23677318476321,1.18357968836657,1.90967672662226,2.2173333262466,4.33069327592602,1.27539560642056,2.15919153587589,3.42260307664975,4.05381977737952,3.18469385384826,3.15755407822127,1.66635545954282,19.2183966083902,1.50677932012079,5.5783288970061,3.0225466136028,2.85076170245495,0.707105327411694,5.16613407520251,1.56750460159939,5.1609104149378,2.9594522059086,3.6504561980239,4.00121291103578,1.70107453377241,6.41626627017709,0.605988175145246,2.62150892797717,3.0202559794185,3,10,3
"2902",4.60979798504226,2.77085569704324,3.32327767112559,2.57585798963983,4.31578899986565,1.73099952678727,6.8737411208368,3.58150105576729,1.75951100875424,2.60149865717164,0.678511671055614,7.59541023775336,4.03491221817647,0.331837698283811,7.94672978908462,2.54329988683305,2.12880515438479,1.11583954702308,6.24915674039079,8.75311500067518,4.07701046379762,2.92942801874236,1.69260546679776,9.0350845873773,3.02081812833991,2.75351757705373,1.09615758074986,2.95904727252853,6.50324081626934,3.46729209374665,0.223390059860711,1.87645265465258,4.73218702271652,3.73944021611579,0.824550652234477,7.02302110444311,5.01325385529925,3.94826704326748,0.858901365095623,2.97151908827744,0.812829880629526,4.44739120101476,4.47181776687034,3.32262812597455,2.4615614174371,2.57253348137024,3.30574343290335,1.4727240100448,2.1100828648537,4.22135879251107,3,10,3
"2903",0.685999141182881,5.23861694974674,3.36759697862426,2.27252315707972,2.80437076387433,1.61051860343949,3.33343484006839,0.758535420176007,3.05362278496752,9.00799156056102,4.44403972357238,3.22530195509627,1.8655278193354,3.20028532347666,4.84584755822922,2.15894024450842,1.46930971184159,2.07795437411012,11.9629846737211,5.41533713912189,2.92990293696778,1.21418883680437,1.68445180487978,5.53886397567786,2.14668867064942,1.96275241111625,1.45444102631233,1.02847622640217,1.05824358806262,3.46183342924623,1.56143735546824,3.03511387001437,3.04322798337409,2.59164538997566,1.28984097461047,1.36130119568888,2.86369314733724,5.24784364538776,1.41267599030152,2.2285702806951,2.89433249363443,3.40577065109522,6.6250604740583,9.86453729117714,7.15481372839487,1.98679439275218,4.94429964618546,0.30058851051988,2.14697374419505,2.85205697995905,3,10,3
"2904",0.503610801735457,2.48512227161424,4.9509518409638,1.94535804434294,2.34628637563379,5.81720317815075,1.5712877163925,7.0098605226161,1.21902446938509,7.43996820875564,5.37048420656692,8.26530530545586,3.18105421440659,0.674444449226839,3.58594425171111,6.93777938117545,1.2373482571649,1.02535090405852,5.32813516746933,3.24588586047245,1.34785143010193,2.26144566383782,1.85760873318878,110.088100316316,5.46111525389507,2.45744392807054,1.24073958222704,2.99046874630392,1.10250809046412,3.29306245661068,0.123260573744876,2.06883269898351,2.84506065133232,3.0567283505113,1.60931479532268,1.69233132320338,4.49530150355174,2.37123180468687,2.05636930160581,5.09815496472864,9.57205659320588,7.53804069672381,4.00625855162711,6.72617688197435,5.56227194959537,2.61277314804378,2.32281659505259,2.08897899388193,1.72095144005375,3.75183282134293,3,10,3
"2905",2.21004339431477,2.00213355084646,3.47119650061779,2.0946055796042,1.89374519861743,1.70611625605162,4.65730732942914,2.71705191405036,0.184564003613435,8.02992522301755,6.97816370089937,4.42222073340679,2.26985157686096,2.27005708368402,1.06576442366914,15.9731164895157,1.62610641321684,1.28725720906618,8.30691121857442,9.10111292455443,2.14931459249947,2.68700871242399,0.997011745802043,7.28193420388172,2.6520737031961,2.12206789772473,2.46168633329335,0.520992827661654,0.860590925353625,5.01238611054737,1.81522226327888,4.63777125988416,2.19314166241792,4.07298165463314,1.08101038377109,3.46200986878849,2.77232149207667,4.53238708592074,2.32320568041965,2.97058676254888,2.00909593364278,3.88796497727132,4.79415248812769,2.27050495946925,6.93328569141704,6.71972498682056,0.831180328641251,0.768758694489329,0.959364184816178,6.687209195099,3,10,3
"2906",0.939919937672133,6.32567198157002,4.57257290195374,2.24441879947635,3.82167170381875,2.92231222420081,2.49066106391221,1.38758159047575,2.379613521381,7.86431852777906,9.06074854475854,3.61055348623444,1.9523545147564,1.52672034303431,1.85996022758212,8.2646004438882,1.69088414971909,0.470393727911589,10.1034675912425,4.39038623465199,0.393561931181965,2.79099763702334,0.424750669779287,2.63024348245686,3.35798689675797,2.6918130280681,1.27801106256042,0.712217864867056,0.846894096759046,5.39947556412759,0.444869965824002,2.91519113760906,3.5678613190157,7.17057446109372,0.983756072829114,3.67764400260995,1.4707894717391,1.59035847181607,2.21242885572786,6.25629280086953,1.28440435308639,3.96149962892773,3.63629404364045,6.75164196210491,5.33894438430331,1.01036702867132,5.2900731530283,0.797437015900334,0.953970864800231,5.68063301030352,3,10,3
"2907",2.39353569975257,1.15714494590041,1.13888143393757,1.0248683265791,18.7500030685055,2.21905421845535,7.31008921499821,3.50572586893313,2.420279074877,4.50116813662193,2.69612913914894,3.86174742839009,2.27345646904877,0.753499381012371,3.30062489890337,8.92111195886871,0.792907987917526,2.33103180505146,2.80466368832125,9.0215528950277,0.971084839418411,2.25760340583223,0.759213943092021,2.33046192361491,3.22824327826853,1.97345899970808,2.24823260892005,2.99249686058568,1.51822724109428,6.12807809891882,0.502609274136925,4.22407965862342,12.8935699766363,12.53632990036,0.844631167517762,4.81294294774063,3.87606522368654,1.29752098995198,1.94495390584198,3.19527222026442,1.60250184275418,10.1027053275012,5.99607833210985,10.8661870909628,1.28189303503032,1.47477336755686,9.05409849898734,0.252894592703715,2.22336182582043,1.24988259771318,3,10,3
"2908",1.48869424702581,0.3318253327485,1.96778234611083,1.18064307341731,4.65020819908243,2.80475028851323,2.17035862087433,0.947394124759123,1.12329610092926,9.67080581178554,1.17170068965871,6.96945182878861,0.628835411587186,2.14674512862145,2.66501630652917,8.31753671512077,3.08343298617149,0.662367555735144,9.05394765939628,2.37705865908999,1.0580745781008,2.06951286774503,1.05683205011851,1.55385030896088,4.2629723210704,3.57487625369671,2.00352569102995,0.994799129857842,1.79711853863053,4.75617006300654,1.37312201445765,6.07952259401204,2.72584551802806,3.07451187283418,2.49545665886322,1.51361495450401,3.20078922327048,3.11808638405621,1.2551028847495,1.32819273837046,1.30214161467297,3.13236806727464,3.58860003463276,8.59975938594613,2.20501249756672,6.70124676493345,4.39193773132741,0.402036260348759,1.29671421848211,3.86323840630048,3,10,3
"2909",1.60761514797966,1.20842716157642,3.03687373549373,1.47450222782894,2.85597922581865,1.92856836637219,3.06911541533423,0.484390554196256,2.14402866939735,1.92418206553235,2.1801371306529,5.25128509741052,1.21162473623876,1.22850617388065,2.2635365679289,3.88368547615418,1.57566058594936,2.1743445074103,18.7522704132599,4.24340734770869,0.682618812656754,2.62522113068789,1.68825118516147,1.07326811095082,3.35561396807802,1.89027418904696,0.769928755734655,5.0429400552116,1.81241699617874,1.70315417588127,2.7059150885496,5.25780180419773,9.80830342685574,3.0668386578506,1.63622028743456,5.17179238741969,1.29851068285987,4.05895958967322,0.595739240701716,3.2845302816461,7.2047747750319,2.35764402909275,4.18672902074474,3.81989673718381,7.16190154196655,1.2835710804725,2.62344718636003,0.554847464778494,1.08279707409757,1.93976556609831,3,10,3
"2910",1.2325144973142,3.91795711541093,1.37570337096591,2.14158031167669,2.69712612867931,1.04763456600264,4.75273036783127,1.97156393786935,0.162928755157073,2.97776042113523,1.50021205799586,2.71877175125136,1.74528708798078,1.66517196538025,4.8316358347952,4.38450212659667,2.14381015766332,1.71205496682115,6.49467198997079,2.10457520130817,1.67810427545322,5.38087330931126,0.513813407363016,4.54522689445422,3.4286728583156,4.10774890513201,3.09288774916331,1.71546952783909,0.638160550900845,6.0733046740853,1.5611840532846,1.94468375329678,2.68022363628264,6.01791832713203,1.79166916943549,4.06745812723945,2.18389557860889,3.81430739090937,1.03011098862711,1.13130446931185,1.39325064830482,7.32719782614975,2.31355149529673,5.10331281468356,2.09286930089676,2.77763207902603,5.07695872549709,0.662254322138585,1.03739138032307,3.16146027397026,3,10,3
"2911",3.11010752748483,1.07561474233276,1.94171864850473,3.07960320014023,2.50897835587023,2.22722134265506,2.82223379508645,1.84465623226672,2.7362545950982,7.51281666579359,13.0388359368158,2.27081418700529,1.39387893141194,2.20143680501821,3.34777570931294,4.44417628123216,1.74276964989382,2.90332951560959,4.82314019635539,8.80775752753006,1.95556305769055,3.30397205574539,1.04163045618534,3.53951739961511,2.29235069231364,1.82843362151941,1.3413988078682,1.94538513413112,0.510917790625345,3.31535452251259,1.27511804183805,5.54158835740639,1.95887537651228,8.3827947447696,1.6426463766919,2.41791682054488,2.48256040086291,2.63107965899388,0.642655915149612,5.82230536812513,1.7238762918726,0.826501570673763,3.81585695960394,4.00414267747428,1.93480636306342,1.3171605800709,2.91299161880134,0.942163166912104,2.26161982986629,2.77102469378122,3,10,3
"2912",2.13081855174079,2.51255554247742,1.6792728910349,1.56426198994102,3.50449277272697,3.22587044870006,8.66962691756481,4.14390434262399,1.60293109577938,3.8633189547154,1.40075140590011,2.2018959861816,3.68410382649486,0.665725653879241,18.7946475190339,2.08227927307485,1.14896086063843,3.48079636393097,9.4447684416951,6.10596732968137,1.45142781762109,1.0870525181708,0.740506097754679,3.17879609076927,1.92535885782627,2.05222716180214,2.47020547986646,2.426979608101,13.1520076904592,3.46814519028344,0.345909236261003,2.88370593219892,2.08798397808968,15.5271269948596,1.67760704023934,5.34498328152467,2.40025525256776,2.23983245022119,0.481855426908623,3.92638989924078,3.98970801407187,5.59354364773511,3.85660361083672,2.51391213756179,6.21760296232325,6.51122578279384,5.34020474054487,1.66920334585315,4.36810158382292,2.78499436365602,3,10,3
"2913",1.49905961810835,1.80149657990269,5.97088010051323,2.44808534545481,7.43563517734596,1.72331847764006,0.15370555356418,3.25640406871106,1.16212397989293,6.50247139857328,1.46707932225998,9.46047064186674,5.99394435322164,4.93147103644661,5.98759005062565,6.393023112855,2.21181539180609,1.65233023843793,3.57263011738693,5.75816693009866,1.81553059358027,3.66575021905275,1.37339015658916,1.59552048258424,2.43208838593052,3.25304932500934,1.44232896941183,2.99389006573335,0.480409646172432,5.43141936640185,1.00436096898804,4.19971238893073,2.35765087014764,4.45278928762808,2.00233760719754,4.35869629329022,2.97376212965951,2.2368557169077,1.49653338183259,1.64996637725742,4.0587306717075,1.90006191398687,2.73602801654254,3.0449205386614,2.97746530441364,1.72697989420096,2.57269096755587,2.21615484645073,2.41373344233795,5.04939455577939,3,10,3
"2914",6.35073466424437,1.15660410314084,3.976930263234,2.22101003217217,3.5717751091243,1.73548361573046,4.20982777514195,3.19476919949533,1.09889532931007,12.4502287890723,4.19561009292044,10.3013749786956,2.30131832973456,1.85945560719823,7.02149593583186,2.12185770500726,1.84037210596137,1.27831405850913,3.21638087818516,19.7005309754868,2.45937227273019,2.57705716405098,1.25648581546114,1.98538726258356,2.58382567928856,2.59789986887841,0.863242137954903,0.653252081976355,5.10195194124113,1.91077526806151,2.44839394160374,3.70492293765408,4.62406601533793,4.88569428702773,1.05824942810182,1.43481261116789,1.86858935776555,2.63820391836003,1.25416103873698,0.604819503494893,1.09945607604068,2.87750954613848,2.27283935200308,4.11800639814234,1.61857265206047,3.91580157187529,2.487788856246,0.578197948686346,2.8115894697458,1.18577253597639,3,10,3
"2915",1.20827387554304,2.21210440252225,2.81524929858743,1.86587564142177,2.22457759169352,1.42929751658078,3.32883473249394,2.36154195949217,1.83016846802588,15.0297861685984,1.31986698712488,4.73109154841332,3.03569077026271,2.20465029205635,1.66737779504443,3.4613222936905,0.609230407208957,2.47391535383289,9.04416139651322,2.19549559850638,2.30284097600114,3.11588440765091,1.19957570384068,2.21712036402653,3.51704382198117,1.4012863295875,1.61863647445903,2.17267614585231,13.0285206105172,2.4934402046246,0.742499853886367,1.55410147574579,2.42370361043391,4.93683201691326,1.18670587448414,3.27353607025571,2.02094375177271,1.60055476163186,2.11192427078049,4.53160727182649,1.36634608789687,2.41227152932599,2.62942436464779,2.83496118610086,4.86436467910391,14.1042827165003,4.01830436742569,1.52992013150478,1.48918683616429,3.3648952400226,3,10,3
"2916",3.71582516269548,2.88941324587033,1.29057151182262,1.64020397082627,1.69138102202688,3.92116485265824,4.67363703709348,3.25479475613168,2.38920834134155,13.1623865522057,1.62804962181351,5.61022758375835,2.67580549297744,0.977284022376457,16.890338142298,5.91621084901282,0.279522070178628,1.14335703758537,10.1554758376442,5.64399363148453,2.99612810189986,3.09633935003853,0.784753598761036,3.96201732856778,1.9289727822611,6.43453971437301,0.345804390229848,0.690716817254082,1.51062971835573,1.26558761741714,1.17540080124778,1.89853468479184,2.90812598848412,5.36775461790937,3.21585878432857,2.75831333155105,0.694533584442328,2.06238983916704,0.8159657446567,3.55796379592228,1.37000323342262,2.27119800346592,6.0789689170568,3.59181630475975,3.58139025525418,0.928795385528955,21.2463542457633,0.950852149513086,2.20413884157286,9.29363971828726,3,10,3
"2917",1.29205217416493,2.25872006060128,3.47750938316418,2.04943554256828,2.29872561795262,1.38701595207293,7.60404647830978,0.958701121439994,3.09281960493961,1.25493916117168,5.35447978098819,5.75463721316432,1.18364291510732,0.337055397281984,7.97928541319069,9.74573225075321,0.570460381477552,2.06745800920439,6.69713018213373,6.00642094217952,4.44635051269954,1.602695408468,0.877842013064669,2.21425895224306,1.92985867998806,4.81429492317975,3.54425988523119,1.35606100822185,0.621227679253908,11.1304792103753,2.71412867565846,3.96447337721548,2.92293845555587,8.5706182868207,2.09505154670672,1.36497079198543,0.998156616915595,1.95233966575201,0.341702374392914,2.71325657937804,0.631990523338754,3.12225053411618,3.57287433652638,6.14712746482482,1.60623045342926,0.887284482408138,3.75071014304189,0.569045430370769,2.4163865339342,0.909751040255113,3,10,3
"2918",0.72896655447172,2.24530436327587,2.18658319702104,2.13599289330397,4.20880689647223,2.33771704942547,6.2738125428862,3.06927216588768,1.76532107312224,10.5886595334197,1.41908218735976,3.54481786626143,4.87571188977366,4.52563546923065,3.41479932649735,4.74059950332385,2.21398167728526,2.01710826922039,4.49580413058924,11.5910663874766,1.19745723978231,3.63999147523884,0.934240150738702,30.8970369492382,2.93872407796726,1.25571164270609,1.2573533862016,1.71716439281581,4.95078677845225,2.51155088305881,1.13426167222072,4.98922306375729,3.74487335039531,4.75194369124119,0.874165655232368,2.18182634816179,3.15158127256251,2.74564666773532,1.01629538029943,2.24368509094419,2.36043293705933,3.69067042987747,3.0446984148268,4.6765867379567,2.46314974524863,1.31501475827798,2.83837998462888,1.55626365394119,3.15746580795556,5.13147738862098,3,10,3
"2919",1.56172241107241,2.65525372515629,1.84318080502537,0.744387806138858,3.71963140654928,2.43106692936349,2.92386465350003,1.13946988013342,1.48967701687005,8.01836145524195,5.08993363937522,2.28377272043065,2.34668638680658,2.46045469067829,2.00923289218664,12.7813293710674,1.24831069192443,1.69549540077682,7.19640218477333,4.21969981821576,2.43716165131764,1.58967837268771,1.09899898280565,1.22439754143094,3.40222403074101,4.09828826485268,1.44416901742023,2.33552121571983,0.833456039659766,4.58858642890725,0.767493241313168,3.30810461005723,3.69512132820935,6.01073033241117,3.00495799033609,2.16657452734044,3.4536643438542,3.46602584966005,3.6356294777329,10.757743250301,0.78912912326634,3.28463495268646,2.28168015777729,7.85643141278709,0.939181609486608,4.4861233946392,3.75996151292891,0.595804506778803,2.00160284264071,3.28780455707775,3,10,3
"2920",1.06542073773376,3.26118095262727,5.98360707510281,2.51106182712621,2.44627818600617,3.48479812322439,3.88489994636738,3.22263377648438,1.78177965088446,1.10524311941769,1.65709285619026,2.0190737710088,0.966588208754403,1.67016406354372,1.25605727724586,2.94398551639015,1.76908999274425,2.56010281121349,6.75393148020175,12.4156189647157,2.55204477645311,1.26722743105317,1.39006734690823,2.24013305463604,0.739135373045678,2.9042107429536,1.17781348425053,2.67910197632281,2.29025040875255,27.5860848165625,0.632910257056002,1.84769705999441,6.52694581156458,5.55818774543816,2.07613147801773,2.28314287192548,4.46704660781732,0.433567056620018,1.90773952343614,2.81163377024242,1.93424661227097,5.17935011996962,5.52500167221354,4.85439996579183,3.54550844078215,1.82559773084782,3.2631401303017,0.695150848099241,1.146597121247,2.75985633227149,3,10,3
"2921",1.7874117798228,1.57324919117833,1.95280929555609,1.56205472867761,3.47018194676345,3.66238895064432,1.86680133014616,0.395953468913634,1.2639487581469,9.93443978850634,2.10743387862186,3.04960968332331,5.26873339869702,1.66783062557077,4.55755750603764,5.30370003621915,1.51903909337423,0.851808496441541,5.3244268695256,6.15553922315298,2.52864803725498,2.71874879511274,2.10177969852901,4.8400287653609,2.93219341860105,2.82052318951674,1.47735005932344,2.22002118767976,1.67532272098755,1.61250569307265,0.792938974745847,7.3486432613798,4.89652449036007,2.84275224984251,2.12315420034068,2.39774772638021,2.54297602411707,2.75167171925042,0.360916755475289,4.29337482601003,0.998241274588164,6.420027124063,8.22350283798169,5.82970525322227,16.6432912755178,1.68815868318711,4.16943420103718,2.36972945243005,2.8863247986346,2.88171595647393,3,10,3
"2922",0.653577319422509,4.36297748879193,6.01893126490326,1.55079149283827,14.7870460146275,3.53201070998582,10.9163555527993,0.759922736943041,1.88612211248579,2.23254279806325,8.55915518155372,6.49393843728213,2.45416763092248,2.96060321063312,1.69805141171507,3.58475859197442,1.7134787343951,3.34899945149883,1.80607446330282,7.05331300558812,2.19226727971241,2.92820036659232,1.50322038817094,1.45892978286115,2.02769934749625,2.32824751034861,2.72208061998677,3.27530532433731,0.307362482034134,4.55855939188065,1.88516529642538,2.14378213415058,5.19091168689586,3.78051977395847,1.23548934951965,0.510717873265751,1.60341546361582,2.79996827333869,0.81502632135709,2.31952701696049,1.35651064173339,1.22938480919982,2.85204016790445,13.4616814411107,3.70286451745599,1.61484762953699,5.88189771820367,0.413389164177045,1.09836918341394,6.16259936474729,3,10,3
"2923",4.65700427357831,1.60954095546212,8.03754878453712,1.55909423552926,1.89001323730784,1.50477615452058,2.98996091224125,1.43088879838653,1.43920715193272,7.79383835690783,5.67668516758791,3.58075138838016,4.33337525636061,0.452043406204095,4.57162461601574,4.19915426301337,1.77136984884834,2.49623975319766,3.8045456958022,11.2356568037229,1.49953422536338,1.10534942226293,2.76428407725383,2.94237661404486,3.05527745703996,1.63440853663087,1.003434454285,1.81991508848873,3.25327175700352,2.67806110931111,3.40257447411837,4.92565436587314,6.04311825751006,20.3592546985582,1.27569044918838,1.59884253149201,1.00066356183177,3.71198661895881,0.759891809397112,2.10767841403091,3.56144814314687,2.68627678957099,2.20149251495995,9.18901078919086,7.94459903273838,4.93690133007036,20.8813343688396,0.877132489337535,1.94101964878014,3.24538908405897,3,10,3
"2924",2.3061987101424,2.62285041980574,3.95891030853737,1.43324687316155,3.47899100499608,3.98646216073739,5.14836941229824,3.74150959273743,1.00248089771691,2.25120887485778,2.51856924553819,4.61250050276041,2.08071560054883,2.88907404721866,9.53353201211999,5.52354078077689,2.80168481305082,0.754291447207759,9.8591228129853,13.8775907470444,2.36358375503573,1.77206525910307,0.890182550182932,4.71352659274371,1.89293587120929,1.32863833690048,0.757297416754629,1.85297905273761,7.52298007931424,2.1838157308403,2.81273018521395,0.881974440264108,2.71496336747044,7.75630712481438,1.55830981740777,4.9796267706685,3.43936613778719,4.14311326295648,3.07902625025218,1.25789301342439,1.32575818175023,3.54467310250529,8.43399097780763,2.193044192207,2.72249609386601,7.85344960096203,5.91806891676067,0.842623076434065,1.47119228500676,2.52697467527477,3,10,3
"2925",4.38422406226981,1.64722568076899,0.975856858963995,1.61602301997768,3.73050141830568,2.32534336002985,4.60621172792613,3.14476259272371,2.06332592187323,3.38466634168558,1.45030708489109,6.51511429847212,4.13044434990442,4.12065102102854,6.76990456254618,4.18087003906409,1.33818503194107,0.825106550580625,2.19333594640486,1.94705989570634,1.92861861070032,4.36987941798131,0.670444840609314,4.20505556475151,3.51473386425782,3.88276713123789,1.27317574300611,1.41613688633738,2.48397104354606,1.06455473327512,1.81061165358543,4.03499890597012,1.96955624718571,5.52773176875249,3.32782432088348,0.633606593400796,1.07356223430194,1.55016527401121,1.2399912305789,2.12905265813294,2.16661354321221,4.0957261437722,4.57423573443431,12.2789591295244,2.35766382022223,0.995533839661539,4.33555229063724,1.32064505641158,1.79021055850318,1.47740278602239,3,10,3
"2926",3.16929818680408,2.75069510298873,1.33534587033534,1.50282433065042,4.98330668749433,1.32774815434163,6.88572353671594,3.38229183014668,1.34814368121653,5.78950863125425,3.33377263003243,5.19621682132736,2.87352237198445,4.46118889052446,2.21164252665657,1.37194087023364,0.652076972271042,3.34511585622117,6.92413089075735,5.07921733161,3.12634709378223,3.82490000165651,1.93264770916975,2.57534242661615,2.52057696942251,3.88352650686615,1.08721615744133,2.88272973791503,1.23801721852084,3.93714434072355,5.36617910634596,10.1734867204419,16.3726108984073,3.20984447045684,2.08846205522258,3.39387661723726,1.56556543649664,3.81037773495632,1.72770704047065,1.84008591515956,4.27378450612776,3.22465213210861,3.49808125730466,2.83573132624093,5.59301104640147,2.36838185660337,6.75729579553445,1.44084588007423,1.71726117035684,8.58249233459461,3,10,3
"2927",1.26438128407902,1.99162522504937,7.91930032568225,1.66212364644102,1.81200221092219,1.05033239674243,0.882028856299371,1.06130290234453,2.10551884559154,2.96054722048531,3.9549815366691,5.2904253394136,2.45633639950632,1.62881621675816,3.82596653084084,5.32391352830608,1.54193006396308,0.36984508677832,9.63541524177417,8.87877330686967,3.42472338798351,3.63249190957176,0.174419364426523,3.14374867619331,3.55262811035869,3.76236338845879,2.66438929209565,4.61751625663646,0.6034413326908,2.75558865353041,1.17732506379224,2.74138773925218,5.87960268286121,3.94813395763124,2.71422570987056,1.39089566046914,3.41126842756406,3.55239584677069,1.81759131465397,0.300235760015494,1.41614976988544,4.63385802750379,3.6706744508395,6.02777012981323,3.89003198991641,4.78197383279401,4.39607234672472,0.860157113785071,1.12523777026158,2.47705910944142,3,10,3
"2928",2.46119162844031,3.84872258775817,1.84952460656096,2.26966170459273,2.51152734711051,4.5992306783546,1.98517242332574,1.88564856568261,1.95593533243097,6.555373170143,3.28120503171967,2.7986293042483,7.40025937862949,1.51439970115051,2.21277456145996,20.5176947848196,0.93833653028353,0.570727221196232,5.06918519041241,7.66682898571977,1.38180799755392,1.69077522026144,0.518339473686498,5.83088793311498,0.764220101824758,4.47835222188729,1.92990902803158,1.98421635240525,1.97690561743401,2.06106993588446,2.19506308315956,8.66047677157174,3.12859911936501,12.3744033733549,1.69219688879138,2.77365580254431,2.56632491751648,3.12307381914469,2.04300692912044,0.817503885965542,1.01454021412419,13.208346841549,4.22800937281547,18.5248111521567,4.36215233122806,1.1749107172734,2.16897657265387,0.1242802799084,2.38538616083581,6.1303761057861,3,10,3
"2929",14.7843927639396,3.89234130742232,1.96166982276186,2.30932149790815,2.79086254761976,14.0506623985168,1.9600191239574,5.43422435119753,1.52228178680197,17.8261165448077,3.39004884514145,4.96254505008476,3.05651617885457,1.0315614535983,3.87756128041726,1.20188391554557,1.22575557593724,1.56960958521527,5.00056424070976,10.6601236328921,1.07903116435874,2.87962747587781,0.514911422180122,3.54924283033919,2.10374445864446,2.30676335701505,1.5992677895644,3.93980612550768,7.91026080266265,5.09425012204348,0.240751875429305,4.82838905528788,4.14745302818548,8.8916764012004,0.627536856454931,5.41951754549707,3.39104568956595,1.21248527330434,0.204588427208407,0.865146139102521,3.12466918719164,2.68266296856017,4.42622795056691,7.14195318422025,2.07560035798896,1.34184872715054,3.60956079997336,0.509652527552332,0.845258015390472,2.69890272047672,3,10,3
"2930",0.99175995989711,1.63978601339291,4.47308254788528,3.82700974331839,1.94430270080629,2.79198589217544,3.19981448899775,0.784510500065985,1.66758058149538,6.13684522751469,9.24326281711283,5.32676040549014,2.37038636050222,1.22457860131611,1.23143839045752,22.6725361104604,3.06839347998687,0.421580120247762,3.35422513428756,2.93905769130699,0.905764257855605,1.78564141870687,0.545722478217808,1.38040016581257,1.94429390536973,2.60365500047158,2.20207444282092,3.78587013854978,2.65620406084822,2.77818205995864,0.520572867659675,3.5083303123112,5.58756544516236,8.02111567579961,1.97891907830603,2.45647572747215,10.9162465642537,4.63599433798328,3.68874948428262,20.8065229613653,0.702871640815623,2.63595760641255,5.01909897418044,5.77548582289425,4.01487411227016,4.67265806854944,5.70026743719067,0.714725344463662,3.85458950342281,2.88845729253278,3,10,3
"2931",1.40010541003285,3.03296780649559,1.60190241306859,1.54696319736226,5.28000254948078,2.62570145341018,2.88536649136867,2.23834015682021,0.598176039716271,7.14272816857448,2.48468980921189,5.3864383401112,1.66993039884157,4.58738375953422,12.4301868629344,2.71306537352217,1.1884562853013,1.83844418395706,8.6236096016416,5.46982390286795,2.30551417597317,4.11764789579184,2.34406458890299,1.26963324339295,2.52188722826815,1.27658996244581,0.702011450938305,2.84485407894889,0.578340517980788,3.37425850490316,6.53704094087179,3.94922309079828,11.4840374215118,2.24447713970358,2.5558677540472,2.64831148239272,3.05763585044502,1.91146773506307,3.06187694250298,1.11612067303348,1.37638752748844,5.65540023945059,4.06645093447329,2.16097409431939,1.60582690591944,1.62864271553255,2.82348587548146,2.15892191537544,2.88546353827683,3.49073082318185,3,10,3
"2932",14.3103100024607,1.12199014795282,2.44320102661665,1.93534859702127,2.70249022501341,1.88361384555753,2.07326267563122,3.22938174750534,1.24487070531104,4.03554803139588,2.10465566962606,3.43403859688465,1.13153960360123,2.15391676563687,5.31630969315755,2.8168598826416,1.71038063583908,3.30104494969397,2.64565118605183,7.51324956895086,1.36534977637325,1.92640732922404,2.90948884818282,3.59919792504904,2.35841136211934,2.92298525273961,1.21566480263201,3.19861599336969,0.763694911839519,3.54960744821548,1.52466050456266,3.75580100530774,1.85286058226918,3.96419811097219,1.32514954628516,2.71695073693718,3.19612975914928,7.27999185005444,0.336775915882446,0.853064787282615,3.53226517268954,2.92874610554456,3.17095706570109,2.62283458866814,12.575063878856,1.5148744846612,4.45047445831365,0.688575031375121,2.15879935182107,6.09586176951404,3,10,3
"2933",0.353452334119485,2.17804245594269,2.79988577884726,2.69299016257672,5.15021748074352,1.89800338213551,2.21377671395118,2.18283771380423,0.820191909853748,4.57324898912246,0.630990155392726,4.52152411575525,5.9291487322749,3.97042409167763,2.11388598705573,7.2833254021003,1.01402339211551,1.97705316244929,5.13187006721543,3.92585676256704,4.33709793371851,1.38616878887631,0.592554047033002,3.9182410750891,7.87363657462677,1.80289844050409,1.33910160704803,1.86003238754702,1.80398607692193,2.24199041758804,1.73275111658923,2.86292864897248,2.60872323074861,2.37635724830846,1.3381495563055,0.550331056170564,1.75195022308801,2.35756161403968,0.591582794438885,1.53734121371787,4.41326442824928,2.26513606572286,3.33680935249171,13.8816899730577,4.82019157214241,1.12478309739742,10.8658521676819,2.89784000450206,1.9619852753203,1.48601981517917,3,10,3
"2934",1.85820113800638,2.82592089608369,2.02186402623519,0.968061724724021,6.43087857590044,3.82469864664355,4.57485120738021,2.33993435840671,0.51138976466405,8.53103464063038,2.45498733654629,3.79543042660013,5.0164472283642,2.30600609134874,1.71857958498648,9.8645172171513,0.489837804497155,1.12730718008043,4.16786275551829,6.76020141148864,1.96986440849038,2.66159400911566,1.15616924618718,38.7683690280511,2.54914391463356,4.86857418129259,1.00287157098703,2.72836838026246,0.812081034003214,5.40579967471827,0.391663169808922,2.75091787607077,2.17958072160196,2.20613218829873,2.11649654868681,2.95162203809851,2.16665233100278,2.83002973322048,0.786365607385261,1.25044920334216,1.06594842728556,2.88884585731367,3.87585811552471,2.70380175757391,4.85523181212739,2.93113474022854,3.22578360860013,0.296458071125598,2.20287098198395,3.24062284599134,3,10,3
"2935",1.74485131746679,0.762058543606326,2.01150153307344,1.23035062317643,3.21720500653007,3.29776165317615,5.00140600118879,0.616606560398924,1.98591509155841,2.13836270415349,1.50249170054267,9.76797450981696,4.69808645208697,1.34672327887718,4.99327402865799,3.17142533716255,0.661680605227414,1.43206763075278,6.54151245559476,2.70826753368911,2.30601815007507,4.29996029230131,1.55755521762339,1.79127992681248,2.93270975338199,2.39858223947616,1.06650783473768,2.02731118618002,2.67782082253003,5.36163966144068,0.827057979027476,6.0594466461567,3.11507557416653,1.54410499180326,1.75391303029798,0.659404909117352,2.55948947383442,3.11616110910947,3.17244731117723,6.02962528464015,1.41296310175716,8.12742500764344,6.25823444501097,2.44761628465301,3.08000199838536,1.70510409530006,3.81990969345695,2.68332998031652,1.97169916320451,4.92686400089698,3,10,3
"2936",1.51930245125208,4.01100938447296,2.7460584567286,1.36284166659597,1.56895447207065,3.99815193359606,6.90344107064436,3.95793102765453,0.556738871044437,4.28702450268816,0.777334255490802,2.15348017197789,1.20447078723103,0.541320358406786,1.60993468804593,7.91717314781317,1.35946559466993,2.00215048198411,12.6204944163626,3.09934874022223,1.20164355651761,4.22095855292161,1.01101817449393,1.85634947270501,3.96973815247412,4.10242951789164,2.01838080053906,2.94107423461703,2.16349125031801,1.58134968373371,0.324913021961686,8.90041579126575,2.68114775356207,12.8492918718876,1.9542583560788,5.55853259013648,1.12002173123462,3.34675004582304,1.22216509793687,5.29072141184862,4.28259231423356,3.18554068330967,7.25842014305992,7.50325267788299,3.29669024192736,1.2966136735624,4.18257572003411,1.06660200083881,1.14064462794546,6.48793429195327,3,10,3
"2937",1.50959048903921,0.902474343438523,1.80925590058254,1.67860177683651,2.63177099194958,1.88256035430815,2.62491892688867,1.48316916797362,0.706164234676619,8.95246322174974,0.944141423755509,5.92967017248725,1.93157011075243,2.17674672817644,2.39505679395882,19.1434399549334,2.52564551526728,0.489641230884832,2.4901459525133,5.67215027805567,3.7359366839878,2.22974826158044,0.944932171806094,1.20178915607865,1.73937802610201,3.17715318532841,2.45828662326037,2.07427067748591,0.961813918414877,2.62240468255344,1.30731873898677,2.96227189860706,4.35686680553601,4.60629632646459,2.09361605020337,0.876392103487932,5.02223539051183,4.25912617597207,0.585992024418366,1.73257773019392,1.50174482531564,2.9769369846385,2.32769787463595,7.48858796238034,2.83107089186364,1.82407368139533,2.3500866038047,2.66455147661527,2.02984847869031,6.55778560279193,3,10,3
"2938",5.46154745107918,2.80746896440179,1.95867223468911,0.978725806618179,3.52916661781811,1.9128219352304,0.146084471649918,1.49425747613617,1.11347413046919,23.4261010952459,3.621561863181,5.89971758588132,1.08616509455487,2.07215839125625,0.799962881768524,5.18475744944393,1.81090576543872,0.280099467628133,2.25946593305888,3.69771319215643,2.97268456980553,4.02295520864852,0.908366528282804,5.65039935347939,2.56426978630579,1.60036757473378,0.816146655249119,3.54463046253796,0.691344078651309,2.83289051468295,0.896121562217309,4.6683937336607,4.99978612876892,4.52723941619694,1.42647855389176,3.71371956760418,6.03480604669408,1.66320539196022,2.56799940809943,1.91338538802721,5.33066240665521,3.21673381089528,1.10778126708196,4.6096949880902,2.28003804373656,1.58803636415481,3.08387806512136,0.527638586719754,3.57144276247802,6.26163209598094,3,10,3
"2939",1.11338953840007,3.85248470328137,1.37695762579772,2.74098309248955,3.44914133407575,1.45765796688888,2.97927379327565,1.99352000017709,1.08056496854309,2.38366726295763,7.5813969796178,8.25264873855888,0.824176603815337,2.4535799603344,4.92686183821686,2.62816825713112,1.768977580716,1.56312165061123,2.98544975831954,6.31291744361345,1.37335509522937,4.11880317368413,0.131923868786994,1.624361831618,2.7960173937409,3.80942577371832,2.08119331243171,1.71385836971855,1.12968296204397,1.65864706209358,3.03714596304934,2.22408351998511,4.04926235285878,2.82735695138378,2.65733287387349,0.859002337215124,2.85289470695732,1.61641621138908,1.87573719416686,3.25276413490703,3.38483861649594,5.30911429115299,2.796138062684,3.6721463764793,4.31217582806398,7.86633368927807,1.75551521632069,1.01274970699341,2.40318083728039,3.11691137710004,3,10,3
"2940",0.777880932805206,2.68448744413821,1.37960627495645,1.61017606644801,8.0783186910269,3.70145244626166,2.28011755484815,1.09146037321436,1.04473178681072,4.86655614671151,0.959975562284763,3.27356038531984,2.66173928236984,2.74531097507815,2.42149087659283,3.78652332809992,2.11316341448022,0.562275769991512,6.56278323261062,5.38405672329168,2.43783604437603,1.12560399632257,2.42017329379107,3.31126395065089,1.10210656487084,1.87579886829455,0.420746552842619,0.602684463252773,0.833660038258416,9.19526199376569,2.97131877801262,2.337323848834,6.60812282755555,5.56900436308699,0.910629458734371,4.33047836253109,3.48878303906211,2.28348213260521,2.18949717273794,5.83588499682829,0.529964946113376,7.1611389970261,4.53732830190195,7.02966506321559,7.86955501378216,1.37085851155782,7.23131130035924,1.10651812046786,1.66618881130117,15.1612427727812,3,10,3
"2941",0.314962706643719,3.92842375826691,1.71376125231999,3.16869618281261,2.78319646006268,1.79045016079714,3.03138059547425,0.430842516069015,0.551872365631656,5.68460050821928,1.22629632070193,4.87058712135273,1.97502097989669,5.34416262453628,4.93502603735241,5.65009905095667,0.876048640369861,2.41338623925587,2.0224523514633,2.48400975919827,0.300174190433153,2.7267680858807,1.74835798239283,39.0654614160783,2.32705420544095,3.00799061558167,1.39750685713691,1.69645022887735,0.686433690543521,2.41133042999643,0.325692212137697,1.65573563128596,6.61845229591471,5.12175776742516,2.544866228518,2.81037836177122,0.776964716609914,3.29358038766493,1.03368424568576,0.619734464964535,2.77069796181752,3.13483274035242,7.3273450195523,2.3865298879974,1.81932169640585,2.89000070210314,6.61451072003405,1.19487670698355,3.50412624252985,10.3188487950038,3,10,3
"2942",0.615854818733976,3.26832073325037,6.9473988080264,0.386036834379777,2.49476695426002,2.18105032515182,1.27578310837911,1.91195329115353,3.10248105860338,5.49275802365135,6.08023821138558,2.35705190805761,7.79517936338897,2.57472548401781,7.18764581329179,8.64773294214268,2.20844240807613,2.30790913122211,1.76340525601872,7.03443524768795,2.26159606167468,2.93430958868866,1.23995912612119,1.40574779962198,1.29776957235408,2.57080263195444,1.23844976436727,2.3219583820014,1.54167672298317,4.19506953951825,0.547798547716941,6.71345347811076,14.841707491505,3.94191784259632,2.39298270659655,6.12633591620945,0.417833734019833,2.71032262808473,0.534301392012163,3.06763976062168,3.56431850014059,2.40205768923959,4.16561222607506,7.5416116274386,6.33390552665021,1.1235841916637,5.48057590658404,1.16126689175669,1.66560863995282,2.16930906638597,3,10,3
"2943",3.80031319931288,5.0546810796978,1.95461835011332,1.35770064753284,5.37894611267422,2.84611209607793,4.51776654780041,3.63274177862447,1.07768024578338,16.071793544207,1.5456595226253,6.39804486088511,3.98306881960925,2.90111827554371,4.66942873145113,4.07103906914531,0.97132644363655,0.650800607574086,4.70568967681225,3.82808565864861,0.863825099938273,6.77884839546706,1.48070071615345,9.00862420476815,3.0034811132497,2.4863055298539,1.45261276371517,2.57541559902983,0.521585179545924,2.51754485482349,3.188660384486,2.26040187854192,2.71155286389018,9.42260289920933,2.6323516010381,2.25309436081375,1.27481167732088,2.39367805950376,0.566512499569296,1.37428268615599,1.20274633748835,1.49634946460307,6.01005503223732,13.2809356861864,4.59267276992362,1.09411783222415,2.68608434437985,1.89409023882993,2.26203892378227,3.24296401661809,3,10,3
"2944",2.50116246436514,2.54528593960532,2.37101265721131,0.462408316729852,2.62272121779071,2.28099952007988,3.92182107898268,1.35550762244421,2.31331266494615,7.47984195782288,0.724628847076017,2.76505142870166,0.610428277331703,2.57951796751129,1.44458096545111,8.04022034357971,1.42052065866638,1.58088143028421,3.3001913013193,4.75921534787976,2.17744682745626,1.15901755589329,0.486425859522787,3.03893369651719,3.31858733221119,2.19058645995713,2.57011148815871,1.66228151871251,1.36618580126935,16.1288388804258,1.35588185486085,4.52296833973629,3.03982657060568,5.54582292168556,1.02969124929747,1.19718715848175,0.579149648032092,1.67815167095968,0.513450530832575,5.22656192058993,1.0960308521612,4.16742836354613,0.66402673990719,7.96103379067752,2.8128459387024,1.26951289522873,3.71179548633446,0.867114376727224,1.18501677868744,2.56780088668334,3,10,3
"2945",0.618109312576211,4.17641330429949,4.02960523121971,1.8538439015136,5.03052747039863,1.49365935716678,1.81841207665274,2.02683495569914,2.46861338124936,8.60840642632098,5.16289443027544,2.63766495452629,4.72542392466109,2.8194546407599,4.52996955754125,3.17779930367926,3.32490380173278,1.05769831911374,3.35160637592845,2.82812949743708,0.855887949939052,3.32353478154052,0.14433936867549,1.26886147582508,3.37783285529247,3.47934361696105,0.994216607365018,1.61539439095488,1.97233563513629,2.84162914413666,0.391918826085069,2.29504058444919,2.43880958542741,6.72956177959795,1.08646317529543,1.83710827643802,2.49067923594431,2.44416364803278,2.78032030192039,2.03150428565161,1.22788560677867,2.25090777621115,5.74175393784564,5.02824651041396,1.93988715844012,1.82559773084782,3.93871041392732,0.594264003357743,2.44122955200285,4.96845750124341,3,10,3
"2946",0.51197227451221,3.53713536618338,6.86170591939038,3.08291745783127,5.14114567758392,8.87830215324433,0.727101097918599,3.11162061859474,2.18643002914667,1.50454642498701,4.12619807713547,1.81426882856451,7.47858555856022,1.0505678987908,4.68085924792563,8.38354155329644,1.15208101711739,3.56561761235121,2.25246356270227,6.25509321502887,1.47406232406659,2.80953241223735,1.56449450641466,1.98998897097053,1.15513040906719,1.76228224136238,1.39614323487661,3.33735486135492,0.396716638197584,5.80891512431372,2.69720842280858,1.56621701375564,2.12950638587367,4.09044948702123,1.41827088909615,0.439028682931914,1.75547127692672,4.75480871216139,1.25038846207509,0.986039287004897,0.743796365014918,3.0963093629309,5.32349041124366,2.07850314257607,1.8838148075377,3.049564268182,5.7757077827641,0.892656650671402,1.363632294589,2.58416604534712,3,10,3
"2947",3.37287253682609,0.821876165814878,4.64932400609613,2.54747774922862,2.51626866190642,2.43264976875562,2.65350772724154,5.95391446902516,3.0377579548388,5.785587624972,6.69132668249896,4.95191418302184,2.85985049883465,2.40820186633595,7.8671652886986,2.25404673086796,2.12590150454826,1.06312849586876,6.49037336462434,15.1450655401542,2.63044940111443,1.99593269165997,1.36906082981263,1.94354424504676,2.61660209912002,1.56876568025028,0.58097140862193,3.62477934281422,0.289803968015369,2.33683616974784,1.92895773343249,3.68869433789032,6.96706390104864,5.97663187694575,0.871340675467671,0.541468673754001,0.942636618596429,1.47015172963315,1.84230419009758,7.13352875532685,4.31644654101803,3.00006708566676,5.08536685235811,7.70896670542227,3.21602236841577,1.46871719509494,5.32775130906122,1.60951777279867,2.40523503464375,2.88916465903632,3,10,3
"2948",4.96562028056427,1.3860124504205,4.68866978492768,4.38186713627862,6.43572600400391,4.69087830937963,7.00957848185139,3.3170284115335,0.819451549478753,9.61670060590432,2.83656205552022,3.87131291789799,6.58737220859349,4.24073152501962,3.19149934387546,5.74058457197199,1.2991560617564,2.55782382381349,2.45958143942906,6.31038407053753,1.44658049011201,2.78775858091329,0.590469078569868,8.1173262751363,4.75669312872771,4.38289506323705,0.298189534431103,1.33516593130083,2.43604513308903,2.02581435929797,1.76798685954558,6.55910725880119,3.12650325921719,2.95391694147268,1.02163453800794,3.04795472700652,2.40021647551545,3.51815988830355,1.68218380271853,6.84265995374333,1.20791144394562,6.26287925191385,4.0326347033952,10.05542285904,3.2682858553882,3.5863388018793,45.9498855523971,0.594615559520309,1.18581432386406,3.63612187876511,3,10,3
"2949",2.32549096906138,2.55431182617752,13.0453938999452,1.97034415391593,7.9386446394442,1.05525555299793,5.05608548826704,3.51472251711897,1.89437127061244,9.70080399729407,3.02571026881846,1.715466834034,2.72936278438563,3.81972731818011,3.30657250093115,13.4465965178526,1.36567221216193,2.3008919672656,54.0537953642731,5.06327856031236,1.44484735251236,2.32033361236545,0.391748756024228,1.8010427589994,2.99313788979078,4.142392528154,2.22760711588372,1.33149490212938,1.2710115625485,1.5733722959284,0.201660793447937,0.779742300324446,8.94760742034482,13.4426894132901,1.60711854476203,3.1807001587964,4.80330818999172,2.02285350093852,1.90280293262882,3.83606399669752,1.19705505511506,4.53909546505842,6.95582791936496,7.20265269974961,2.88247901358804,3.01542118316036,6.80807781514242,0.347870491705274,1.96552244049026,2.88312452272428,3,10,3
"2950",2.42395699364889,1.41959277967074,2.80159916448979,3.60795170891315,5.54510108829864,1.98486889032686,4.92136749380043,0.863190686796765,1.51331527606943,4.88653155010757,7.82910060912566,7.57563670202887,0.673551811789038,2.68327369889018,7.24728125976648,2.31227234955077,1.1837674084761,3.88538707423482,3.47275308503167,6.46654186614508,1.43859038138266,3.30100011597723,0.761325775325674,4.54239550694541,1.57584730682387,1.8795948813806,1.66466779548447,2.15878254431392,0.520509774358743,0.763581389293822,1.99222925518891,3.8220780991093,2.3886907016632,6.54983960631321,1.38055079636537,2.42335637082433,7.10847144536246,2.70309911697029,2.98990458787177,13.9693735673565,2.17866568779387,3.07525408631913,3.55648718141134,1.92797678663794,3.44106997680023,2.8199858716252,4.81824077803921,1.79684768763666,2.27629963394839,14.9844315728815,3,10,3
"2951",0.774093421209218,2.31379909014118,5.95102854013062,1.87031625467443,5.06134385379505,0.62342996509309,8.38516782682908,4.51129743580041,2.20409227636842,9.62318825551227,1.35901204574156,8.50766418657475,2.49515388909768,3.97130742279857,3.25584829298226,17.1628172177084,1.59599688391789,1.94921651629025,6.79997623022072,2.89849274487762,3.09563097540737,4.59514635728751,1.30434074019692,1.86517274803813,2.50821379424011,3.85614621285447,1.34298633772471,1.99396830053971,1.0407833052139,3.21250232775719,2.10515365559187,5.19186931569836,2.05136453991883,2.82911027959793,0.574774085440169,4.30649475913599,2.4201614174799,1.11834925934173,0.687956072931093,0.785757122796645,1.53322707536875,4.51514270513789,1.56548015409309,1.72318874971916,2.88065531830674,2.30686364437622,2.19408602717292,0.80166929320565,2.05364930837874,5.8064095879757,3,10,3
"2952",1.96243136888129,2.11961351261338,2.77225906973277,1.40062857637096,1.28052491383831,5.73053160297638,2.46500058109734,3.93142315566158,2.53165115792914,9.46437132890132,1.1357974752486,4.38087616344369,2.19684792991935,2.92673507121777,1.49292216054655,1.87195649954397,2.32686953279836,0.772587809683291,4.28256015630522,4.50943607072694,2.42193998038806,1.93281796098304,1.7178104631976,13.0757987722424,1.69723737850628,2.28768828808211,3.55128980745539,2.7021991661054,4.19381051577696,2.92253188528485,2.76661534611822,2.46486781607892,2.82614219278697,1.87386372135799,3.00038671088867,3.0975499843472,7.89095758008818,1.60526880118831,0.884617025289756,2.21675784138364,0.79192416738199,1.26908340591452,3.15508563470014,7.98422388354365,2.53602340382161,2.24006947209987,5.16970804433906,0.315995833842986,2.74159258799994,2.13796611935414,3,10,3
"2953",5.16447549865436,2.54142832507456,3.91639122774172,2.54789755364609,6.3192916418224,2.58097078316538,5.92379199528669,1.78734011375164,0.951013700037397,3.62877710765458,1.06943545369728,4.85779862128138,1.71647418440091,3.41030196874801,3.44914325981628,5.77187093746655,0.855401442070539,2.72649680661301,1.66761966461418,1.53790835438189,1.24110969470291,4.86412098727641,0.938941224264019,1.87775366703416,1.54828803931768,5.22780093414337,2.67553250346664,1.98875640215774,0.795670281318735,4.10699342333834,0.952125435509229,1.21320590176115,1.29831163600683,5.11886684821578,2.3584569220306,2.22539708360132,0.375970042180891,2.32011923389177,3.03299771583397,5.03748265163576,1.19008818147487,0.922807981192116,2.71770653270838,3.65779509505865,2.70112542037137,2.67865571739766,3.09745211446332,1.05732957158831,1.93482664469435,2.24610980149038,3,10,3
"2954",0.841706937588286,2.76538209237052,5.39878746160384,2.26566962100538,9.33754241228103,14.5498554263018,4.2783064646951,0.271610274852314,0.807150747202501,2.38528084224942,10.7912763918848,5.95419991378781,1.24048688628616,1.65544277075613,10.5386272956086,3.33859304595851,3.17765499065486,2.6908074927113,2.67550556587156,1.83637443384227,1.66009655198619,1.17029337653605,1.72234706693015,3.19590682694053,3.16367986803953,2.11015291034633,1.05619373404087,2.10190285862159,3.81847070656466,4.43093834409166,0.642671396783119,1.21458660154573,7.56304913134248,3.33229591705907,0.969359447622314,2.57837860185808,2.13353633248035,3.78861247005625,0.673733044081432,1.74612677392197,1.3250100457888,1.3412591573687,3.33373266980821,0.979951774505632,7.57074369220565,1.75277305571996,2.37622884745924,1.37356934582763,2.57996736951981,6.88845942197262,3,10,3
"2955",2.02955273827906,3.04808702500609,2.04562613894854,1.99672567175549,13.1890751038167,1.24150355595715,1.56374220178537,2.8769430311987,1.22585033394323,12.9406174828825,5.39362850116714,3.29280098934003,2.09261011519821,1.8443991361411,2.23090157159986,2.73189306705243,0.791101243881475,2.10185870655313,1.8365933253421,7.00246864983861,2.45133976965691,3.38513825594025,1.96244223827458,4.14285258049206,2.40649648087297,3.69435867502192,1.60206159170073,0.851667052035528,2.0434272337936,2.81472802447897,2.27702145345102,1.51125543546984,3.25433550138954,4.93223232582976,1.67089671133891,4.03219844086743,0.802834204945199,3.23691509955301,0.696582321306997,2.41589656468513,4.77954275647196,4.75764134804972,6.57315841589942,3.97734516010529,1.1686115342097,1.72445361991364,3.86924254876145,1.08781833293404,1.45079242173441,4.45162208934007,3,10,3
"2956",4.49800701749156,2.22066087962037,1.64009195458008,2.22332810301943,4.06497024477443,5.55901111774021,4.73662528603619,2.82054716873405,2.23740271276647,4.97876120235597,2.35621883561235,7.99810516085185,3.61091026463618,0.887549479547727,4.1564993510986,4.04331580754206,1.23839952042525,0.953434601705888,6.53146957735685,5.29378688075709,3.77447038010071,3.27061709834383,1.50278849544925,2.67494618432998,2.6300170213071,2.68685158916482,1.65422090870895,3.28508285125557,1.41085252705393,11.629611194108,2.1293496401586,1.60621176097535,7.83560403391099,4.08773489998471,2.60876380169889,1.2121237782395,4.79021603633748,2.11478529940648,1.53840449653161,1.91517931863352,10.3135701383746,2.51067919901713,3.77314527205322,8.21046223449335,2.16681199309051,0.812443623535653,3.45593506510821,1.42639524759763,2.67071699080381,2.69391275983108,3,10,3
"2957",0.54448862834657,2.14567346398761,2.44735705376649,1.93094621375956,2.79439908500193,6.41181840361845,4.19363548985183,3.45061355133813,1.44449015122898,12.9739807287527,1.96853921980277,5.88139822597835,2.79430063278623,1.23698094204336,3.15525386322381,5.47608457643365,1.40406527354262,2.19732027974004,1.23959752636288,6.69520041991736,1.5610034250411,5.71000792112793,1.3974036176258,5.24284639267099,4.40149437531401,4.80180328068123,0.479174143436798,1.53517657086542,0.651502072572428,3.85794640723586,0.804138249769901,7.08162134704868,1.85635033038608,2.52254157975626,2.66961630502793,0.977374041253914,1.61384141615387,1.07218782250073,1.72706930638566,0.973272327925157,5.5279706599835,7.4808684569833,4.07772858396501,5.06158775594213,5.18722102383815,1.01093631872454,6.63856991211823,1.13540029424263,1.49470918628596,2.32729482093775,3,10,3
"2958",1.08902975847504,3.84938904102154,1.83994419332404,2.33868251938664,4.77686283642898,4.61402320796172,4.82751719967858,3.21636647726266,2.62175914429474,6.77429174016034,3.13337248813878,9.73277623845115,1.59091458692868,2.19170635003738,5.44176728307001,4.79289111392122,1.18917041846319,1.19343302685562,5.00516663183231,6.30458061383352,2.43860873567749,2.22217071608613,1.11801092535722,2.74276656351009,1.8497099211755,1.06839792561409,0.833004646875721,0.997223605293933,5.54679506953952,8.3389740563002,2.83940874310477,3.07621224425632,1.68409202885506,0.864400056493522,1.27645568524873,1.87333671655313,0.630336921897578,1.40478159947667,1.67179002777283,0.85811050766411,1.58239520938315,11.4818051279051,4.32285520787718,2.298709477972,8.27445786509974,2.27881683174282,28.3321850039363,0.750628775920806,1.84132322661636,4.7556557188179,3,10,3
"2959",1.79096642878513,0.763942239309054,4.28699276856067,1.42525745602774,1.07140797834412,5.56586996378585,8.46012018840324,1.1505567602685,2.26700897008117,8.50676875926942,1.37392055779841,5.23781196753204,1.46772527076123,3.46021825205519,2.94733242697968,8.33728362451521,1.90048623570536,0.940950421330318,6.72540279941514,5.37638596406281,0.83424663163013,1.01327531529007,0.96449923671527,2.89684453791323,2.4877111034416,3.72609976504749,1.59949455027467,3.42217286087306,2.05423311807216,1.08708826140004,0.270994461963816,4.30377469361245,1.96307641952135,4.14964348045287,2.31414461704341,0.784793661561961,1.12051348670095,1.91003410470378,2.02909305801872,2.63494236427799,5.17713229917103,10.0386676318856,2.63916327404374,2.97446742261408,5.95716868963338,10.6629143826482,1.91487332096005,2.25780486877326,1.58254471237128,1.44468827181574,3,10,3
"2960",2.69381897278026,2.40423044233972,3.34235687344245,1.55698315305999,2.28916120644838,2.48388588540048,3.10690229560102,2.43053998365264,1.8780468175133,8.86395747640862,3.15114300286073,5.66405049375075,1.75841010548156,0.802765422519717,1.15401124213876,2.51620351565937,0.91377963790556,0.333389874799315,13.1131921208436,2.99950975659373,2.98973981683971,1.87111790727996,0.780994339463245,4.17412768954919,3.16813843147276,1.60064410807429,2.03466620184606,2.84406920918696,1.96205236219959,2.00327183064714,2.59299382668824,6.72314400242021,4.01122197972241,9.14363427687774,3.38577998253916,2.15295773020713,4.32210432286438,2.52090628566543,1.73874774223251,2.68128711985606,7.84538591466445,6.79272924604871,5.93329883306999,3.71990882479344,5.9796571237555,3.59608718138171,5.07333808597813,1.77378992222212,2.69384035073152,3.14909178610066,3,10,3
"2961",1.01959290837684,8.1591472820774,2.65117576882254,0.997697491440513,1.8268891085562,1.33766780324252,1.08109701608554,2.8717274548467,1.89330634314784,7.29112824957422,1.67585426451184,3.75884523142335,2.66424458659204,1.43648836024466,8.50583596471736,3.71079233962257,0.896686526094645,0.722080213901385,1.84522501675079,3.31318064388948,1.0669216722675,3.79146423489558,1.51101696851731,2.73302613539308,2.25729925664424,6.45754860382672,1.05040827369865,2.52925245523791,0.437986127274259,3.77031494860596,1.23861475236919,0.563731828066202,3.57122885978755,6.73121601423194,2.62110862685418,2.34092570007771,2.80755559215408,2.73236895181902,0.685478472932678,1.43359323145265,1.77392024497292,1.6257741526686,2.52974410488503,5.7036209353518,3.21712796691806,3.23940017010108,3.07568746606417,1.41708791252405,2.34878042980023,2.82286176179351,3,10,3
"2962",1.7849231380766,1.48485638414208,3.40300351773732,1.61665634265184,2.26743483348991,2.46882373468914,3.21983436173163,3.06782630465758,1.03752111582289,12.021629810718,2.28479604194116,4.09570074144693,2.74101789833581,2.36047297282242,2.52952773701766,2.25351523007044,1.29903587162174,1.60093106388664,5.60613750235577,2.10509311472332,2.41808657709987,2.79865771328747,1.84989354655739,1.14896751055397,2.14011553248247,2.02538659007484,0.324042851609092,2.60448495511523,1.61215135710282,8.02924073234375,0.321077049167171,2.80610923606051,6.07922210465525,3.58290752723591,2.66787147759362,4.31226596890365,3.33514651444378,1.78574006686166,0.5041643614916,4.02705939822132,1.94654093504079,2.25090644220083,3.38941858459636,2.12577995851044,5.10452353057838,1.49431396651524,3.7427291777409,1.41422400438892,1.59794158991869,3.31073093670393,3,10,3
"2963",1.20790619269496,4.01829577327021,2.78414065452238,1.57840178717928,2.48101608422829,3.66074776394747,2.94324124784107,2.11046047496569,0.637661159107919,4.53647153501193,1.60520545707172,3.11890373345072,6.29586221960158,2.0451051719231,2.28415746212304,5.54287678355099,0.805763124276483,2.04992292236751,12.8955591858589,3.17714737934923,2.27777729189388,2.83242225572212,0.350196143310401,3.91767436708856,3.90184558865547,4.16426949672499,0.770812126325849,4.42756308096354,1.27869782952063,2.20936582393747,1.30761138931877,4.8839613612112,3.98100979490462,2.98544973098483,1.7405169802493,8.61558670863652,3.77747690399522,2.77699835493532,1.38895260386704,2.49294556454002,1.27028962099914,11.7734896632791,6.38056189108108,3.35033130139069,2.52011535502029,3.25886085625061,4.87853756185177,0.936254084092691,1.90128994373868,3.48877683269298,3,10,3
"2964",1.30149952770999,2.08608172873211,2.94907358814579,2.08232756161472,2.95130404443054,2.04834105802689,2.69954165036815,1.82057237603462,2.19579080978752,4.16588522575449,11.5869055750325,10.8591850804938,0.698438144124431,1.88398455945744,9.08735760408395,8.04614969762924,0.789283304058746,1.58795080062935,2.9206268242345,6.21634702039234,2.22336730477758,3.57781271463515,0.830548024468567,2.15326652372568,0.660190184007645,4.31785364892138,1.46231252685362,2.2058623809825,1.62615065708233,4.91985933318549,1.92922961513943,2.53706522757398,3.9066554852389,6.06710903227938,1.86685184385146,3.26024051910058,2.81804788473148,0.984842472432628,1.20048878715419,1.11597436791581,3.29820126467087,3.86344137719687,3.12601249992448,3.71240267643647,7.33780033992816,2.4483104551667,3.47328725623793,0.503367575703723,3.18199912733344,2.31231941622038,3,10,3
"2965",3.32483780219154,2.27560665423203,9.81013216721844,3.09530920740136,1.82639164600569,3.41407642231822,4.04553840878071,2.49897099692339,2.26448971249794,5.22277607312981,5.73718188653067,6.45034667111912,5.20261515037689,0.94558513365424,8.42592226285755,6.81077807343628,0.92797181565792,0.251881163195169,2.99266299637698,12.570499532568,4.39757692012042,3.82680581430093,1.06399165316927,1.79793286893017,0.168300336665043,1.98169740599374,1.52429684852102,2.40892129274249,0.504398985680847,2.39416170359249,1.40045416487138,1.35899326691884,7.86716125640269,4.80827977887386,1.72472275043284,4.15720734387041,3.88486474729759,2.44131141258963,2.22690622086528,0.972791014690437,0.986519602274546,1.62940263110315,4.13029355312941,3.30817508561183,3.29276815645645,1.51688238324091,1.82978802884325,0.886105512277312,1.80637981100681,7.70969468447406,3,10,3
"2966",1.17689356469121,2.6977832051477,5.08282752414214,2.34495510421851,3.65646152355866,4.93771010578459,7.43839177628421,0.11879172663718,1.15474210263704,14.2694965276549,1.47320029782979,11.7883251497677,2.19152361101862,1.75688033760768,1.97875835700298,4.13454438240738,1.15803126290523,4.14789561130892,4.04884420547332,11.9627047556398,3.94134285236646,3.00717411026123,1.48069816877116,3.55613719688713,2.00074517370291,0.850309359039245,0.880623297172216,3.77230555357613,1.27607826259141,2.10790182456663,2.36703951520782,1.15837803267078,3.79157032690494,4.59771131155786,2.09700434891701,0.767781449090355,0.920196085954153,0.665310849306338,0.755390732034565,6.80430052359225,2.43954040744757,3.45250135626711,3.55460250905388,7.55604911530335,4.24213827521708,2.19316174682581,1.33186172126268,1.67851817639505,2.39961242869521,3.61361835714622,3,10,3
"2967",4.59068649276274,1.80034588277164,5.34302634247943,2.00097326218237,2.06744149864121,2.92202566429974,0.171104119745504,1.14817932540311,2.04901782937605,21.1990465237109,5.85539935611875,3.38514758641482,1.91824074028958,1.76131218437022,8.53886313835078,2.91567592619736,1.92107005943827,3.31747356068547,5.20955054786513,2.40768741412075,1.87189458884149,2.81524238050626,0.922413608751452,2.44347866968936,0.454045318498523,4.54089787767608,1.7036000007156,2.07931085270678,5.03649388914316,1.63215982971273,0.349125182007299,15.987525592113,2.27659653121425,3.18171595872046,1.23999191023505,4.09909191318686,1.00439474791215,0.24354494313336,1.06198446496224,3.63085424415352,3.45887951342981,8.97289955662454,2.18563098470909,4.78255303304675,1.71012321782448,1.23380996341085,5.22827489176898,0.589839897185907,1.9470985119121,1.62408973489232,3,10,3
"2968",1.30249772350217,1.13788836001495,1.67887894080944,0.968905329723584,2.09179197973081,1.74759184186525,6.72571502846001,3.54941513689501,3.13162155601351,9.25750416857623,1.74036062069882,9.46600422591026,2.58687494908917,4.18209500288522,7.3737093451086,4.42600315270243,2.69210219999808,2.87853357231843,3.24151093783645,19.7150047425899,3.84682861309152,2.0578213991868,0.928647700797472,7.03082846933167,3.42857117841319,3.71666564268249,1.19873970160236,1.52124663579268,1.80567426763684,5.42306512055559,7.46367408000334,2.45042317967955,2.19411222786741,2.82548515598363,0.501423032655688,1.15931515464557,2.03782815821656,2.51963212590204,2.30491155256741,2.15708478994498,1.01695140326298,6.69847314239491,6.38303202877958,2.21036748327232,6.02752416357796,5.63126717503913,4.17563236946052,1.0466681416233,1.63779412533402,2.51864325956423,3,10,3
"2969",1.5750762293398,4.38926448820316,2.41019776714815,1.0060212030912,1.68036339741267,4.16781616425793,9.84092609142629,4.78643696318286,3.49344796729353,4.65808318395407,7.10358317988472,15.1201816882038,6.81495915926844,1.46819576928998,3.2669304224798,4.58625638588493,1.64976367625005,2.1471373679008,4.05561465196267,4.54849771486351,1.16809128381337,1.88762682466425,0.471001053767475,4.33794693550839,2.9157396638727,2.64250446792332,1.62378110612574,2.27713368435707,1.27698886924325,2.96587873703572,1.86529083288022,2.96617677652852,2.18970829989647,3.69709283874039,1.69045523689242,1.95138108759517,2.23273922222505,5.38985220199482,0.849027964071398,2.05861577493788,1.22240751901247,1.61079774403869,0.842848036309365,6.19564524414823,4.05722279946862,3.01227145945392,6.50043106581382,1.97997337214471,2.81633154520386,2.22780666859549,3,10,3
"2970",1.1967324919582,5.94895642785686,5.20752989098991,1.88203173786626,6.72832753875495,3.36749430189253,5.52688954959523,0.927569028671318,1.11522589287238,6.18336431892077,4.75747387669975,4.41686026403326,0.791375609663485,0.413937182883129,3.69359021906578,7.07717050217083,1.61590636684197,0.202694689015472,26.2124297891183,6.11148624175451,2.42351850846515,1.93569619631853,1.47550982551647,5.09405980850732,1.91395172980969,3.41214516574407,2.6014933472295,2.85506878686879,0.561740845112399,2.3667194173621,0.547468087786625,2.1116047939189,4.4389347479533,4.689452441245,0.915679824188354,4.26335066663581,2.42743051391112,4.02599064329987,3.52199898409905,1.82127953426841,2.80124493402309,4.15802276730987,3.87517016212333,1.77565972205957,2.5451811716201,1.59194999417364,1.54501268922628,0.879683705712316,2.83203431245115,4.64892812852466,3,10,3
"2971",3.4406439626307,3.63184710798322,2.652298910789,1.58982552476157,2.38931672332649,1.54158307239069,8.27642344555708,2.03176835705493,1.75097240766526,3.64558293995501,1.06290340023545,2.27337965270913,1.43044569925524,0.885143346974147,1.74137624214181,7.90863967122291,2.75058156762767,1.96772655761984,3.14382203296006,9.91577774791748,0.839300415542201,2.90336590329061,1.8561474984361,1.3409327735729,2.56797354149869,2.47084602259114,1.30401775863796,1.50822862707397,0.971139410392251,1.76021421592408,2.99147742773895,8.94618878598033,10.4485919974161,4.4729221093739,2.86983204416535,0.430796589024131,2.83858234793818,2.06943598757009,1.92598381784799,3.54037109787434,1.98605569959964,3.57859620615336,4.62447675934794,7.59202852528988,4.20580578282939,0.807709266184552,2.31398921653142,1.07868093139681,1.1296215376811,1.45860873972623,3,10,3
"2972",1.10122527943457,3.64714702813852,2.30594989424481,1.61639754094976,7.64218794796701,4.06630018805831,4.58722643972205,3.50376980957141,0.760932853872118,2.52416226489074,1.22760917916784,3.05530081433556,2.42145706178075,1.27855611119178,11.1773919034752,8.635051303539,2.21556051804701,1.18107192340781,6.7717205907038,3.73756512394048,1.80796397641161,4.32873248056977,0.474743564305974,2.20216526880773,1.71576316909935,2.16589653688761,1.98857114755782,2.00609850582823,0.330717726612545,2.63605712901937,0.17393741359648,8.19109905764163,8.48709181839997,5.58796695585543,2.2803621952677,2.00704472380279,0.916839088222494,4.44887279538184,1.5024546238301,0.665054347481759,1.96158698688554,3.01767242544967,2.45321215914956,3.9612124637447,4.21581200338775,1.41031820558937,4.54105218760765,1.33288733373417,1.76513204535957,8.65481251785726,3,10,3
"2973",13.1961594558854,1.13072743141788,4.00813718677162,2.53392587799726,1.75224387403825,2.44543891709919,8.13057731194361,3.84058556906903,1.87403544476144,3.89364511341211,4.2377039227444,3.72902868769921,2.80180376494108,1.33577042841479,2.88443516784816,2.83128726307984,1.280116529568,2.18553469145498,7.91431204437372,2.86724920145131,1.49907039222337,2.73414712552196,0.623996084030933,4.81200250904462,2.26651051355628,2.26784691893071,1.17873863222241,3.15062546339337,0.624299411549392,4.1139715643767,3.1576461968877,0.784571811049977,4.7163223020168,3.62823811449005,2.32711324069698,5.0977414419293,0.418545977491921,2.39803783440599,3.52608466308368,2.83514766060697,2.35769465359484,3.50489721501573,1.59345674338173,5.74350110374412,2.71250067810244,7.01253784327723,3.97823803152886,0.804403715374787,1.41599817833016,6.03341539372449,3,10,3
"2974",0.859068493254708,2.19026887049585,3.14116002168445,2.44873275791255,2.94760765279744,2.36444245508325,3.9344687056594,2.44412775268069,1.92730101501815,10.1731181102476,2.22343198898265,3.29951948665038,1.61528284471233,4.21963388134907,3.23421303322042,8.99474979794064,4.46030496429091,0.439130906674607,4.9952277217474,3.02636214985698,0.821136214018381,5.35838091601479,0.845522789615951,3.8973173351923,3.38972489078786,3.15561660999775,0.466186715797958,2.31244856724861,1.34630405538543,3.46316949993968,0.464782641806965,6.60877506841724,4.39329361880009,2.798137255471,0.500344135835347,2.97800822618588,3.49498757851141,1.34791116330472,0.952465502480689,4.09946202609534,0.895590524656406,2.9947641656211,6.78437819180143,3.50085005179316,3.50778959491968,2.4735460052785,5.15135365659617,2.38965604813886,1.15100730615801,2.73489513180503,3,10,3
"2975",2.8575505997222,3.11386648715156,3.38815311112322,1.54825134063867,2.66850662772623,2.41126390750632,2.22864771386702,3.85887710873978,2.78992351979033,0.918224318641287,1.5849256349686,7.69802476143439,1.03814581447456,1.51088739485573,2.62179412569351,7.98110666851961,1.2138726136865,2.48586495530603,2.17714109577129,3.63583074970774,3.23990930444231,3.16516240249207,2.23337351067544,4.83204892655689,2.96118856750205,2.2431175798523,2.69771877014222,2.11694415308424,2.40022042913655,4.59530579441182,1.2569089837802,6.49171345459947,6.31424532726667,7.00408992314136,1.60962386790773,4.59865017996999,0.637845302529759,0.28692175187362,1.45491650301621,1.78156263122341,0.926055408905308,2.05909749894853,7.12369414079978,5.78849783588709,3.45056934444072,2.57785363607482,16.0045776518766,1.50107490098342,1.97857620678221,4.8481825371828,3,10,3
"2976",1.12760611384016,1.74151495661819,4.02795880616695,1.37298126898787,2.48343717108505,1.9410616732016,6.60856453610981,0.966454570303583,1.75207439181373,11.7550692545604,3.63445111720915,10.6095260296145,2.31121736158507,3.66435561811573,8.29510517369169,8.59827728270649,3.55170779040648,2.65285148316676,2.87414888325355,3.79535034537788,2.16735349770573,1.95890732643382,1.3744608423541,4.07622550503174,1.57050934527698,2.12979476263557,1.37072964324752,1.16713078193795,3.11781950115729,29.7892806857506,1.58907524268547,5.88693565159155,3.13422817746236,1.79629935546989,1.10058401500226,2.27548606395107,6.26766673098259,4.20326757616279,0.673951987039132,1.3797178520879,1.0035907911632,2.38960741190612,4.29930736258508,6.46018254570869,11.3783756166414,5.20602445913466,3.17712030124449,0.0713164615644192,2.25642740464583,5.6159549055668,3,10,3
"2977",3.48159601561347,0.774971586543245,3.61023037469017,1.65277843935345,5.93212375093269,2.54670841748056,3.12425718237167,4.6174612851261,1.44618662573368,4.77348241529917,2.33522405873205,10.4393188261398,2.55452978887748,0.484364237178917,1.96873153145294,7.90792340673771,1.4372840836191,5.12857704549261,6.69910997856422,10.2260085856756,3.1958247221345,2.76857400005794,2.20672899418248,0.954813494383062,2.18678398644589,2.92183244435711,1.49969833068273,1.07679396962214,0.645469775584235,3.95663537518266,2.19203421779391,2.99948155233715,7.87476528637939,4.88678900072633,2.02344722096803,2.38299114217553,5.10431193972441,2.14596950166295,1.29960465939106,3.90084234346208,1.75080977061833,2.33657816246871,9.385530615918,3.20578208015385,3.19903174135116,1.4185767922137,4.64754511010031,0.820341117373293,2.23614506374547,6.49971196624255,3,10,3
"2978",1.35072081433783,2.63996836491635,1.10211479522885,1.06194643041464,2.97506200267046,5.39340767513285,2.93614128325487,4.08535043558234,1.73141906356506,6.00331044736546,2.20145652080862,6.18206218680906,0.965919197710547,3.48367791705102,3.01056410912964,8.62037950368353,2.43301727713584,1.66257440813044,6.40561329278326,10.6972737235374,0.75312604406048,3.96728589120636,1.43277353177895,1.29169305652472,3.18870985294964,2.97596797093002,1.25825272476722,1.80770088128856,0.574855161681349,5.56004862110348,0.936333917344327,5.67605876079566,3.56236250506841,3.86019212502392,1.69523853274887,7.41899879523347,3.07898554700614,0.586798862295769,1.7233609641945,1.69413925243819,0.91006331909123,4.21396311209793,7.29127546603862,1.9088534613251,4.76798671630083,3.29921543391697,4.22717986054268,2.09805678985074,2.26836002823169,2.37251278773058,3,10,3
"2979",2.08000939320026,4.8186949431458,2.39854957302321,2.40097994480677,1.53908899045795,4.06145178955136,2.26286533899728,3.51489831561516,1.45512445563326,1.33245772431221,0.791007580260307,2.07747789686889,1.26326879952642,0.319220297648089,1.2134958603928,5.69923695304174,1.07257901124617,0.693314884521736,12.5884862773099,3.24026961014249,2.12507848492199,2.11704839421301,0.938657713619801,1.66890647776532,2.69439263751067,1.13123239479107,2.24870082254424,1.20761706425915,1.29809588801737,1.6894300867485,2.48872268813525,4.1931563575595,2.04813569792935,3.2690611325709,1.50554327968751,0.534420675108727,1.53827629221124,1.9253465479771,1.67197105149053,0.822521210824656,0.529274362622289,3.26423726335661,6.8094266627591,6.97521940037048,3.25756352566712,1.58534480391908,6.58106153948373,1.43248909876812,2.25902952619339,3.37493931356298,3,10,3
"2980",1.3615975345559,7.39870223818417,10.2889512837519,2.48110599232822,2.66597302218158,4.38654376307092,3.85756877572365,1.42703272454721,1.47961426378541,7.17649732099164,5.9631630888458,4.7696739053117,0.376497298345355,0.65157946550337,1.49480086768149,3.20938587921278,1.77060599702191,2.53610961596517,12.7916045412968,3.34199812510726,2.20145581362838,3.62401804328404,1.31409193084838,2.41451847070158,4.19038329706082,4.29698151953157,2.52752369331757,1.96115318859111,1.5888920235209,4.9738245081695,0.526517821492605,10.7450128224988,1.6342572807494,2.69537598696969,1.47140098452702,1.60108572137977,2.69548460066769,2.78843565390683,0.47745851280884,10.4936740533315,0.903789044475941,3.26927787834967,3.71064788382868,4.88981583222178,2.01365761419027,2.32114955648682,5.67047192632984,2.16691479290288,1.34865955948078,2.33389674964192,3,10,3
"2981",2.48849350128947,1.63534349288487,1.81672392615172,0.986855712744852,3.66909253537891,1.35196211898395,5.37739123915009,0.826672423324041,1.32901537422124,8.99857692241163,1.27185707253819,3.32783216260047,5.55760886806288,0.805918497609826,1.65930417168672,8.90175696912214,0.375684590379272,3.92640229956613,6.1748513837154,0.638862899313355,2.24818437622259,1.35625706010379,2.3305305741245,2.17098941702331,2.07718556091004,1.81101325479932,2.03884501340798,2.43703984908889,2.15752953887435,2.26842398601715,1.04949705381115,1.88675485804583,2.18454374269025,2.90414179555244,1.30721057681784,1.73441055415397,4.30890589939171,1.96004265139457,1.50401966822294,2.46063415750156,2.56422299221113,2.1213648914849,1.9288838140401,4.59927556623093,4.78125383002575,1.00892205833836,6.78240981480181,2.35587423268287,1.97916749085126,2.07165637147711,3,10,3
"2982",1.63979231372225,2.09363319678541,7.92674216458829,3.67084968408257,1.4400436351078,0.759560376167773,5.07507329721608,4.00004060108202,1.94391557414912,3.68274420611941,2.43919766368211,6.03318046063781,5.2227402288707,1.4442051582771,2.67515826542549,3.0863306519527,2.27740351245523,1.75984909842337,3.71511571347434,1.2504391620666,2.7102049153945,3.14254108590052,0.615229848692638,6.74746638020761,1.91914002015485,2.45933419847165,2.44001880621244,1.23336690122412,2.9302960831727,4.8291514496553,3.3360351882482,3.12689432194283,3.20052608507825,4.19273402161134,0.53559374591343,6.97701171288071,3.80372670144569,2.25081885792954,0.64791280776509,1.13421766709294,1.99822670779344,3.10055175873576,1.83793170718412,22.4090417826352,6.14049734294873,2.13983562526257,3.78935654857742,0.689713242239578,2.36724553807141,3.60083422938008,3,10,3
"2983",9.65555901058915,1.98315154235009,4.94902018734429,1.02570263801842,5.77373931771525,1.66500833644656,2.38009815472555,3.81330607778361,1.31965197374376,2.9578654444608,0.880324139159711,6.74718007472415,1.38136551274111,4.73242084537906,1.51535624902464,9.00900869186649,1.93143879268914,2.3747641036146,6.77047120196529,9.38426367801507,2.04949669803216,1.21864421394411,0.674830436865123,3.37183524900074,4.0724536677882,2.14176469591515,0.705454057904585,1.01768890317573,2.67974469488488,1.20281901577647,0.539306232783444,3.79468602806772,9.51507899550643,3.23470119871224,2.43930448923948,0.954987541609919,4.41506393226329,4.08979397209323,0.274299427662363,0.457369070731999,1.15276817104352,2.34603940552695,2.2310450972709,3.5991048175082,15.2202458386633,1.73353795484701,12.4773323514729,2.32211277420141,1.31714013257785,8.1959490550763,3,10,3
"2984",1.88356874373029,2.42639754965974,5.01796013384253,1.90685745498354,7.23088865844928,5.43025512535006,3.67506453908682,2.63397431515664,1.36213951219803,4.62489300976282,4.15994439220581,8.37574103999223,0.709756129498796,1.36983473108137,5.45905957240276,5.65217905760498,2.78391352107809,0.825447477901721,4.58119389735729,2.1862178136325,2.03998267967596,1.58116722152112,1.08022383582895,12.5798126045474,1.2915125946339,6.3277605060863,1.97034360245417,2.07464160949299,0.905563283905251,7.43804064854761,0.119722007033815,1.94712737419213,1.44417376115744,0.526313793081551,1.05228250140226,4.86901531699722,1.02982398469053,4.98619752615537,0.331677935097863,3.13406187695977,1.21000274739317,2.03635920643191,4.52292005589936,2.67600813195344,4.3640514228098,4.44818704439617,2.92217489226535,2.42026823424423,2.97689950994822,2.80936730458374,3,10,3
"2985",2.72433483151356,6.43868010366506,2.46851331265508,2.95617730336085,5.1040236775729,2.21041252376741,7.55269008226406,4.91664058892536,1.26489926180181,9.1829363612043,0.303228651579096,2.36197019499978,1.80682400452056,1.79898889219187,5.04136391159295,0.91102007478106,1.96294051758722,3.00832415406228,21.8966998538704,7.19796793685412,0.907071340800692,1.04024774794969,0.182385401572353,6.11236751933418,3.80041991160656,4.21435407183466,1.0389439894608,2.23919161415233,2.22446019286874,8.83784740019663,0.302635811106658,1.29783671430666,1.6991647414941,3.90958256722233,0.569106228140065,8.97738636421428,4.47836547488064,3.42600795824491,1.04200124321084,0.719901554372391,1.63405475510283,5.90558737515754,6.45308212656437,3.87880586249399,9.10053254138825,52.2534916792622,11.0759250961254,0.898406166791991,3.29601930002584,1.3539456531948,3,10,3
"2986",2.09499817265157,2.11218593878092,1.89692017399286,1.56344350880057,4.89076096882829,5.06237457490326,5.30690253095264,0.472660202225638,1.08650866724163,8.60686023811815,1.97070879339315,3.10086438255239,3.25218274469191,1.23841433729918,3.23731444833492,2.71131851561258,2.30632518654688,1.69865448918632,22.1507949727503,4.18159459608385,1.37914889398235,2.70368302609369,0.510263276184996,1.48478011705883,1.29848601681575,1.65706960580968,1.30593641797634,1.40308751349698,2.8091614875029,3.45491866289789,0.235419106039045,3.31995248152373,1.85065443211036,6.43491962825469,1.78390113164421,4.53676080886514,1.33133415423729,2.22579565606968,3.33103398163966,2.97485758336675,1.01681473476569,7.27541049113917,6.5540945353515,11.6969396785362,4.6816902825789,3.30327378738293,70.7068981808618,2.17981688647663,1.99909402425985,3.51297093142252,3,10,3
"2987",0.791463919252288,3.55191456987352,12.6986505020736,1.81051032786118,3.32806654402189,2.55296950367901,1.59677974768662,3.57295053973436,2.21769982880839,6.69781569978637,2.17879742230251,10.6905799163262,1.70739572142363,1.16040757172174,1.28060566785106,4.38184706603438,1.64784216434361,1.44026453784182,11.503755769041,3.07056687129056,1.6557806386926,2.30803142226047,1.60654579186693,2.76403970676189,1.61614684442825,3.05626127560443,1.61173942858338,2.39114457650429,1.4809513534293,4.78555173746204,2.72437740284795,2.22776364603724,3.13367810714017,3.26695564535346,1.45404776742078,4.94052668702991,1.83820819241714,2.73237315799599,1.16829822628024,6.79914463225013,4.28348907567077,2.94731909902523,4.43051150650093,6.33867491171962,1.09819168584317,3.70042338920086,1.59023054996863,0.122873234512237,2.16561891827367,2.32373391523285,3,10,3
"2988",2.62940775039614,2.22533775464221,1.14716075906873,1.85623459204818,4.78052606889342,14.60571070377,4.52166620712982,3.28623435084058,0.903307633085296,0.95336836716908,1.00668117276748,4.78659694560904,5.57111309949827,1.07457303334674,1.83319256996561,2.08387334670002,1.19746942469275,2.44072890111203,2.08872683998288,6.46654186614508,2.6396864871034,3.52568121093997,1.30244712276573,3.01591248780177,3.00551533026551,1.35140695240746,1.7941449852815,1.76227436347524,0.839677809391632,1.52696122120956,0.965534343512281,3.7080787125694,1.52691726257608,13.4854214334378,0.822838494410113,3.41268687704303,3.29464271838209,3.59486455817032,3.58225610917571,1.53591606807083,3.79339318616754,2.61596077266981,4.10484227862774,3.38146933584082,5.86660757404254,4.46660442738378,3.52852012852138,0.620341441651206,1.89115452272052,1.64958990996608,3,10,3
"2989",0.717084028920316,0.980368329747636,1.87216605934782,1.13057084433605,1.63590881290654,2.068101452906,2.0228924721426,1.17997062018272,0.922969862321045,9.46056373718308,5.70504786066785,3.33007948444802,3.73805149657145,1.55927027085852,2.10478356229357,4.15077172907701,0.598755662520448,2.97265403369093,6.55477461134219,5.73279957553032,1.79858078651119,4.16188164695227,0.117038442144186,3.38688264601435,4.42206264339271,1.88499652089365,1.57085931653934,2.11186978971062,1.83205348907841,4.95845338031449,0.467349485134811,2.48681830105367,5.41231471079891,8.25368860359282,1.08184664510517,2.72740882536411,2.97589336310715,2.17911695415373,1.01482976736131,3.15783387790624,1.78612856660913,6.99502282680509,2.18787940951372,4.21854516927806,3.23823178899899,2.52313976170847,2.92507592017926,0.381594484509469,2.79881634806592,9.05733883409954,3,10,3
"2990",2.21957239243183,7.01205056096262,5.28104300657106,1.69565640216408,5.08226845763946,2.58895935192971,7.15520853782018,3.84241253912578,2.12850645377272,4.3826217303452,3.32306030071992,4.37174806058561,4.48283975171242,1.05330105886419,2.44766246481397,4.61655530646255,2.1269937302666,1.13566679034874,1.97221240761763,2.60240788560695,4.10885690601571,1.96313130778367,1.84858226932389,0.937855134629677,1.49895531030874,3.74948777634581,1.56244661766844,2.99701135665129,3.83344254248793,1.7543008823621,1.67796019410485,4.13979443380922,10.3104279840408,4.83258203816725,2.08906669304251,7.27276143428671,1.2104181504511,2.50302714876558,2.02282871749943,3.06476645051648,3.14543938555524,1.12978699223296,6.47441977729404,7.50753806861242,2.3809867015217,4.00718892528577,3.64265566441485,0.503631566290439,2.33769773348326,10.3943946619329,3,10,3
"2991",2.40262981901045,4.43626130206026,2.24556168134012,1.73568341352283,7.76002534421785,1.03512599277018,3.32523123658217,4.66318293135027,1.63470797616985,19.4628770867609,1.57035564195963,12.697451104318,1.91347560132747,1.53777694981779,2.04962295666932,4.31034164502977,1.0659434671025,3.18321460203611,3.60113226329044,3.34944486158641,0.991018195019256,2.55256350076036,0.533481872137157,1.89570892093741,2.76645808878663,4.33901345412923,2.61285777066465,3.01312829299784,2.23589446827569,8.03192247699235,0.61333349141375,3.7471230413187,2.02029620728195,2.59628976790479,1.97299165863488,3.43204327475493,0.589096701587103,4.32363392558584,0.452046961516149,3.2435168099935,5.81151370715733,4.72243363756801,6.25368292637799,3.15744676495575,7.95469105368471,1.44314071528758,3.85256988844695,0.0615120065433251,1.6840875550111,2.3520860545526,3,10,3
"2992",1.25585049313074,0.960395250049303,1.90162487176885,0.907736775905034,5.81373789789452,3.20950981789903,6.42030311571202,2.79374559013066,2.31709811858232,10.4720322419652,1.86321825007899,5.46651338372338,2.66121931254889,1.91937397894556,3.66594117832721,4.71621959938158,1.70141718367946,0.482379969910844,11.7159768964295,5.19970675432665,1.04359731084807,1.8253615957597,2.1634639960456,9.28779753236226,0.689847536505745,2.64970754059068,1.16391464981341,1.43193266665329,0.645845840153014,2.03068278340219,0.597576451400634,2.39261158308807,5.61559094899379,3.86494683887985,1.604732514349,1.85676977899778,0.255645533411513,2.9948506530328,2.77969720729902,0.347505311903556,0.75611981845607,3.27814345799352,2.76527113368978,1.10408585378061,3.11437788508003,2.04383077456422,3.03489573934885,0.58497525797525,3.12844966452433,1.06552621794641,3,10,3
"2993",1.25783327253909,3.48668821186367,1.19551304134102,2.05360612862332,5.01633481654021,1.65323351095424,0.707218821312212,3.83114617567464,0.576063750331741,9.13349317657832,6.64432391421114,10.7305306168792,2.68217236947992,2.42667551594747,1.92126582257633,7.66706099951824,1.07792326542364,1.4031891649321,4.44185571290169,11.9483024670528,2.28560548690385,5.89851132980359,1.76379015326794,3.72625794667909,1.11710149596779,1.49832039510189,0.307401893981411,2.6893153834303,1.1072833886363,2.28388279205576,3.04632853193956,7.13261808073266,13.6971908669607,6.11208665126696,1.24257101488896,5.55196485857563,0.25838485331441,1.73659182602454,2.21032217911378,1.0712348200015,1.16078800256242,1.42166041923609,4.2612366092862,1.63689718484392,2.3036726806709,2.04345436447172,4.92074860669204,2.39197885348509,1.83199978568163,3.03043086812714,3,10,3
"2994",3.56078619959291,1.03974922408237,4.08865459610797,1.0643952495813,3.2071477473544,5.57330997333807,1.45109922018862,3.91564418576532,2.53225764535322,2.12767329695589,3.26003894770261,4.5309910809348,9.79783899252034,4.23630989105684,8.22156806707164,5.9070874351793,2.71897448650225,1.02360768488463,3.77461547011223,6.12062340768751,2.33606715662001,4.14228906311581,0.762490963292794,4.74370591997917,2.74870855291383,2.74242263493078,2.2695315581047,2.81958116476636,1.20499079479865,13.4890064169282,0.92783041146451,11.5943643561668,5.06272058024221,8.94026163252616,1.25669672455328,5.5382037424627,0.781537731900042,4.25897217533517,0.974180237771527,0.910719526225568,6.73769309677874,5.97964246432346,2.28534164378583,2.82213318367167,5.48447155926176,1.40272165673878,2.15761574469154,1.49752702878603,2.03305643125888,2.95173505825921,3,10,3
"2995",1.46589455274939,3.98571085134044,1.52623966505975,1.93323818938947,4.59230935871559,3.36949336311227,3.6206501657902,4.14202705589161,1.80328844741184,5.43221396169275,0.873633523053055,9.05064122148966,4.67467368555912,2.98622195192801,2.6162915442026,1.86467723791537,3.29031582329994,2.80956214164198,13.7206376010292,4.49621075806882,2.79381050899041,1.49056709562753,0.639259307174382,2.91598718602399,4.30110251073119,1.07057244288714,1.85521096757656,4.93474601539912,0.662157204443988,4.92098937179826,3.07568313413396,4.49703651880213,1.83636133314527,11.5126614259533,1.28320905441668,1.83012914834567,3.18920755076004,2.87263455111815,0.697588892917764,2.60242904120679,4.28845778381729,11.099731696278,6.0441914089702,11.0464972935261,2.11586033778854,2.3766058121973,2.08823860947432,0.765359315123541,1.73471010377671,3.63097208623966,3,10,3
"2996",1.92862998176468,3.86324081217008,8.53039039900917,1.84818051485602,2.84083817151109,8.24228966118918,5.6245679055497,2.92517284035689,2.0855528491529,11.4144761157805,1.84401018087441,5.86189273186306,1.25191260243183,3.36767098350112,3.04863773762536,7.09869664741111,1.17953497546351,0.781781672257531,3.16582933628159,2.78246660715544,1.02523452008925,1.57077040468481,2.82785433403606,3.8577106909189,3.99203181476969,2.76671806916814,2.33817300946196,0.585027671205264,0.790030122746368,3.12950781497573,0.676962058543034,5.52475431766771,3.01689218645766,12.8183186329197,1.56181153775106,1.71310166228056,4.69977853067894,1.88061522633565,1.28638708873632,4.78198433761147,2.03095197343485,2.84633231526775,3.8462602872506,3.14553869475811,2.70478511836255,2.03647876120994,2.85738573213177,0.948490212594433,2.88665696070315,2.74247067258708,3,10,3
"2997",2.77569247383402,4.1089747382831,3.9070212343775,2.09263594593352,2.3651632558649,3.20410701158482,1.26649677866586,3.62574409602865,1.25439241651947,2.16356530420732,6.30865594972988,13.8699678570215,1.06260802693681,3.19610038589308,3.29573903828908,6.37186890155208,1.85229502974005,3.75479081290115,19.9073334120016,5.27267561189941,1.88103315669906,2.22710495900897,0.544683206403464,1.65601321839745,2.46692908774046,2.10329594527819,1.12903230750516,1.01297596423844,0.641017024504615,4.48311023535353,1.2388413630465,0.764930948678029,3.03956429064782,3.75200645188038,2.93774655431318,1.88795587017232,2.76582287017117,3.26963725544232,1.93194958049163,1.01133639205041,3.06264169073067,2.3426512332926,3.57760592767918,5.03822485613611,7.54869524245092,2.26735861249458,0.904384686601142,1.64193150131663,3.37651633525422,5.53389526547957,3,10,3
"2998",1.63943018821077,2.46729887694557,3.63165564236483,2.95992322615317,1.99340907770461,2.11772157772072,4.23887596095623,1.82302181282386,2.66085230634467,4.71304197965219,1.84298009562388,1.57629938918297,4.0115156675489,1.41948912259041,2.9508623128213,2.49421964008386,0.915028776803672,3.69231851741259,3.83512872360095,2.06473600589169,1.60542272363743,4.93736825874254,0.881540717793801,5.06597139776651,1.67934996180786,2.63652482774069,1.92354448991644,1.95044525776759,0.528431143612763,1.04468038425495,1.38682907774009,6.00950168512538,3.03599073956581,2.30020734988094,2.63035566271575,5.34590997480202,0.749293485102547,1.12711755817439,0.311974930683602,1.62478355617338,2.326172860915,4.29965408547668,1.00601335134293,1.50804580749511,2.88849034444728,1.58389371569674,2.08533643253684,2.06631144890963,1.13734382752812,14.0889387188899,3,10,3
"2999",10.8819858340221,3.5444293297583,4.16883690647039,3.65265548129274,3.48209299192781,2.20668017117588,1.62641653440092,3.83018446770078,1.06224135413789,13.7644647266916,5.47187162362017,5.31694771068906,3.26707998679368,2.37814659639949,5.28335621524272,3.49614451593935,0.615318050025591,1.40469240166495,2.64064312833817,6.21009896557908,1.23868280464843,4.51674078157593,0.695500274049474,4.49358927879602,2.69246985650972,5.06492078430556,3.00636021688451,1.57203789759712,0.7316291799358,0.746269547727758,0.327628655491309,2.29551759362292,3.4162873308527,8.47177374530975,2.32781209646277,0.501275327042184,3.41023755563822,1.9435164145601,1.10769252103195,3.86088571312341,1.88100676521701,7.31029825395228,4.25995205673972,3.23270788404586,3.37187673608982,1.38922798150711,3.07897464284736,0.851182987698793,2.45264291686149,3.22568744968888,3,10,3
"3000",0.263447594563206,0.356992807115577,2.0917597625461,2.3328204563827,4.27829321650676,4.46879220034166,1.50431269437703,1.89865454676096,1.83716905928888,9.71043761011769,2.89587194743962,4.11573006921462,2.36398434882075,3.43904825453689,2.33644842069882,5.87631738876652,2.15354872141371,0.47854567371227,4.0715765543344,1.87893017311031,2.48998107451432,4.5144386241974,1.96033337728252,6.26276365205812,2.14174283357527,3.35064522981367,0.483317586010175,3.00618902987223,4.28457191598163,2.07104481516589,0.513724069368375,1.28257360979533,3.41505542550387,3.36100117850931,1.24089090066185,1.4877475521106,3.74357342694746,2.98844660107019,3.47985293877072,2.31127276687991,1.51500265405717,1.27428638015907,4.77444716465745,11.3599154574253,3.3767599360135,2.36307887895724,4.53228072185516,0.324775769777721,2.58029583153085,2.21983096550251,3,10,3
